2 638.5625 0.0 52.8 70.0 1.8 0.0
2 781.222222222 0.0 67.2 36.4 7.4 0.0
1 1194.32 2.0 57.8 61.4 2.4 0.0
2 828.928571429 0.0 57.0 79.0 5.0 0.0
2 855.888888889 2.0 67.6 59.4 5.4 0.0
2 1809.94444444 2.0 62.0 46.6 8.4 0.0
0 197.5 3.0 41.0 60.2 1.2 0.0
2 686.875 2.0 53.4 63.6 3.2 0.0
1 813.714285714 1.0 70.4 73.2 7.4 0.0
3 446.5 2.0 65.6 74.6 4.4 0.0
1 553.6 2.0 52.2 73.6 3.2 0.0
2 978.777777778 0.0 57.8 75.4 10.6 0.762
1 605.666666667 0.0 60.2 70.0 6.6 0.0
2 1590.64705882 0.0 63.0 70.0 6.0 0.0
2 1243.2173913 2.0 64.0 63.0 4.0 0.0
3 506.6 0.0 51.4 71.6 3.0 0.0
1 585.909090909 1.0 66.8 72.4 7.2 0.0
2 749.941176471 2.0 57.4 81.8 4.0 0.0
3 1835.0 0.0 60.0 78.0 9.0 0.02
3 628.75 2.0 59.0 80.0 10.0 0.26
0 470.0 0.0 56.2 80.4 3.6 0.0
2 1746.5 0.0 47.8 69.0 1.0 0.0
3 681.5 2.0 71.4 67.6 4.6 0.0
1 1980.5 2.0 55.8 67.0 1.8 0.0
2 706.5625 1.0 69.4 72.2 6.4 0.0
3 408.0 0.0 56.6 73.2 3.4 0.0
2 2057.14285714 2.0 53.0 72.2 2.0 0.0
1 793.4 0.0 55.6 85.8 5.0 0.006
0 361.25 2.0 69.0 76.0 8.0 0.0
3 451.0 2.0 63.0 74.0 6.0 0.0
3 775.714285714 1.0 64.6 71.4 6.4 0.0
3 1424.2 0.0 53.4 85.8 3.0 0.0
2 601.076923077 3.0 50.4 66.2 1.4 0.0
2 1408.44444444 3.0 52.8 78.2 5.0 0.0
2 739.4 2.0 66.0 64.0 9.6 0.0
0 1084.0 0.0 55.4 72.2 8.0 0.132
3 498.75 0.0 47.8 69.0 1.0 0.0
3 1179.25 0.0 58.6 71.0 8.6 0.0
2 960.473684211 2.0 58.8 46.6 3.0 0.0
1 597.157894737 1.0 77.2 53.0 6.0 0.0
3 329.0 0.0 47.6 69.0 2.0 0.0
1 740.857142857 2.0 69.8 67.6 6.6 0.0
3 904.5 3.0 52.8 78.2 5.0 0.0
2 1326.45454545 1.0 64.4 66.2 7.8 0.0
2 1773.0 2.0 62.8 50.8 6.4 0.0
2 779.666666667 1.0 69.0 73.0 6.8 0.0
0 462.0 0.0 69.4 45.4 3.8 0.0
0 471.0 0.0 53.4 52.6 2.2 0.0
2 1926.66666667 1.0 72.8 64.2 7.4 0.0
1 572.607142857 1.0 75.2 63.0 6.4 0.0
2 519.777777778 1.0 75.2 63.0 6.4 0.0
1 989.380952381 2.0 55.2 76.6 2.6 0.0
2 912.846153846 1.0 69.0 68.6 8.0 0.0
2 622.388888889 0.0 53.8 57.8 9.0 0.0
2 1920.58333333 0.0 60.2 72.0 11.0 0.092
0 376.666666667 1.0 69.8 70.8 6.6 0.0
0 399.25 2.0 69.0 69.0 8.0 0.0
0 330.0 2.0 64.8 71.0 7.6 0.0
2 768.285714286 2.0 69.6 68.4 7.0 0.0
2 1053.47058824 0.0 65.0 64.0 5.0 0.0
3 2307.5 0.0 50.8 71.8 4.6 0.0
0 489.666666667 0.0 49.6 73.2 3.0 0.0
2 3379.42307692 2.0 64.6 73.0 4.4 0.0
3 464.0 0.0 56.6 71.0 8.2 0.01
1 658.6 0.0 58.4 65.8 3.2 0.0
2 3371.375 2.0 54.6 66.8 1.6 0.0
1 529.0625 0.0 57.0 76.0 3.0 0.0
2 726.666666667 0.0 56.0 72.0 15.0 0.0
2 1900.55 1.0 77.2 53.0 6.0 0.0
1 913.342105263 0.0 51.0 72.0 3.0 0.0
1 695.222222222 2.0 68.8 64.2 7.2 0.342
1 5119.0 0.0 50.8 80.8 2.8 0.0
3 698.0 1.0 65.0 68.0 10.0 0.0
2 684.3 2.0 68.6 64.0 5.8 0.0
2 693.272727273 0.0 57.0 55.4 3.2 0.0
3 829.0 0.0 68.6 59.6 3.6 0.0
2 436.4 0.0 51.4 77.6 9.6 0.268
1 657.239130435 2.0 68.8 66.6 6.8 0.0
3 854.333333333 0.0 59.6 63.6 2.0 0.0
0 221.0 0.0 52.8 70.2 6.6 0.008
1 912.225806452 2.0 60.2 78.4 3.2 0.004
0 415.0 2.0 60.0 73.6 3.2 0.0
1 555.233333333 1.0 69.2 67.4 8.4 0.0
1 1005.29032258 1.0 68.4 65.0 6.0 0.0
1 806.375 2.0 59.0 50.6 1.2 0.0
1 490.777777778 3.0 50.6 61.4 7.4 0.0
1 6358.5 0.0 58.6 57.6 3.4 0.0
1 336.0 2.0 56.8 83.0 4.4 0.272
3 537.666666667 3.0 52.0 64.0 2.0 0.0
3 679.0 2.0 61.4 61.0 3.6 0.0
0 420.0 0.0 58.2 71.2 8.6 0.0
3 1027.2 1.0 68.0 73.0 11.0 0.0
2 2622.71428571 0.0 52.0 86.0 2.0 0.0
3 580.0 2.0 58.4 70.0 2.8 0.0
1 720.333333333 1.0 62.0 68.4 8.0 0.0
1 781.454545455 2.0 60.0 72.0 8.0 0.0
3 682.75 2.0 67.2 35.6 2.4 0.0
3 1016.5 2.0 55.8 67.0 1.8 0.0
2 2563.92307692 1.0 73.0 70.0 8.0 0.0
3 432.333333333 1.0 64.8 65.8 7.2 0.0
3 346.5 1.0 71.4 69.4 5.8 0.0
2 664.5 0.0 51.4 71.6 3.0 0.0
0 512.25 1.0 66.4 65.0 9.0 0.0
1 1666.63157895 0.0 58.6 75.4 4.8 0.0
0 596.75 0.0 47.6 69.0 2.0 0.0
1 664.296296296 2.0 63.0 79.6 6.4 0.0
3 1650.6 0.0 62.0 63.4 4.6 0.0
3 1019.0 0.0 59.0 73.0 7.0 0.0
0 2496.0 2.0 65.8 68.8 5.6 0.0
0 538.0 2.0 57.4 81.8 4.0 0.0
0 394.0 0.0 60.0 45.0 7.8 0.0
2 4583.0625 3.0 50.6 72.8 4.2 0.0
3 2214.25 2.0 68.0 77.0 6.0 0.0
1 7004.8 2.0 61.8 59.2 5.2 0.0
2 1370.44 0.0 58.8 61.6 12.2 0.016
2 932.8 1.0 68.0 66.0 7.4 0.0
0 362.0 3.0 58.0 76.2 2.8 0.004
0 1050.0 2.0 64.0 73.0 5.0 0.0
1 1356.5 0.0 52.8 62.6 2.4 0.0
3 5008.0 0.0 51.2 61.6 0.8 0.0
3 421.25 0.0 58.2 71.2 8.6 0.0
1 487.787878788 0.0 55.8 62.0 6.6 0.002
3 588.5 2.0 69.2 72.8 5.2 0.0
1 547.432432432 0.0 58.0 68.4 9.0 0.0
0 361.0 0.0 54.6 80.0 2.4 0.0
3 464.5 1.0 69.0 68.6 8.0 0.0
0 424.75 2.0 57.0 50.0 6.0 0.0
1 541.56 0.0 58.8 65.8 6.2 0.006
1 518.052631579 3.0 41.0 60.2 1.2 0.0
0 514.857142857 2.0 62.0 68.0 9.0 0.01
2 1490.0 0.0 57.6 83.4 3.0 0.0
1 4260.28571429 3.0 53.2 63.8 1.6 0.0
1 413.333333333 0.0 51.2 68.6 5.8 0.0
1 218.0 2.0 53.6 72.4 4.6 0.0
3 724.0 0.0 54.0 63.0 13.0 0.0
2 2023.1875 1.0 68.6 68.4 7.0 0.0
2 959.96875 0.0 66.6 64.0 3.6 0.0
3 323.0 0.0 50.0 60.8 1.2 0.0
3 370.0 0.0 60.4 60.0 12.8 0.0
2 531.0 0.0 53.0 86.0 8.0 0.096
0 485.0 0.0 65.4 31.2 10.6 0.0
1 507.166666667 0.0 67.2 36.4 7.4 0.0
3 385.0 2.0 63.0 79.6 6.4 0.0
2 542.375 0.0 46.4 37.2 6.2 0.0
3 1023.0 0.0 50.2 91.2 2.2 0.0
0 699.0 0.0 62.4 55.4 5.8 0.0
3 567.0 0.0 54.0 68.6 5.8 0.0
1 547.32 0.0 58.0 58.0 6.0 0.0
1 5783.77777778 0.0 47.8 69.0 1.0 0.0
3 1060.5 0.0 66.4 59.8 4.0 0.0
3 584.0 2.0 63.0 61.0 13.0 0.0
2 2645.54545455 1.0 70.0 73.2 9.0 0.0
2 690.833333333 1.0 71.2 70.2 9.0 0.0
0 332.0 0.0 46.4 51.4 13.6 0.0
2 3949.11111111 3.0 50.4 82.2 1.8 0.004
2 1373.4 3.0 48.2 69.2 1.0 0.0
1 5457.0 2.0 68.6 68.8 5.8 0.0
1 531.333333333 0.0 46.4 37.2 6.2 0.0
2 3450.18181818 1.0 68.8 70.2 7.2 0.0
1 532.823529412 0.0 57.8 75.4 10.6 0.762
1 486.666666667 0.0 57.2 59.0 3.4 0.0
3 957.5 2.0 61.0 69.0 4.0 0.0
0 751.666666667 0.0 75.4 35.6 5.2 0.0
2 2428.6 2.0 73.0 59.0 8.0 0.0
0 387.2 0.0 58.0 72.0 12.0 0.0
2 717.833333333 2.0 55.2 57.6 3.0 0.0
1 578.314285714 1.0 67.8 73.0 7.2 0.0
3 416.5 0.0 56.0 75.0 8.0 0.0
2 2027.57142857 1.0 65.6 72.4 6.8 0.0
0 487.333333333 0.0 60.6 58.2 6.8 0.0
3 337.0 0.0 53.8 76.8 3.4 0.0
1 4996.0625 2.0 67.2 40.2 2.8 0.002
3 4828.0 0.0 57.0 60.0 2.0 0.0
2 1053.5 0.0 50.4 78.8 2.6 0.0
3 731.4 2.0 64.0 62.0 7.0 0.0
2 2018.73684211 2.0 67.2 67.8 5.6 0.0
1 3365.68 0.0 60.4 55.0 10.6 0.0
1 622.724137931 1.0 62.6 66.8 8.0 0.0
3 730.5 0.0 58.0 45.0 2.0 0.0
1 576.772727273 2.0 57.4 72.2 3.0 0.0
0 681.0 1.0 67.6 66.8 6.2 0.0
3 906.333333333 0.0 60.4 55.0 10.6 0.0
0 491.0 0.0 63.0 57.2 7.8 0.0
3 595.75 0.0 60.2 65.0 8.6 0.0
0 367.5 3.0 56.0 74.6 6.2 0.0
3 682.0 2.0 65.6 70.6 4.8 0.0
2 633.133333333 0.0 53.6 70.2 3.0 0.0
3 582.8 0.0 62.2 68.4 5.6 0.0
3 585.0 0.0 56.8 47.4 11.6 0.0
3 918.0 2.0 65.0 76.0 13.0 0.23
1 9891.92307692 0.0 61.2 70.0 6.0 0.0
2 626.375 2.0 55.2 78.6 4.0 0.0
1 2521.38235294 2.0 69.8 54.2 4.2 0.0
0 558.5 1.0 67.8 72.0 8.6 0.0
1 684.774193548 0.0 60.8 74.8 3.2 0.0
1 582.257142857 0.0 55.6 81.2 3.2 0.0
1 5470.55172414 2.0 76.2 52.8 4.2 0.0
2 1824.66666667 2.0 59.8 70.0 3.0 0.0
2 1500.53846154 2.0 59.2 62.4 4.2 0.0
1 728.25 0.0 59.8 69.0 6.0 0.214
0 3272.4 1.0 70.0 70.0 7.0 0.0
0 469.0 0.0 59.4 77.0 4.6 0.0
1 610.925925926 0.0 66.4 57.6 5.6 0.0
0 353.333333333 1.0 64.8 65.8 7.2 0.0
1 519.55 1.0 67.6 72.0 7.6 0.0
3 1212.66666667 0.0 65.4 49.4 6.4 0.0
0 634.0 2.0 63.8 75.4 8.2 0.0
2 5441.11111111 0.0 50.8 48.6 1.8 0.0
1 590.666666667 2.0 66.0 69.0 9.0 0.0
1 2298.22727273 0.0 59.0 84.0 4.0 0.0
2 740.923076923 0.0 54.6 34.4 9.4 0.0
2 1430.61538462 2.0 54.8 63.2 2.4 0.0
2 556.083333333 2.0 65.0 64.6 9.6 0.0
3 526.0 2.0 57.6 71.6 5.6 0.0
0 540.0 2.0 55.0 93.0 4.0 0.66
3 433.333333333 2.0 69.6 68.8 4.8 0.0
1 627.19047619 0.0 57.4 57.6 8.6 0.0
3 443.5 2.0 56.2 69.6 4.2 0.0
2 1008.55555556 3.0 43.8 63.8 8.6 0.064
1 1112.29411765 1.0 67.4 63.8 8.4 0.0
1 621.75 2.0 68.0 65.8 9.0 0.0
3 686.0 0.0 51.6 66.2 8.6 0.0
3 602.666666667 2.0 57.0 75.2 5.8 0.01
2 1504.46666667 2.0 68.6 67.2 7.8 0.0
0 458.2 1.0 69.8 71.2 6.6 0.0
2 541.5 2.0 56.2 61.6 3.8 0.002
1 422.0 2.0 56.0 56.0 5.0 0.0
3 496.5 2.0 54.0 55.0 5.0 0.0
0 320.0 1.0 70.8 58.2 8.2 0.0
3 636.5 1.0 69.8 71.2 6.6 0.0
2 2540.25 1.0 65.8 72.0 9.0 0.0
2 918.375 0.0 59.4 66.8 7.6 0.0
2 1014.65 1.0 68.4 75.0 6.2 0.0
3 1973.875 1.0 66.4 65.0 9.0 0.0
1 820.275 2.0 63.2 68.8 8.8 0.0
2 962.259259259 2.0 64.0 73.6 6.2 0.0
2 772.172413793 3.0 50.6 61.4 7.4 0.0
1 1495.0 0.0 59.8 69.0 9.0 0.0
1 488.6 3.0 48.0 43.6 2.4 0.0
3 373.5 1.0 70.2 73.6 8.4 0.0
1 827.666666667 1.0 72.6 66.6 7.4 0.0
0 3269.0 2.0 70.8 74.0 7.4 0.0
3 641.5 1.0 72.6 66.6 7.4 0.0
2 1890.2 2.0 56.0 69.6 4.0 0.0
2 6536.34210526 0.0 63.2 62.2 5.6 0.0
0 22580.0 2.0 55.2 76.6 2.6 0.0
3 531.0 0.0 56.0 68.0 19.0 0.0
1 790.387096774 2.0 63.4 62.4 4.0 0.0
2 728.588235294 1.0 66.8 72.4 7.2 0.0
0 313.0 0.0 58.8 70.0 6.8 0.0
1 971.571428571 2.0 52.2 67.0 2.0 0.0
2 1225.33333333 2.0 65.2 42.4 2.4 0.0
0 521.0 1.0 69.2 67.4 8.4 0.0
1 576.074074074 1.0 68.6 68.4 7.0 0.0
1 3703.22222222 2.0 57.6 71.6 5.6 0.0
3 513.142857143 0.0 58.0 70.0 10.0 0.0
3 503.5 2.0 58.6 73.2 3.4 0.0
3 436.0 2.0 53.8 70.8 1.2 0.0
1 623.357142857 0.0 54.0 72.0 4.4 0.0
0 15366.25 0.0 66.0 61.0 8.0 0.0
1 8421.07142857 2.0 59.8 70.0 3.0 0.0
2 761.888888889 0.0 58.8 70.0 6.8 0.0
3 917.666666667 3.0 50.0 64.0 2.0 0.0
3 1128.66666667 2.0 60.6 68.2 3.8 0.0
1 581.909090909 1.0 70.6 65.4 8.0 0.002
1 628.615384615 0.0 50.8 69.2 1.4 0.0
1 630.647058824 0.0 70.0 48.0 5.2 0.0
1 7515.28571429 3.0 47.8 64.8 1.0 0.0
2 1860.25 2.0 69.2 53.0 4.8 0.0
2 1266.58333333 0.0 51.8 84.6 2.0 0.004
1 692.394736842 1.0 68.8 70.2 7.2 0.0
3 505.428571429 0.0 58.0 72.0 12.0 0.0
2 1583.28571429 3.0 61.6 80.6 4.6 0.006
0 257.0 0.0 59.0 73.0 3.0 0.0
0 864.5 0.0 60.8 68.2 6.8 0.0
1 589.555555556 0.0 52.4 69.2 1.2 0.0
0 6216.0 0.0 67.4 59.0 6.8 0.0
1 3225.44444444 2.0 60.8 76.4 3.0 0.0
1 501.333333333 2.0 58.4 78.2 3.8 0.0
0 242.0 1.0 69.4 72.2 6.4 0.0
3 684.0 0.0 52.2 52.8 1.8 0.0
0 777.0 3.0 43.6 65.4 5.4 0.122
1 556.238095238 3.0 56.0 74.6 6.2 0.0
2 3060.36363636 3.0 51.4 63.4 1.2 0.0
3 817.75 1.0 64.4 66.2 7.8 0.0
1 686.103448276 1.0 67.6 71.8 6.0 0.0
1 1050.14285714 0.0 64.0 61.2 11.6 0.0
1 1335.76271186 1.0 63.2 65.0 7.2 0.0
1 650.545454545 2.0 55.4 68.6 3.6 0.0
2 2412.41666667 0.0 62.4 62.2 5.4 0.0
0 472.0 0.0 54.6 60.6 3.4 0.0
1 1738.76923077 2.0 66.0 70.0 7.0 0.0
1 566.119047619 0.0 53.0 73.0 3.0 0.0
2 1104.15384615 0.0 52.4 64.0 2.2 0.0
1 543.411764706 2.0 53.8 70.8 1.2 0.0
3 468.0 0.0 56.0 86.0 5.0 0.0
2 1572.26086957 1.0 68.0 71.0 8.0 0.0
0 1018.0 2.0 71.4 67.6 4.6 0.0
1 1190.875 0.0 59.6 70.2 7.8 0.004
0 453.333333333 2.0 57.0 73.0 4.4 0.0
2 873.086956522 0.0 58.6 66.0 5.2 0.0
2 406.666666667 0.0 55.4 72.2 8.0 0.132
2 872.363636364 1.0 68.0 68.0 10.0 0.0
0 1600.0 0.0 47.8 69.0 1.0 0.0
0 467.666666667 0.0 55.4 72.6 2.8 0.0
1 5969.7 0.0 60.2 72.0 11.0 0.092
2 1937.66666667 2.0 69.6 68.8 4.8 0.0
3 1701.8 3.0 47.8 64.8 1.0 0.0
0 469.6 2.0 64.8 78.0 6.2 0.0
3 515.0 3.0 55.8 80.6 9.4 0.114
2 775.714285714 0.0 55.4 72.6 2.8 0.0
2 644.111111111 2.0 60.0 73.6 3.2 0.0
3 4497.0 2.0 71.6 43.0 3.6 0.0
3 239.0 1.0 69.4 72.2 6.4 0.0
1 606.916666667 2.0 71.4 67.6 4.6 0.0
2 1240.11111111 0.0 59.4 47.4 4.0 0.0
1 1509.81481481 0.0 60.8 67.4 6.6 0.0
3 302.25 0.0 59.8 69.0 9.0 0.0
1 550.473684211 1.0 65.2 65.6 9.8 0.0
0 421.0 1.0 72.4 64.6 6.6 0.0
1 880.5 0.0 49.0 75.8 8.0 0.22
1 3285.60869565 1.0 69.2 68.4 6.2 0.0
0 423.666666667 0.0 54.0 72.0 4.4 0.0
1 1511.0 0.0 59.2 60.6 9.4 0.0
1 4728.52941176 0.0 53.4 85.8 3.0 0.0
2 5092.24 0.0 51.2 61.6 0.8 0.0
3 733.0 0.0 53.0 81.0 3.0 0.0
0 320.5 0.0 52.8 71.0 4.4 0.0
1 5585.84210526 0.0 53.0 54.6 1.4 0.0
1 1191.42857143 2.0 65.4 70.0 6.8 0.0
2 3437.54545455 2.0 67.2 71.2 7.2 0.0
2 2633.0 0.0 69.4 45.4 3.8 0.0
2 1994.32258065 2.0 62.0 60.2 11.8 0.0
2 2805.15 0.0 47.0 70.0 4.2 0.0
2 1046.55555556 2.0 69.8 54.2 4.2 0.0
1 673.259259259 0.0 61.4 72.8 6.2 0.0
3 1224.5 2.0 60.6 66.4 6.6 0.0
1 1532.37837838 0.0 54.4 66.8 4.8 0.0
2 667.5 0.0 54.0 61.0 4.0 0.0
1 671.432432432 2.0 64.8 71.0 7.6 0.0
3 617.0 0.0 58.4 63.4 8.4 0.0
3 718.0 0.0 57.4 71.2 5.6 0.0
0 750.5 0.0 63.6 70.6 8.0 0.0
1 543.459459459 2.0 62.0 61.6 2.2 0.0
2 1131.2 0.0 66.0 64.0 9.0 0.0
0 2356.0 1.0 70.0 73.2 9.0 0.0
0 473.0 0.0 61.4 55.0 10.0 0.0
2 4023.5 0.0 67.0 49.6 6.0 0.0
2 840.454545455 2.0 70.6 65.6 4.4 0.0
0 477.333333333 2.0 67.0 43.6 4.4 0.0
2 2743.59090909 0.0 59.4 67.6 8.2 0.0
2 1964.025 0.0 55.0 77.0 7.0 0.0
1 463.923076923 3.0 48.2 69.2 1.0 0.0
2 5232.0 3.0 59.8 81.2 3.0 0.028
2 3304.9 1.0 72.6 66.6 7.4 0.0
3 983.0 1.0 67.2 67.6 9.0 0.0
0 570.0 1.0 64.6 71.4 6.4 0.0
0 623.0 2.0 55.8 67.0 1.8 0.0
3 534.666666667 0.0 53.6 46.8 4.2 0.0
0 921.0 3.0 57.6 81.4 2.0 0.014
3 437.142857143 0.0 60.4 70.4 2.0 0.0
3 996.0 0.0 57.0 67.0 6.0 0.0
1 1334.5 0.0 64.2 44.2 9.0 0.0
2 499.461538462 0.0 56.2 47.0 1.8 0.0
2 8488.33333333 0.0 59.4 77.0 4.6 0.0
2 513.166666667 0.0 58.0 81.0 15.0 0.22
0 398.333333333 0.0 52.0 68.2 4.6 0.02
3 550.333333333 0.0 55.4 72.6 2.8 0.0
1 950.578947368 2.0 54.8 63.2 2.4 0.0
2 3392.42307692 0.0 62.0 62.2 5.6 0.0
0 1316.5 2.0 56.6 69.0 5.2 0.0
0 572.666666667 0.0 55.8 76.6 2.2 0.0
3 322.0 0.0 67.8 42.8 4.8 0.0
3 152.0 0.0 52.8 70.2 6.6 0.008
1 9265.0 0.0 62.4 85.8 6.6 0.086
2 1189.6 0.0 57.6 55.8 14.2 0.0
1 524.684210526 3.0 40.6 50.8 2.2 0.0
3 1201.0 1.0 70.6 65.4 8.0 0.002
0 665.0 0.0 57.4 71.2 5.6 0.0
1 4354.52380952 0.0 47.4 70.4 4.6 0.022
2 3484.81818182 1.0 61.4 66.2 8.8 0.0
3 588.0 0.0 62.8 65.8 9.0 0.0
3 785.25 0.0 63.0 57.2 7.8 0.0
3 490.25 2.0 59.0 50.6 1.2 0.0
2 2049.27777778 0.0 59.8 67.2 8.2 0.0
2 628.666666667 3.0 55.0 78.2 7.2 0.024
2 1747.5 0.0 70.0 47.0 6.0 0.0
3 386.0 3.0 56.0 74.6 6.2 0.0
1 821.615384615 1.0 67.8 68.8 6.8 0.0
0 543.25 0.0 52.4 81.0 2.6 0.0
3 620.0 2.0 67.6 59.4 5.4 0.0
0 607.0 2.0 55.0 63.0 5.0 0.0
3 698.428571429 1.0 69.0 69.0 8.0 0.0
1 4438.75 2.0 66.0 73.0 3.0 0.0
0 762.25 3.0 59.8 81.2 3.0 0.028
2 1947.88235294 0.0 57.8 73.4 11.2 0.178
2 1094.375 1.0 63.2 70.4 9.6 0.0
0 395.25 0.0 49.0 87.0 2.0 0.0
1 1979.0 2.0 66.8 70.0 6.8 0.0
2 2969.07692308 0.0 52.4 69.2 1.2 0.0
2 1443.5 0.0 57.0 74.4 5.6 0.0
1 1006.02857143 1.0 68.6 70.2 8.2 0.0
1 1612.5 0.0 65.6 60.0 4.0 0.0
1 1582.47619048 0.0 69.4 45.4 3.8 0.0
3 383.0 2.0 59.8 85.6 5.8 0.194
3 684.5 1.0 67.0 73.0 12.0 0.0
0 508.0 2.0 66.2 73.6 6.2 0.0
2 5794.44827586 0.0 56.4 67.4 4.2 0.0
3 966.5 0.0 59.8 65.2 3.4 0.0
2 697.615384615 2.0 61.8 69.2 3.4 0.0
2 1148.61904762 2.0 67.2 40.2 2.8 0.002
3 463.5 0.0 55.8 76.6 2.2 0.0
0 468.833333333 2.0 69.0 67.0 9.0 0.0
3 1003.66666667 0.0 62.8 67.0 6.4 0.0
3 657.5 2.0 66.0 64.0 9.6 0.0
1 650.684210526 1.0 71.0 69.0 7.6 0.0
0 3422.4 0.0 59.2 77.0 6.4 0.008
2 597.333333333 1.0 68.2 68.8 8.0 0.0
2 3991.0 2.0 55.2 69.8 1.6 0.0
1 5539.55555556 2.0 67.2 71.2 7.2 0.0
2 784.916666667 0.0 60.6 85.0 4.2 0.004
0 1332.0 0.0 57.4 53.0 6.2 0.0
2 1724.33333333 0.0 67.0 55.0 6.0 0.0
1 1206.25 0.0 59.6 71.2 8.4 0.0
1 10304.5384615 3.0 52.2 66.4 1.2 0.0
1 552.78125 0.0 62.4 55.4 5.8 0.0
1 1370.375 1.0 70.6 67.2 7.0 0.0
1 550.095238095 3.0 61.6 80.6 4.6 0.006
3 820.833333333 1.0 66.8 72.4 7.2 0.0
3 820.777777778 2.0 70.8 74.0 7.4 0.0
1 1335.20689655 2.0 60.0 66.8 5.2 0.0
3 1076.33333333 0.0 61.6 42.8 10.6 0.0
1 542.363636364 2.0 57.8 36.0 6.0 0.0
2 849.777777778 3.0 59.6 79.4 7.4 0.002
0 581.666666667 3.0 55.8 80.6 9.4 0.114
1 566.36 0.0 58.2 62.0 6.8 0.0
1 1028.54545455 3.0 44.8 62.4 2.4 0.0
1 559.233333333 0.0 64.8 68.8 7.6 0.0
2 1285.31578947 0.0 61.6 42.8 10.6 0.0
0 586.0 0.0 55.6 85.8 5.0 0.006
2 2035.4 0.0 53.0 64.2 7.4 0.028
1 655.25 3.0 53.0 80.4 6.0 0.104
1 1249.11428571 1.0 64.4 66.2 7.8 0.0
0 404.0 0.0 67.2 36.4 7.4 0.0
0 340.5 0.0 54.2 54.4 3.0 0.0
0 353.0 2.0 65.4 46.8 3.6 0.0
0 737.0 2.0 64.2 43.4 3.2 0.0
3 2687.57142857 2.0 66.0 67.0 7.0 0.0
0 397.0 2.0 67.6 59.4 5.4 0.0
3 2240.0 2.0 63.0 57.0 4.0 0.0
3 491.857142857 2.0 59.2 62.4 4.2 0.0
1 624.566666667 0.0 54.0 84.4 3.6 0.0
1 715.666666667 3.0 57.0 76.6 12.4 1.982
2 729.583333333 2.0 54.0 69.2 6.0 0.0
1 812.0 0.0 60.6 83.2 11.4 0.456
2 2716.05555556 2.0 67.8 68.6 4.0 0.0
0 601.5 2.0 60.6 68.2 3.8 0.0
3 383.0 3.0 43.8 63.8 8.6 0.064
1 4769.71428571 0.0 58.4 68.8 5.0 0.0
2 522.0 3.0 42.0 53.0 10.0 0.0
3 1052.0 1.0 70.4 48.2 6.0 0.0
0 578.333333333 0.0 55.2 73.8 2.0 0.0
0 428.5 0.0 57.4 57.6 8.6 0.0
2 2304.85185185 2.0 67.2 35.6 2.4 0.0
1 1138.26666667 1.0 61.2 63.2 9.4 0.0
1 2340.25 1.0 64.0 75.0 9.0 0.0
0 218.0 0.0 56.8 69.0 8.6 0.0
1 3744.375 0.0 62.0 63.4 4.6 0.0
3 779.142857143 1.0 70.4 73.2 7.4 0.0
3 524.75 0.0 69.4 63.8 5.0 0.0
1 2541.92592593 2.0 64.2 43.4 3.2 0.0
1 1242.28571429 0.0 41.8 64.6 2.0 0.0
2 357.0 3.0 57.0 80.0 14.0 3.12
0 377.5 0.0 59.0 84.0 4.0 0.0
1 541.125 0.0 59.4 69.8 10.0 0.054
0 285.0 1.0 67.2 67.6 9.0 0.0
3 1090.4 0.0 52.4 62.2 7.0 0.002
3 483.5 0.0 56.4 45.6 2.4 0.0
2 3331.82051282 0.0 60.2 72.8 2.4 0.0
2 606.5 0.0 53.8 76.8 3.4 0.0
0 366.666666667 0.0 57.0 57.0 13.0 0.0
3 485.6 3.0 59.0 83.0 2.0 0.0
2 802.608695652 0.0 60.0 68.0 7.0 0.0
1 574.96 2.0 61.0 84.6 6.6 0.088
0 369.5 2.0 58.0 74.0 2.6 0.0
1 1671.8 2.0 57.8 77.2 3.4 0.0
3 422.6 0.0 60.4 62.0 10.8 0.0
1 3099.91666667 2.0 57.0 75.2 5.8 0.01
0 440.5 2.0 60.6 58.2 2.0 0.0
1 740.16 3.0 46.2 70.8 2.2 0.0
1 1651.38709677 2.0 65.8 68.8 5.6 0.0
3 1127.75 1.0 70.8 58.2 8.2 0.0
1 448.545454545 2.0 56.2 69.6 4.2 0.0
2 815.333333333 0.0 58.4 71.0 2.2 0.0
2 1628.375 2.0 70.0 62.0 7.0 0.0
0 416.0 0.0 62.4 71.8 6.0 0.056
1 682.583333333 0.0 54.0 68.6 5.8 0.0
1 604.111111111 0.0 59.0 66.8 7.6 0.0
2 5601.93333333 1.0 67.6 71.0 8.0 0.0
1 1011.09677419 2.0 62.6 74.2 6.0 0.006
3 635.5 0.0 58.0 68.4 9.0 0.0
1 2058.13333333 0.0 57.4 60.6 4.4 0.0
2 1480.47619048 2.0 60.6 68.2 3.8 0.0
2 1011.77777778 2.0 74.6 41.8 3.4 0.0
1 2359.14285714 2.0 65.8 55.4 5.0 0.0
3 666.0625 1.0 67.8 72.0 8.6 0.0
1 457.368421053 3.0 51.4 60.0 1.0 0.0
3 1247.33333333 1.0 67.6 75.4 7.2 0.0
3 350.0 0.0 66.4 57.6 5.6 0.0
1 1515.83783784 1.0 68.0 66.0 7.4 0.0
2 1785.1 0.0 50.2 91.2 2.2 0.0
3 649.2 0.0 58.4 71.0 2.2 0.0
0 332.0 2.0 62.8 51.0 3.2 0.0
2 938.727272727 2.0 55.8 67.0 1.8 0.0
3 431.333333333 0.0 54.4 66.8 4.8 0.0
0 464.333333333 2.0 60.4 62.6 4.4 0.0
3 443.0 0.0 57.4 67.2 5.6 0.0
3 2127.75 1.0 66.0 69.6 6.8 0.0
1 1482.7 3.0 54.6 69.6 2.0 0.0
3 390.333333333 2.0 68.6 73.6 6.2 0.0
0 457.0 1.0 64.4 66.2 7.8 0.0
2 875.666666667 2.0 74.0 46.0 4.0 0.0
0 698.0 0.0 54.0 64.0 7.0 0.0
3 354.4 0.0 69.4 45.4 3.8 0.0
1 459.818181818 0.0 57.2 70.6 8.0 0.0
3 793.0 0.0 51.2 78.0 9.0 0.302
2 3396.625 2.0 67.2 73.2 5.6 0.0
3 1133.5 0.0 53.0 54.6 1.4 0.0
0 666.0 2.0 65.6 70.6 4.8 0.0
1 979.5 0.0 59.4 67.6 8.2 0.0
1 652.85 0.0 62.4 71.8 6.0 0.056
2 1462.82608696 0.0 55.8 81.4 3.4 0.006
0 224.0 0.0 62.2 68.4 5.6 0.0
0 396.333333333 0.0 48.8 70.8 5.8 0.0
1 517.736842105 2.0 66.4 71.8 6.0 0.0
0 430.0 0.0 54.6 34.4 9.4 0.0
2 880.3125 0.0 57.4 53.0 6.2 0.0
2 878.666666667 1.0 67.0 63.0 9.0 0.0
0 1441.0 2.0 58.4 78.2 3.8 0.0
2 748.625 2.0 63.6 79.6 5.0 0.0
2 3955.14285714 1.0 63.0 71.0 8.0 0.0
0 305.0 2.0 55.4 68.6 3.6 0.0
0 429.0 0.0 57.0 64.0 4.0 0.0
2 1535.48387097 0.0 67.4 59.0 6.8 0.0
3 541.0 0.0 59.0 76.6 7.0 0.0
2 1569.22222222 2.0 55.4 68.6 3.6 0.0
2 1853.90909091 0.0 59.0 61.0 4.0 0.0
0 1435.0 0.0 57.4 67.2 5.6 0.0
0 445.5 0.0 58.4 71.0 2.2 0.0
3 1227.25 2.0 62.8 51.0 3.2 0.0
0 517.666666667 0.0 60.4 78.8 7.2 0.0
3 643.833333333 2.0 63.0 72.0 22.0 0.0
3 411.25 0.0 53.6 70.2 3.0 0.0
1 615.736842105 0.0 55.4 72.2 8.0 0.132
2 479.055555556 0.0 56.0 73.0 7.0 0.036
1 527.119047619 0.0 59.4 64.2 8.6 0.0
1 1086.67857143 0.0 58.6 66.0 5.2 0.0
1 638.7 0.0 59.8 67.2 8.2 0.0
2 809.25 2.0 70.2 64.4 4.2 0.0
3 3649.0 2.0 56.0 83.0 4.0 0.0
0 440.0 1.0 68.8 70.2 7.2 0.0
3 9872.33333333 0.0 48.8 70.8 5.8 0.0
1 541.518518519 2.0 56.0 80.2 3.0 0.002
1 1808.84615385 1.0 63.0 68.0 7.0 0.0
2 1438.36363636 0.0 52.0 74.2 2.6 0.0
2 2212.16666667 2.0 65.4 76.0 6.2 0.32
2 623.0 2.0 55.0 93.0 4.0 0.66
1 1038.52173913 0.0 51.2 78.0 9.0 0.302
0 1666.0 0.0 58.8 72.6 8.6 0.0
3 1582.33333333 0.0 67.8 57.8 6.6 0.0
3 592.25 1.0 68.4 75.0 6.2 0.0
1 1741.71428571 0.0 59.6 63.6 2.0 0.0
2 1306.16666667 0.0 61.8 67.6 10.8 0.0
1 558.894736842 2.0 65.2 42.4 2.4 0.0
1 3208.48148148 2.0 69.0 76.8 6.4 0.0
3 554.0 0.0 57.0 60.6 3.8 0.0
3 794.285714286 1.0 69.0 71.2 7.6 0.0
2 3171.77777778 1.0 64.2 70.6 8.0 0.0
1 576.885714286 0.0 54.0 83.0 3.0 0.0
2 3732.0 2.0 71.8 53.2 3.8 0.0
1 1262.94594595 1.0 66.4 65.0 9.0 0.0
1 4188.66666667 2.0 60.6 63.0 4.2 0.0
2 787.058823529 0.0 56.2 80.4 3.6 0.0
1 4008.4 0.0 58.8 72.6 8.6 0.0
2 2321.63157895 0.0 58.4 68.8 5.0 0.0
2 23167.1666667 3.0 57.0 66.0 4.0 0.0
2 4102.5 1.0 69.0 71.2 7.6 0.0
1 1574.2 0.0 52.2 52.8 1.8 0.0
2 3348.05263158 0.0 53.0 63.0 10.0 0.0
0 4572.75 0.0 59.4 69.8 10.0 0.054
0 433.0 3.0 48.0 43.6 2.4 0.0
3 579.0 0.0 49.2 58.0 1.6 0.0
3 421.0 1.0 66.6 73.2 7.4 0.0
0 606.666666667 0.0 62.2 64.0 11.6 0.0
3 930.5 0.0 59.4 64.2 8.6 0.0
2 2349.3125 1.0 61.2 63.2 9.4 0.0
1 739.818181818 0.0 53.6 82.6 3.0 0.0
1 3054.0 1.0 65.0 72.0 11.0 0.0
0 423.333333333 1.0 70.2 73.6 8.4 0.0
1 570.185185185 0.0 55.4 74.8 4.8 0.0
1 645.048780488 3.0 59.6 79.4 7.4 0.002
0 482.5 0.0 59.2 68.6 8.2 0.02
2 2453.08333333 1.0 65.6 69.8 8.6 0.0
2 1807.41666667 1.0 66.2 71.4 8.4 0.0
0 533.142857143 2.0 66.0 79.0 7.0 0.0
2 1373.18181818 0.0 58.4 81.4 4.2 0.0
0 674.5 2.0 72.2 70.0 7.6 0.0
1 889.578947368 2.0 69.2 70.4 6.8 0.0
1 973.0 3.0 60.4 82.8 6.4 0.028
2 626.466666667 0.0 60.2 70.0 6.6 0.0
0 662.0 2.0 61.8 59.2 5.2 0.0
1 544.925 2.0 60.0 70.0 6.0 0.0
0 737.0 1.0 66.0 69.4 7.6 0.0
0 343.5 2.0 65.0 74.0 7.0 0.0
2 539.222222222 0.0 56.4 45.6 2.4 0.0
3 953.75 2.0 53.4 63.6 3.2 0.0
0 594.5 0.0 49.2 58.0 1.6 0.0
2 794.333333333 0.0 60.0 64.8 7.4 0.0
1 4852.57142857 2.0 62.0 77.0 16.0 0.0
1 2514.86666667 2.0 65.6 75.0 8.0 0.0
2 2390.9047619 0.0 66.0 61.0 8.0 0.0
2 571.0 2.0 60.4 62.6 4.4 0.0
3 1213.0 2.0 70.0 71.0 9.0 0.0
3 435.166666667 0.0 52.8 71.0 4.4 0.0
3 318.5 0.0 58.4 65.8 3.2 0.0
3 740.0 2.0 55.0 80.0 9.0 0.0
2 2668.125 2.0 51.6 69.0 1.4 0.0
0 722.333333333 0.0 58.2 65.2 4.4 0.0
3 1109.25 3.0 48.0 43.6 2.4 0.0
3 478.25 0.0 52.0 86.0 2.0 0.0
1 557.5625 1.0 68.0 71.2 8.4 0.0
2 1686.85714286 0.0 60.2 60.6 9.2 0.0
0 693.0 1.0 68.0 66.0 7.4 0.0
2 1386.13043478 1.0 68.4 65.0 6.0 0.0
1 547.275862069 0.0 56.4 45.6 2.4 0.0
2 5859.38888889 0.0 55.0 54.0 2.0 0.0
2 907.227272727 0.0 58.4 50.0 4.4 0.0
1 2520.28571429 2.0 55.2 69.8 1.6 0.0
2 1729.23076923 2.0 63.4 62.4 4.0 0.0
2 586.285714286 2.0 56.4 79.2 4.6 0.208
0 780.8 1.0 75.2 63.0 6.4 0.0
0 10707.0 0.0 57.8 78.6 3.6 0.0
1 841.75 0.0 59.0 69.0 11.0 0.0
3 986.142857143 0.0 65.6 60.0 4.0 0.0
3 656.833333333 0.0 72.8 36.6 5.0 0.0
2 555.4 1.0 70.2 73.6 8.4 0.0
1 573.651162791 0.0 56.2 80.4 3.6 0.0
3 344.0 0.0 57.2 74.2 7.8 0.19
1 671.833333333 0.0 60.8 68.2 6.8 0.0
0 394.666666667 0.0 60.2 60.6 9.2 0.0
0 374.0 0.0 62.0 62.4 11.0 0.0
1 1541.75757576 0.0 49.0 87.0 2.0 0.0
1 745.032258065 1.0 68.4 75.0 6.2 0.0
3 1085.71428571 2.0 68.0 56.0 7.0 0.0
1 564.96969697 2.0 58.8 46.6 3.0 0.0
3 6759.5 2.0 68.6 71.2 7.2 0.0
3 855.666666667 3.0 52.0 64.0 1.2 0.0
1 531.857142857 2.0 63.0 60.2 6.4 0.0
1 508.357142857 3.0 53.2 82.6 12.2 0.564
1 448.777777778 0.0 57.2 74.2 7.8 0.19
2 2267.0625 2.0 62.6 74.2 6.0 0.006
2 4787.15789474 2.0 60.6 66.4 6.6 0.0
1 549.657142857 0.0 60.0 74.0 9.6 0.0
1 1265.33333333 3.0 52.6 46.0 2.0 0.0
1 631.955555556 0.0 54.6 60.6 3.4 0.0
1 618.176470588 2.0 72.2 70.0 7.6 0.0
0 454.0 2.0 52.2 73.6 3.2 0.0
1 487.931034483 1.0 67.0 71.0 9.0 0.0
1 532.038461538 0.0 60.0 61.0 8.0 0.0
0 831.0 3.0 53.2 63.8 1.6 0.0
2 1396.63636364 3.0 40.6 50.8 2.2 0.0
2 769.875 0.0 57.0 72.0 11.0 0.0
0 796.666666667 1.0 69.8 67.8 7.6 0.0
2 655.0 0.0 51.2 68.6 5.8 0.0
2 2391.43478261 2.0 58.6 73.2 3.4 0.0
2 4067.42105263 0.0 53.4 70.4 7.4 0.0
2 559.466666667 0.0 53.8 57.0 3.0 0.0
1 528.857142857 0.0 60.2 60.0 5.4 0.0
3 36186.5 2.0 67.2 73.2 5.6 0.0
3 545.0 1.0 71.0 69.0 7.6 0.0
2 1423.95652174 0.0 60.8 67.4 6.6 0.0
2 3164.4 2.0 57.0 76.0 4.4 0.0
3 339.5 1.0 61.2 63.2 9.4 0.0
3 657.0 2.0 64.0 63.0 4.0 0.0
3 497.25 2.0 58.8 46.6 3.0 0.0
3 591.666666667 0.0 60.2 60.6 9.2 0.0
2 776.894736842 0.0 59.2 68.6 8.2 0.02
0 500.666666667 0.0 57.0 74.4 5.6 0.0
1 971.363636364 3.0 58.8 83.0 2.8 0.0
1 732.782608696 2.0 69.2 53.0 4.8 0.0
0 325.0 3.0 40.2 49.2 4.2 0.0
3 612.2 1.0 67.4 68.4 8.6 0.0
2 698.071428571 3.0 60.6 76.8 3.6 0.002
0 535.0 0.0 57.6 83.4 3.0 0.0
2 871.0 3.0 55.8 80.6 9.4 0.114
2 893.782608696 0.0 59.6 71.2 8.4 0.0
1 1038.55882353 2.0 66.0 67.0 7.0 0.0
0 488.0 3.0 51.4 61.8 1.2 0.0
2 682.705882353 0.0 60.4 60.0 12.8 0.0
1 536.571428571 0.0 50.6 85.6 7.2 0.458
1 817.294117647 0.0 53.0 76.6 5.0 0.004
1 337.75 2.0 55.2 75.8 7.8 0.002
3 745.666666667 2.0 67.2 67.8 5.6 0.0
2 1702.76470588 1.0 70.6 67.2 7.0 0.0
2 1057.2 3.0 48.8 71.8 3.8 0.0
0 409.0 0.0 58.0 68.4 9.0 0.0
1 1274.5 2.0 53.4 63.6 3.2 0.0
3 848.75 1.0 64.2 69.0 7.8 0.0
2 1159.11111111 0.0 60.4 70.4 2.0 0.0
2 1516.05 0.0 52.8 67.2 3.2 0.0
0 472.666666667 0.0 61.0 77.0 22.0 0.91
2 704.090909091 2.0 65.8 66.2 4.6 0.0
1 2004.46875 0.0 66.4 59.8 4.0 0.0
3 676.0 3.0 54.0 54.0 2.0 0.0
1 6163.07142857 0.0 62.8 65.8 9.0 0.0
1 966.0 0.0 59.8 57.8 6.2 0.0
2 844.5 0.0 49.0 75.8 8.0 0.22
0 8275.0 0.0 62.0 65.4 9.4 0.0
1 828.108108108 2.0 55.2 57.6 3.0 0.0
2 1827.2 1.0 67.2 69.8 9.4 0.004
1 834.166666667 0.0 63.8 72.2 7.8 0.0
3 582.5 2.0 61.0 84.6 6.6 0.088
1 2630.2 3.0 50.4 82.2 1.8 0.004
0 287.0 2.0 62.0 60.2 11.8 0.0
1 625.212121212 0.0 57.6 67.8 5.2 0.0
0 438.333333333 0.0 56.0 61.0 4.4 0.0
3 8168.0 0.0 57.4 68.2 7.0 0.0
1 715.558139535 2.0 71.6 65.2 6.4 0.0
3 652.0 2.0 68.6 68.8 5.8 0.0
2 729.333333333 1.0 63.2 65.0 7.2 0.0
2 1245.38461538 0.0 63.0 63.6 7.6 0.0
0 390.5 0.0 55.4 74.8 4.8 0.0
3 244.5 0.0 62.4 71.8 6.0 0.056
3 858.111111111 3.0 53.0 87.0 3.0 0.48
0 586.0 0.0 57.0 59.8 6.2 0.0
3 706.0 1.0 61.0 74.0 9.0 0.0
2 830.0 3.0 58.2 86.0 7.0 0.94
3 602.0 2.0 62.6 64.8 4.4 0.0
0 489.0 2.0 51.0 63.0 2.0 0.0
0 546.5 0.0 60.4 62.0 10.8 0.0
1 761.882352941 0.0 53.0 83.0 2.6 0.0
3 548.0 0.0 52.8 67.2 3.2 0.0
3 381.333333333 0.0 63.2 62.4 6.4 0.0
1 618.973684211 0.0 50.0 75.2 4.8 0.0
1 672.5 2.0 54.6 66.8 1.6 0.0
3 1813.0 1.0 67.2 69.8 9.4 0.004
0 459.5 0.0 67.8 60.8 6.6 0.0
1 2543.3 2.0 68.4 65.0 4.8 0.0
3 1786.16666667 1.0 73.0 68.8 5.6 0.0
2 2386.0 3.0 53.2 82.6 12.2 0.564
3 612.75 0.0 59.0 71.0 9.0 0.02
2 2186.56 2.0 62.0 60.0 7.0 0.0
2 1645.07692308 2.0 61.0 80.0 8.0 0.32
3 760.0 2.0 68.0 72.0 19.0 0.0
2 1708.0 2.0 66.0 67.0 7.0 0.0
2 804.4 0.0 53.6 46.8 4.2 0.0
0 591.333333333 2.0 68.0 65.0 6.0 0.0
1 2043.06666667 0.0 56.0 66.6 5.4 0.022
3 871.666666667 0.0 60.0 73.0 10.0 0.0
0 462.0 0.0 58.4 58.2 8.2 0.0
1 1043.11111111 0.0 57.8 47.8 6.8 0.0
2 490.5 3.0 53.0 80.4 6.0 0.104
3 1115.0 1.0 62.0 71.0 10.0 0.0
1 1121.30769231 2.0 59.6 78.8 3.6 0.004
2 1304.61111111 0.0 50.8 69.2 1.4 0.0
3 830.666666667 0.0 74.8 35.2 4.2 0.0
1 767.90625 2.0 67.2 73.2 5.6 0.0
3 590.6 2.0 68.0 46.0 9.0 0.0
1 1225.1875 0.0 52.4 64.0 2.2 0.0
3 339.0 0.0 62.2 64.0 11.6 0.0
2 1924.25 2.0 67.4 64.2 5.6 0.0
2 2660.25 1.0 73.0 68.8 5.6 0.0
1 1579.0 2.0 72.2 63.6 5.0 0.0
3 2454.5 1.0 68.0 63.0 11.0 0.0
3 313.0 3.0 43.2 51.0 3.4 0.0
1 1147.7254902 0.0 59.6 66.8 6.2 0.0
2 4136.47368421 3.0 60.0 83.4 4.4 0.018
0 643.0 0.0 52.8 70.0 1.8 0.0
3 1514.25 0.0 56.0 63.0 7.0 0.0
2 1299.125 0.0 58.4 58.2 8.2 0.0
1 3289.26666667 1.0 72.8 64.2 7.4 0.0
3 2124.0 1.0 65.6 71.4 9.4 0.0
3 811.0 0.0 58.0 63.0 7.0 0.0
3 391.0 0.0 52.4 60.8 2.2 0.0
0 540.5 0.0 58.4 50.0 4.4 0.0
2 2055.21428571 0.0 59.0 66.8 7.6 0.0
0 375.0 0.0 50.0 84.0 4.0 0.0
2 1035.61538462 2.0 68.6 71.2 7.2 0.0
3 564.0 0.0 63.0 60.4 4.2 0.0
3 753.0 0.0 61.4 72.8 6.2 0.0
0 480.0 0.0 59.6 70.2 7.8 0.004
2 1872.11111111 0.0 57.6 67.8 5.2 0.0
0 709.0 0.0 53.0 86.0 8.0 0.096
3 941.666666667 0.0 58.0 83.0 15.0 0.99
0 10199.5 0.0 53.0 64.2 7.4 0.028
3 625.0 1.0 65.0 70.0 5.8 0.0
1 1237.55555556 0.0 51.8 77.6 1.6 0.0
2 16231.7857143 3.0 48.0 71.2 2.2 0.0
1 2373.32258065 2.0 67.2 35.6 2.4 0.0
3 15202.0 0.0 51.2 68.6 5.8 0.0
1 5207.2 1.0 68.0 70.8 7.4 0.0
1 729.5 0.0 62.4 62.8 4.4 0.0
1 901.857142857 0.0 52.4 62.2 7.0 0.002
3 820.333333333 0.0 55.4 72.2 8.0 0.132
0 473.666666667 1.0 69.0 73.0 6.8 0.0
1 526.153846154 0.0 60.4 62.0 10.8 0.0
1 1502.51724138 2.0 62.0 64.2 3.4 0.0
2 1816.78947368 2.0 62.0 64.2 3.4 0.0
2 794.153846154 2.0 71.6 43.0 3.6 0.0
1 573.583333333 0.0 64.6 67.0 8.2 0.0
1 1063.38095238 2.0 70.8 74.0 7.4 0.0
3 340.333333333 2.0 53.0 69.2 1.0 0.0
1 792.594594595 2.0 65.6 74.6 4.4 0.0
2 768.666666667 0.0 64.0 61.2 11.6 0.0
0 351.0 0.0 61.0 73.2 6.0 0.04
2 1829.05 0.0 64.2 44.2 9.0 0.0
3 970.333333333 0.0 60.2 72.8 2.4 0.0
3 711.857142857 0.0 70.0 48.0 5.2 0.0
2 1672.76923077 0.0 60.0 78.0 9.0 0.02
2 803.636363636 0.0 58.8 75.6 6.4 0.004
3 2768.09090909 0.0 62.8 67.0 3.4 0.0
1 1207.0 2.0 62.8 64.0 3.0 0.0
3 2007.5 0.0 56.6 57.2 7.0 0.0
1 7588.14285714 0.0 61.4 65.8 4.2 0.0
1 587.291666667 1.0 68.6 58.8 7.0 0.0
3 1078.0 1.0 69.0 66.0 11.0 0.0
3 537.6 2.0 69.2 70.4 5.0 0.0
3 415.666666667 2.0 56.8 88.4 5.4 0.348
2 946.476190476 3.0 48.0 43.6 2.4 0.0
1 635.465116279 0.0 47.6 69.0 2.0 0.0
2 687.769230769 0.0 48.8 70.8 5.8 0.0
3 1014.0 0.0 60.2 60.0 5.4 0.0
0 401.0 0.0 54.6 71.4 10.2 0.23
3 886.666666667 0.0 60.2 72.0 11.0 0.092
2 910.181818182 0.0 56.8 79.6 10.8 0.544
0 851.0 3.0 50.0 66.6 8.4 0.0
2 542.4 3.0 56.0 74.6 6.2 0.0
3 1883.0 0.0 63.8 72.2 7.8 0.0
3 474.857142857 0.0 60.0 72.0 5.0 0.0
0 359.5 0.0 60.4 60.0 12.8 0.0
0 433.0 1.0 68.6 58.8 7.0 0.0
2 644.916666667 0.0 67.8 42.8 4.8 0.0
0 351.0 2.0 53.0 69.2 1.0 0.0
3 928.5 2.0 68.0 65.8 9.0 0.0
1 4357.92857143 0.0 60.2 72.8 2.4 0.0
1 623.863636364 0.0 61.0 65.2 7.0 0.002
3 675.666666667 2.0 68.8 66.6 6.8 0.0
1 705.090909091 3.0 55.0 78.2 7.2 0.024
0 320.0 0.0 60.6 79.8 5.0 0.0
2 1411.5 0.0 57.6 82.4 11.0 0.104
2 619.538461538 3.0 44.4 63.8 1.4 0.0
3 810.625 0.0 60.8 67.4 6.6 0.0
1 2272.9 0.0 57.6 65.4 6.0 0.0
1 574.9 3.0 52.6 82.2 3.0 0.172
2 1066.125 0.0 58.0 82.0 9.0 0.0
0 347.0 0.0 64.8 46.8 8.4 0.0
3 516.0 0.0 56.2 47.0 1.8 0.0
1 558.15625 0.0 53.2 52.8 2.0 0.0
0 2177.5 0.0 51.8 77.6 1.6 0.0
2 993.166666667 0.0 52.8 62.6 2.4 0.0
3 552.75 0.0 50.8 69.2 1.4 0.0
0 379.0 0.0 64.8 68.8 7.6 0.0
3 566.333333333 0.0 60.0 45.0 7.8 0.0
1 26851.0 0.0 53.0 64.2 7.4 0.028
0 275.0 2.0 60.8 58.6 3.2 0.0
0 541.0 3.0 48.2 69.2 1.0 0.0
1 2690.0952381 0.0 55.4 68.6 7.4 0.008
1 528.5 1.0 70.8 58.2 8.2 0.0
2 2504.63636364 0.0 53.4 85.8 3.0 0.0
1 544.142857143 0.0 59.0 73.0 9.0 0.0
1 944.5 0.0 61.8 67.6 10.8 0.0
1 810.210526316 0.0 52.8 71.0 4.4 0.0
0 646.0 2.0 68.6 71.2 7.2 0.0
3 693.0 0.0 58.0 47.0 5.0 0.0
2 1541.69230769 0.0 75.4 35.6 5.2 0.0
1 633.0 0.0 55.8 76.6 2.2 0.0
3 383.5 3.0 46.2 70.8 2.2 0.0
2 1118.1 2.0 57.4 72.2 3.0 0.0
3 849.666666667 1.0 65.0 63.2 6.2 0.0
3 581.0 2.0 52.2 73.6 3.2 0.0
1 540.24 1.0 65.2 63.8 10.2 0.0
3 1703.0 2.0 65.8 70.4 7.4 0.0
3 779.0 1.0 60.0 73.0 10.0 0.0
3 629.5 3.0 60.0 83.4 4.4 0.018
1 581.352941176 2.0 62.8 61.0 6.2 0.0
2 1339.25 0.0 57.0 87.0 4.0 0.0
0 399.666666667 0.0 52.4 69.2 1.2 0.0
2 726.055555556 0.0 58.2 57.0 3.0 0.0
3 1263.0 0.0 61.0 65.2 7.0 0.002
1 3379.38461538 3.0 48.0 71.2 2.2 0.0
2 518.125 0.0 53.4 81.8 4.6 0.004
2 1205.7 2.0 69.8 67.6 6.6 0.0
2 974.185185185 2.0 65.4 70.0 6.8 0.0
3 775.0 2.0 63.4 62.4 4.0 0.0
1 572.625 0.0 56.8 47.4 11.6 0.0
2 3497.80769231 0.0 67.8 57.8 6.6 0.0
2 1680.66666667 0.0 54.0 84.4 3.6 0.0
3 701.333333333 0.0 54.0 83.0 3.0 0.0
2 821.857142857 1.0 68.6 70.4 7.0 0.0
3 438.25 2.0 57.4 72.2 3.0 0.0
0 644.666666667 1.0 67.6 71.0 8.0 0.0
0 467.666666667 0.0 57.2 70.6 8.0 0.0
0 1109.0 2.0 65.0 64.6 9.6 0.0
1 580.529411765 0.0 62.0 62.4 11.0 0.0
0 427.0 3.0 58.2 86.0 7.0 0.94
0 313.333333333 1.0 68.0 70.4 8.0 0.0
2 2910.25 2.0 59.2 73.8 4.2 0.0
2 2972.66666667 3.0 57.8 82.0 3.2 0.0
3 632.142857143 0.0 64.8 46.8 8.4 0.0
1 2126.63636364 1.0 67.6 75.4 7.2 0.0
3 896.0 2.0 54.6 59.4 5.2 0.0
2 541.0 1.0 69.8 71.2 6.6 0.0
3 469.0 3.0 50.4 66.2 1.4 0.0
1 690.666666667 1.0 64.8 74.6 8.4 0.0
3 746.8 0.0 67.0 49.6 6.0 0.0
2 1547.72222222 0.0 62.2 68.4 5.6 0.0
2 685.5 0.0 54.4 66.8 4.8 0.0
1 475.5 2.0 64.8 74.6 9.0 0.106
2 3236.14705882 1.0 68.0 70.0 2.0 0.0
0 442.0 3.0 50.6 61.4 7.4 0.0
1 7797.5 0.0 60.8 56.6 8.4 0.0
1 544.128205128 3.0 60.6 76.8 3.6 0.002
2 869.75 1.0 65.2 65.6 9.8 0.0
0 3598.0 2.0 60.6 66.4 6.6 0.0
3 592.166666667 2.0 57.8 36.0 6.0 0.0
0 964.0 2.0 66.8 70.0 6.8 0.0
1 755.666666667 2.0 69.6 68.8 4.8 0.0
2 1401.53333333 0.0 56.0 65.6 5.8 0.014
0 736.0 0.0 59.8 69.0 9.0 0.0
0 489.0 0.0 59.8 57.8 6.2 0.0
3 724.5 1.0 68.0 66.8 7.8 0.0
1 647.025 0.0 58.8 75.6 6.4 0.004
0 445.2 3.0 60.6 76.8 3.6 0.002
1 1061.75757576 0.0 62.2 64.0 11.6 0.0
3 1310.25 2.0 62.0 46.6 8.4 0.0
3 958.666666667 2.0 74.0 41.4 3.6 0.0
1 2124.83333333 2.0 69.2 72.8 5.2 0.0
1 5031.52631579 0.0 58.6 71.0 8.6 0.0
0 591.0 1.0 65.2 63.8 10.2 0.0
3 506.666666667 1.0 70.6 60.2 6.2 0.0
1 605.088235294 0.0 63.0 63.6 7.6 0.0
3 1189.83333333 3.0 53.2 82.6 12.2 0.564
3 911.25 0.0 58.2 62.0 6.8 0.0
2 1111.85714286 2.0 56.0 88.0 4.0 0.32
2 1903.11111111 0.0 61.8 48.6 4.6 0.0
2 2158.8 1.0 67.0 69.0 11.0 0.0
2 1329.2 1.0 66.0 69.4 7.6 0.0
0 420.5 1.0 67.8 68.8 6.8 0.0
1 896.931034483 3.0 58.0 76.2 2.8 0.004
2 9800.44444444 0.0 60.0 70.0 7.0 0.0
0 428.5 2.0 63.0 72.0 8.0 0.0
3 877.666666667 0.0 61.2 70.0 6.0 0.0
1 2780.34615385 2.0 68.6 71.2 7.2 0.0
3 488.5 0.0 54.0 71.0 4.0 0.0
1 1115.6 0.0 62.8 67.0 6.4 0.0
3 805.5 0.0 75.4 35.6 5.2 0.0
1 768.72972973 0.0 61.4 70.4 3.8 0.0
3 1405.4 1.0 72.4 64.6 6.6 0.0
2 1180.27272727 0.0 52.0 68.2 4.6 0.02
3 1091.5 1.0 65.6 57.4 6.6 0.0
2 2594.75 2.0 61.8 59.2 5.2 0.0
3 11402.3333333 0.0 47.0 70.0 4.2 0.0
2 789.461538462 0.0 65.4 31.2 10.6 0.0
3 836.75 2.0 57.0 71.0 4.0 0.0
0 403.0 2.0 62.0 80.0 9.0 0.0
2 4722.33333333 2.0 72.4 50.0 3.8 0.0
0 553.5 0.0 53.8 57.0 3.0 0.0
2 3332.39130435 2.0 68.6 68.8 5.8 0.0
1 583.925925926 0.0 52.4 81.0 2.6 0.0
2 1341.9 2.0 55.4 66.0 6.0 0.0
1 494.583333333 3.0 55.8 80.6 9.4 0.114
1 576.642857143 1.0 64.6 71.4 6.4 0.0
2 694.0 0.0 55.8 76.6 2.2 0.0
1 1065.14285714 0.0 58.4 81.4 4.2 0.0
2 219.0 2.0 55.2 75.8 7.8 0.002
2 5376.66666667 0.0 57.4 81.4 8.6 0.296
3 635.0 2.0 63.0 75.0 12.0 0.23
2 1405.0 0.0 63.2 62.4 6.4 0.0
2 2996.5 2.0 62.6 64.8 4.4 0.0
2 708.133333333 0.0 54.0 72.0 4.4 0.0
1 351.0 0.0 52.6 72.0 3.2 0.0
2 2862.27777778 2.0 57.8 77.2 3.4 0.0
1 573.714285714 1.0 70.2 73.6 8.4 0.0
1 504.086956522 3.0 50.0 66.6 8.4 0.0
1 3256.88235294 2.0 62.6 71.4 6.2 0.002
0 349.0 0.0 54.6 52.0 3.4 0.0
0 471.5 0.0 63.8 72.2 7.8 0.0
3 657.333333333 0.0 59.4 66.8 7.6 0.0
1 2657.87878788 1.0 69.6 73.6 6.0 0.0
1 1592.52941176 1.0 73.4 60.8 5.4 0.0
3 1224.6 0.0 55.8 81.4 3.4 0.006
2 1170.83333333 0.0 52.6 72.0 5.2 0.032
2 938.25 0.0 52.8 70.2 6.6 0.008
2 1688.84210526 0.0 62.2 64.0 11.6 0.0
1 567.392857143 2.0 58.6 78.4 4.2 0.0
2 625.944444444 2.0 67.4 74.0 6.8 0.0
2 1380.75 2.0 64.0 48.6 3.4 0.0
0 554.0 0.0 47.0 70.0 4.2 0.0
3 691.166666667 0.0 55.2 76.8 8.4 0.22
2 1163.38888889 0.0 61.0 56.4 6.0 0.0
3 791.4 1.0 71.0 68.0 6.2 0.0
3 1752.25 0.0 57.6 55.8 14.2 0.0
3 387.0 1.0 64.8 74.6 8.4 0.0
3 609.0 3.0 40.6 50.8 2.2 0.0
0 670.666666667 2.0 56.0 83.0 4.0 0.0
3 320.5 0.0 63.0 63.6 7.6 0.0
3 846.75 0.0 66.0 61.0 8.0 0.0
1 2299.79166667 2.0 57.6 66.8 2.0 0.0
2 1586.38095238 1.0 70.0 70.0 7.0 0.0
1 1367.88461538 0.0 59.2 77.0 6.4 0.008
1 2162.2 0.0 61.4 69.6 5.2 0.0
2 1097.42857143 3.0 52.0 50.0 10.0 0.0
3 704.333333333 1.0 69.6 66.0 7.0 0.0
1 611.282051282 0.0 58.0 78.2 4.4 0.0
3 456.0 0.0 58.8 61.6 12.2 0.016
1 746.638888889 0.0 62.2 60.0 5.8 0.0
1 1395.48571429 0.0 67.0 49.6 6.0 0.0
2 548.777777778 3.0 51.4 61.8 1.2 0.0
0 483.75 0.0 56.0 65.6 5.8 0.014
3 1118.75 0.0 59.2 60.6 9.4 0.0
2 712.0 0.0 61.6 77.2 18.0 0.696
0 873.0 2.0 56.6 66.6 2.4 0.0
2 9316.5 0.0 61.4 65.8 4.2 0.0
1 627.372093023 0.0 57.4 71.2 5.6 0.0
3 856.5 1.0 68.0 70.4 8.0 0.0
1 966.586206897 0.0 62.2 68.4 5.6 0.0
3 588.0 3.0 59.8 81.2 3.0 0.028
2 1365.5 1.0 67.6 72.0 7.6 0.0
2 895.894736842 0.0 56.0 61.0 4.4 0.0
2 2091.58333333 0.0 52.8 65.8 4.4 0.0
0 533.0 0.0 58.4 65.8 3.2 0.0
1 8771.8 1.0 73.0 68.8 5.6 0.0
1 1544.23076923 0.0 63.0 66.2 7.2 0.0
0 6712.0 2.0 72.2 63.6 5.0 0.0
3 457.25 0.0 58.0 65.0 6.0 0.0
2 3949.6 3.0 53.2 73.2 4.8 0.078
3 458.0 0.0 57.0 70.0 13.0 0.0
0 568.666666667 2.0 70.6 73.4 6.6 0.002
1 2763.78378378 1.0 71.0 68.0 6.2 0.0
1 1887.24 0.0 48.8 70.8 5.8 0.0
2 1562.32142857 2.0 68.6 56.8 5.0 0.0
1 2061.0 0.0 50.2 91.2 2.2 0.0
1 657.878787879 1.0 69.8 70.8 6.6 0.0
2 546.888888889 0.0 50.0 60.8 1.2 0.0
3 719.0 1.0 62.0 71.0 9.0 0.0
3 743.5 2.0 62.8 61.0 6.2 0.0
1 460.357142857 0.0 56.8 79.6 10.8 0.544
2 939.833333333 0.0 60.0 73.0 6.0 0.26
3 2680.75 0.0 58.6 66.0 5.2 0.0
0 453.0 1.0 74.2 60.2 6.0 0.0
2 662.882352941 0.0 56.0 53.4 8.0 0.0
3 615.666666667 0.0 52.0 68.2 4.6 0.02
3 1109.0 0.0 64.0 68.6 5.0 0.0
3 314.0 2.0 56.6 66.6 2.4 0.0
2 3133.15 1.0 67.8 68.8 6.8 0.0
2 1312.21052632 0.0 62.0 72.0 11.0 0.0
3 785.8 0.0 61.6 64.8 8.2 0.004
1 603.958333333 0.0 58.0 64.0 12.0 0.0
2 2050.71428571 0.0 65.4 49.4 6.4 0.0
3 473.0 3.0 53.0 52.0 12.0 0.0
2 2168.11764706 0.0 62.2 60.0 5.8 0.0
1 903.0 2.0 55.4 68.0 3.6 0.0
1 1837.26666667 0.0 57.6 83.4 3.0 0.0
1 767.666666667 0.0 45.8 74.0 2.4 0.0
3 635.0 0.0 60.8 74.8 3.2 0.0
1 6548.3 2.0 59.2 73.8 4.2 0.0
1 622.769230769 2.0 61.2 59.0 3.6 0.032
2 1457.0 3.0 52.0 64.0 1.2 0.0
2 943.125 1.0 67.2 67.6 9.0 0.0
1 839.641025641 1.0 69.4 72.2 6.4 0.0
3 723.5 1.0 68.6 70.4 7.0 0.0
3 709.0 2.0 69.8 67.6 6.6 0.0
1 699.673469388 1.0 63.2 70.4 9.6 0.0
1 553.076923077 2.0 67.4 74.0 6.8 0.0
2 688.142857143 2.0 63.2 68.8 8.8 0.0
2 929.75 0.0 51.0 60.8 1.8 0.0
2 2497.44444444 3.0 49.6 70.2 3.2 0.0
1 5406.8 1.0 69.0 72.2 6.8 0.0
1 476.694444444 0.0 55.0 56.0 9.0 0.0
2 661.846153846 2.0 56.2 82.2 4.8 0.0
1 434.466666667 2.0 55.6 64.6 6.4 0.002
0 1116.0 0.0 59.4 60.4 3.6 0.0
2 625.0 2.0 56.8 88.4 5.4 0.348
1 744.4375 1.0 66.2 73.2 7.8 0.0
1 910.2 2.0 68.4 73.0 8.4 0.0
1 1001.54166667 2.0 68.6 56.8 5.0 0.0
1 1731.94117647 0.0 59.0 63.0 4.0 0.0
3 409.5 1.0 69.8 70.8 6.6 0.0
2 2642.05263158 0.0 66.4 59.8 4.0 0.0
1 712.666666667 3.0 60.0 83.4 4.4 0.018
2 1215.83333333 0.0 57.2 59.0 3.4 0.0
1 642.974358974 2.0 61.0 68.0 6.0 0.0
3 2993.16666667 2.0 65.2 42.4 2.4 0.0
2 1396.66666667 2.0 57.6 71.6 5.6 0.0
3 1329.0 0.0 64.2 44.2 9.0 0.0
3 370.0 2.0 67.0 79.0 9.0 0.0
1 559.052631579 1.0 71.4 69.4 5.8 0.0
3 341.0 0.0 54.0 72.0 4.4 0.0
2 1364.72222222 1.0 74.2 60.2 6.0 0.0
3 1089.90909091 1.0 77.2 53.0 6.0 0.0
3 775.0 0.0 49.0 87.0 2.0 0.0
3 1619.0 2.0 67.0 53.0 6.0 0.0
2 3475.5 1.0 68.0 71.2 8.4 0.0
2 3958.18181818 0.0 68.6 59.6 3.6 0.0
3 696.0 2.0 54.0 69.2 6.0 0.0
2 751.857142857 3.0 51.0 69.0 14.0 0.0
0 1047.33333333 2.0 70.0 66.8 7.2 0.0
1 8498.55555556 0.0 62.0 65.4 9.4 0.0
2 2622.6 2.0 70.0 64.0 7.0 0.0
0 230.0 1.0 71.2 70.2 9.0 0.0
1 7979.2 0.0 59.4 60.4 3.6 0.0
3 260.0 2.0 55.2 75.8 7.8 0.002
2 759.9 2.0 70.6 73.4 6.6 0.002
3 1196.25 0.0 59.2 62.2 6.2 0.0
1 592.083333333 2.0 56.0 85.8 3.4 0.184
1 637.921052632 0.0 59.0 69.0 9.0 0.0
3 376.666666667 3.0 44.4 59.4 1.4 0.0
0 240.0 1.0 63.2 70.4 9.6 0.0
1 673.217391304 2.0 63.6 79.6 5.0 0.0
1 1255.9375 0.0 61.6 42.8 10.6 0.0
1 924.866666667 1.0 67.0 63.0 9.0 0.0
2 849.666666667 3.0 62.8 79.4 5.0 0.094
0 419.0 2.0 61.8 69.2 3.4 0.0
3 657.0 2.0 61.4 68.4 4.2 0.0
1 2484.5 1.0 63.6 62.8 9.0 0.0
2 5296.27272727 1.0 67.2 69.0 6.2 0.0
1 623.272727273 3.0 44.4 63.8 1.4 0.0
2 746.083333333 0.0 57.2 74.2 7.8 0.19
1 912.9 2.0 68.6 67.2 7.8 0.0
1 2817.95833333 2.0 69.0 32.0 6.6 0.0
2 1339.66666667 0.0 62.4 85.8 6.6 0.086
0 451.0 0.0 61.4 70.4 3.8 0.0
3 468.333333333 0.0 61.4 73.0 8.2 0.0
1 574.363636364 0.0 52.8 67.2 3.2 0.0
3 2264.5 1.0 62.0 68.4 8.0 0.0
1 1266.25 0.0 62.8 67.0 3.4 0.0
1 698.666666667 0.0 44.6 45.4 3.8 0.0
2 1284.8125 0.0 55.6 61.4 3.8 0.0
1 581.0 0.0 56.6 73.2 3.4 0.0
2 932.0 0.0 55.4 74.8 4.8 0.0
1 842.909090909 0.0 54.4 61.8 10.2 0.0
0 707.5 2.0 54.8 53.8 4.8 0.0
1 2353.83333333 0.0 52.8 65.8 4.4 0.0
2 4994.17391304 1.0 68.6 66.4 7.4 0.0
3 1191.0 0.0 60.6 58.2 6.8 0.0
2 929.928571429 0.0 59.4 64.2 8.6 0.0
2 4127.2962963 0.0 53.0 76.6 5.0 0.004
0 372.5 1.0 68.2 68.8 8.0 0.0
1 4211.44444444 0.0 57.8 67.0 3.6 0.0
0 370.0 0.0 59.8 69.0 6.0 0.214
2 2173.76923077 1.0 64.0 53.4 7.2 0.0
3 549.0 1.0 69.8 67.8 7.6 0.0
0 2910.85714286 2.0 71.6 43.0 3.6 0.0
0 461.333333333 0.0 67.0 49.6 6.0 0.0
3 617.0 1.0 73.4 60.8 5.4 0.0
0 589.5 0.0 66.4 57.6 5.6 0.0
2 1197.64285714 0.0 55.2 74.6 3.6 0.002
1 614.076923077 2.0 70.2 64.4 4.2 0.0
1 530.114285714 0.0 74.8 35.2 4.2 0.0
2 2239.54545455 2.0 70.0 66.8 4.6 0.0
0 257.0 3.0 47.8 64.8 1.0 0.0
3 653.4 0.0 55.6 61.4 3.8 0.0
1 632.769230769 0.0 51.0 60.8 1.8 0.0
1 719.973684211 1.0 70.4 48.2 6.0 0.0
0 486.75 1.0 62.6 66.8 8.0 0.0
0 1184.0 3.0 48.8 71.8 3.8 0.0
0 560.0 0.0 56.6 46.2 3.6 0.0
1 4902.0 0.0 65.2 58.0 5.2 0.0
2 908.833333333 0.0 54.6 52.0 3.4 0.0
1 580.882352941 0.0 49.6 73.2 3.0 0.0
3 368.0 0.0 55.2 68.0 6.0 0.048
1 8185.38461538 3.0 47.4 65.4 1.0 0.0
1 663.743589744 2.0 68.2 75.2 5.8 0.0
1 563.923076923 0.0 55.6 61.4 3.8 0.0
1 497.0 0.0 56.0 73.0 7.0 0.036
1 492.727272727 0.0 47.0 70.0 4.2 0.0
2 3636.19047619 0.0 62.0 65.4 9.4 0.0
2 696.714285714 1.0 67.4 68.4 8.6 0.0
3 435.0 2.0 60.0 60.0 7.0 0.0
0 420.0 1.0 70.6 65.4 8.0 0.002
1 714.038461538 1.0 72.4 64.6 6.6 0.0
3 480.0 0.0 61.0 56.4 6.0 0.0
3 608.0 2.0 58.0 74.0 2.6 0.0
1 519.432432432 0.0 75.4 35.6 5.2 0.0
2 811.0625 1.0 64.8 65.8 7.2 0.0
2 1667.0 1.0 72.6 70.4 7.2 0.0
1 621.95 2.0 56.4 79.2 4.6 0.208
0 429.333333333 1.0 67.8 73.0 7.2 0.0
2 1931.1 2.0 59.0 50.6 1.2 0.0
1 1053.22727273 2.0 60.6 58.2 2.0 0.0
1 540.903225806 0.0 56.2 47.0 1.8 0.0
0 489.0 2.0 53.8 70.8 1.2 0.0
1 624.461538462 0.0 54.6 52.0 3.4 0.0
3 419.5 0.0 56.0 84.6 5.2 0.0
2 1667.94444444 0.0 59.8 69.0 9.0 0.0
1 1120.11111111 2.0 72.0 57.2 3.6 0.0
3 367.0 3.0 41.0 60.2 1.2 0.0
2 3011.0 1.0 69.0 69.0 8.0 0.0
2 5601.45 1.0 69.6 66.0 7.0 0.0
1 6734.85714286 0.0 62.0 63.0 6.0 0.0
0 547.0 0.0 58.8 75.6 6.4 0.004
2 1905.11111111 0.0 56.6 73.2 3.4 0.0
3 368.0 0.0 52.4 69.2 1.2 0.0
2 1151.625 2.0 57.0 75.2 5.8 0.01
2 873.538461538 3.0 51.4 60.0 1.0 0.0
2 1840.66666667 0.0 55.0 65.0 8.0 0.01
0 432.333333333 1.0 66.2 62.2 7.6 0.0
2 5074.82352941 2.0 66.8 70.6 6.2 0.0
1 1342.28 2.0 68.0 67.0 7.0 0.0
1 419.545454545 0.0 55.2 76.8 8.4 0.22
3 1358.5 0.0 42.8 69.4 2.0 0.0
0 846.0 2.0 70.0 66.8 4.6 0.0
1 3947.25 0.0 59.2 62.2 6.2 0.0
0 435.5 2.0 69.0 32.0 6.6 0.0
3 993.0 3.0 52.6 46.0 2.0 0.0
2 3152.0625 2.0 56.0 64.8 3.4 0.0
3 831.0 3.0 57.8 82.0 3.2 0.0
0 558.666666667 0.0 52.0 74.2 2.6 0.0
3 501.666666667 0.0 54.6 60.6 3.4 0.0
1 3050.69230769 2.0 54.0 69.2 6.0 0.0
0 415.5 2.0 59.2 62.4 4.2 0.0
2 2116.58823529 0.0 60.8 72.8 5.4 0.0
1 1146.17391304 1.0 68.6 66.4 7.4 0.0
0 471.0 0.0 55.2 76.8 8.4 0.22
3 443.0 2.0 54.6 66.8 1.6 0.0
1 792.25 2.0 60.2 70.2 6.8 0.042
3 1369.88888889 1.0 65.6 72.4 6.8 0.0
3 1713.5 1.0 69.4 72.8 7.6 0.0
2 1328.72727273 0.0 58.4 63.4 8.4 0.0
1 3511.08333333 2.0 56.6 69.0 5.2 0.0
0 664.0 0.0 63.0 63.0 9.0 0.01
1 1868.27777778 1.0 69.6 66.0 7.0 0.0
0 434.25 0.0 52.0 86.0 2.0 0.0
3 991.5 2.0 64.6 79.4 5.4 0.0
3 1187.66666667 1.0 68.6 58.8 7.0 0.0
3 512.0 2.0 67.8 68.6 4.0 0.0
2 934.761904762 0.0 61.0 65.2 7.0 0.002
3 494.333333333 2.0 62.6 74.2 6.0 0.006
2 620.3 2.0 60.4 64.8 5.6 0.0
3 570.75 2.0 74.6 41.8 3.4 0.0
0 440.5 0.0 60.2 60.0 5.4 0.0
1 847.256410256 3.0 57.8 82.0 3.2 0.0
3 445.625 1.0 68.6 66.4 7.4 0.0
0 442.0 1.0 61.2 63.2 9.4 0.0
1 524.217391304 0.0 56.6 71.0 8.2 0.01
2 2220.66666667 0.0 52.4 60.8 2.2 0.0
0 244.0 0.0 52.4 60.8 2.2 0.0
0 790.0 1.0 67.6 71.8 6.0 0.0
2 683.8 0.0 56.6 46.2 3.6 0.0
2 1153.14285714 0.0 73.0 42.8 5.2 0.0
2 1452.05555556 3.0 50.4 63.0 1.8 0.0
2 601.111111111 3.0 60.4 82.8 6.4 0.028
1 2083.7027027 0.0 60.0 45.0 7.8 0.0
2 1367.73333333 0.0 57.4 67.2 5.6 0.0
2 1431.75862069 0.0 60.2 60.0 5.4 0.0
3 426.0 1.0 68.2 68.8 8.0 0.0
0 703.0 2.0 63.0 60.2 6.4 0.0
3 576.666666667 0.0 57.6 65.4 6.0 0.0
0 262.0 3.0 61.0 86.0 12.0 1.43
1 526.5 0.0 50.0 60.8 1.2 0.0
0 279.5 2.0 68.8 66.6 6.8 0.0
2 759.666666667 0.0 60.0 74.0 9.6 0.0
3 530.0 2.0 67.4 74.0 6.8 0.0
2 2275.30769231 3.0 43.2 51.0 3.4 0.0
0 697.0 1.0 66.2 73.2 7.8 0.0
0 3346.0 1.0 64.8 74.6 8.4 0.0
3 3791.0 0.0 53.4 52.6 2.2 0.0
0 319.5 2.0 55.6 64.6 6.4 0.002
2 844.636363636 0.0 61.6 69.6 5.8 0.0
1 2469.5 0.0 50.8 71.8 4.6 0.0
3 546.0 0.0 54.4 85.4 3.6 0.002
0 345.333333333 0.0 62.4 66.2 5.8 0.0
2 2919.52777778 0.0 60.0 66.4 7.4 0.0
0 24588.0 0.0 48.2 76.0 1.6 0.0
3 684.0 0.0 53.8 57.0 3.0 0.0
1 1269.66666667 1.0 65.0 63.2 6.2 0.0
2 1610.27777778 2.0 72.0 57.2 3.6 0.0
1 618.625 2.0 69.2 70.4 5.0 0.0
1 585.545454545 2.0 66.0 64.0 9.6 0.0
2 1386.875 0.0 59.0 63.0 4.0 0.0
1 2162.33333333 3.0 62.8 79.4 5.0 0.094
1 571.096774194 1.0 68.0 66.8 7.8 0.0
0 534.0 1.0 62.0 68.4 8.0 0.0
0 403.5 0.0 60.0 68.0 7.0 0.0
1 1150.02777778 0.0 50.0 58.0 5.0 0.0
3 406.666666667 2.0 54.8 53.8 4.8 0.0
2 4324.88888889 0.0 62.8 67.0 6.4 0.0
1 1488.5 0.0 57.0 60.6 3.8 0.0
0 470.666666667 0.0 51.0 73.0 5.0 0.0
3 2551.0 0.0 56.0 71.0 6.0 0.0
0 410.0 1.0 69.0 68.6 8.0 0.0
2 2891.84615385 1.0 67.6 71.8 6.0 0.0
2 821.454545455 2.0 54.8 53.8 4.8 0.0
2 2365.60869565 2.0 65.4 46.8 3.6 0.0
0 501.0 0.0 57.8 47.8 6.8 0.0
2 2375.78571429 2.0 64.8 74.6 9.0 0.106
1 754.8 2.0 60.8 58.6 3.2 0.0
2 2234.5 1.0 69.0 72.2 6.8 0.0
1 1830.15909091 2.0 61.8 69.2 3.4 0.0
3 598.0 1.0 71.2 70.2 9.0 0.0
0 775.6 3.0 60.4 82.8 6.4 0.028
1 1264.63636364 2.0 55.4 66.0 6.0 0.0
2 689.454545455 0.0 53.2 55.0 1.8 0.0
2 1446.3125 2.0 57.8 36.0 6.0 0.0
1 540.304347826 2.0 54.8 53.8 4.8 0.0
3 700.0 2.0 56.8 83.0 4.4 0.272
2 955.916666667 0.0 41.8 64.6 2.0 0.0
3 549.0 0.0 60.6 85.0 4.2 0.004
1 2116.0 0.0 57.4 75.6 7.0 0.014
0 501.0 0.0 55.6 80.4 5.4 0.082
3 677.222222222 2.0 62.8 50.8 6.4 0.0
2 3410.80952381 0.0 49.2 58.0 1.6 0.0
1 5074.5 2.0 53.2 73.8 3.0 0.0
3 621.5 0.0 59.6 66.8 6.2 0.0
0 525.0 0.0 55.8 62.0 6.6 0.002
0 611.333333333 2.0 65.4 70.0 6.8 0.0
1 700.366666667 0.0 57.0 59.8 6.2 0.0
3 421.333333333 2.0 65.4 73.2 5.2 0.0
3 861.25 2.0 70.0 66.8 7.2 0.0
1 4681.31578947 0.0 49.2 58.0 1.6 0.0
2 994.05 0.0 53.2 52.8 2.0 0.0
3 1060.83333333 1.0 64.0 73.0 10.0 0.0
3 1014.875 1.0 66.2 62.2 7.6 0.0
2 644.785714286 0.0 56.8 69.0 8.6 0.0
0 864.0 2.0 69.0 76.8 6.4 0.0
3 447.5 0.0 56.8 79.6 10.8 0.544
0 310.5 1.0 68.6 70.4 7.0 0.0
0 426.0 0.0 60.2 70.0 6.6 0.0
0 512.25 2.0 60.0 60.0 7.0 0.0
0 407.666666667 0.0 59.4 64.2 8.6 0.0
0 600.0 2.0 69.0 66.0 9.0 0.0
2 1637.25 0.0 59.6 70.2 7.8 0.004
0 260.0 2.0 57.8 77.2 3.4 0.0
3 336.0 0.0 41.8 64.6 2.0 0.0
1 550.0 0.0 69.4 63.8 5.0 0.0
3 893.333333333 2.0 70.0 66.8 4.6 0.0
2 668.181818182 2.0 65.2 72.6 5.0 0.0
3 663.666666667 0.0 59.0 84.0 4.0 0.0
1 1785.68421053 0.0 56.8 69.0 8.6 0.0
2 883.538461538 0.0 52.4 81.0 2.6 0.0
1 595.424242424 0.0 53.8 57.0 3.0 0.0
2 1476.60416667 0.0 65.6 60.0 4.0 0.0
2 2874.60869565 0.0 60.4 55.0 10.6 0.0
1 1178.41666667 2.0 64.6 79.4 5.4 0.0
1 928.304347826 2.0 67.4 64.2 5.6 0.0
2 849.357142857 0.0 63.0 60.4 4.2 0.0
1 585.974358974 0.0 56.0 84.6 5.2 0.0
1 2136.84210526 2.0 53.0 72.2 2.0 0.0
2 3408.66666667 2.0 65.6 75.0 8.0 0.0
0 484.666666667 3.0 51.4 60.0 1.0 0.0
3 702.0 0.0 57.8 47.8 6.8 0.0
1 572.428571429 0.0 53.0 86.0 8.0 0.096
2 1207.94736842 0.0 59.0 73.0 9.0 0.0
1 1228.1 2.0 60.0 73.6 3.2 0.0
1 635.428571429 0.0 63.2 62.4 6.4 0.0
0 697.0 2.0 66.0 69.0 10.0 0.0
2 2812.95 2.0 58.0 74.0 2.6 0.0
1 632.9375 1.0 66.4 74.8 8.0 0.0
2 550.727272727 1.0 66.2 73.2 7.8 0.0
0 868.5 1.0 62.2 65.6 6.4 0.0
3 962.0 0.0 59.0 72.0 13.0 0.0
3 856.0 0.0 56.0 63.0 8.0 0.0
3 721.0 0.0 55.0 72.0 15.0 0.52
0 538.4 2.0 68.0 67.0 7.0 0.0
3 1722.0 2.0 69.8 54.2 4.2 0.0
2 979.333333333 1.0 71.4 69.4 5.8 0.0
1 2920.92307692 2.0 62.8 51.0 3.2 0.0
3 391.5 0.0 56.0 65.6 5.8 0.014
3 826.666666667 0.0 63.6 70.6 8.0 0.0
2 1392.10526316 3.0 46.2 70.8 2.2 0.0
2 1246.83333333 3.0 45.0 60.0 1.0 0.0
1 6651.0 2.0 58.0 64.0 4.0 0.0
2 746.454545455 2.0 57.6 65.8 9.6 0.0
3 1084.0 1.0 68.0 70.8 7.4 0.0
1 911.333333333 0.0 52.6 72.0 5.2 0.032
1 520.405405405 0.0 67.8 42.8 4.8 0.0
0 432.75 2.0 56.0 86.0 5.0 0.01
1 482.764705882 2.0 57.0 73.0 4.4 0.0
2 983.833333333 2.0 65.8 70.4 7.4 0.0
0 1120.0 2.0 67.2 73.2 5.6 0.0
0 554.8 3.0 61.6 80.6 4.6 0.006
0 2641.0 0.0 65.2 58.0 5.2 0.0
2 408.75 0.0 55.2 76.8 8.4 0.22
2 74282.2 1.0 65.6 57.4 6.6 0.0
2 866.133333333 1.0 62.0 68.4 8.0 0.0
0 560.0 0.0 59.6 71.2 8.4 0.0
1 2836.875 2.0 64.0 48.6 3.4 0.0
0 393.0 0.0 66.6 64.0 3.6 0.0
2 406.75 2.0 60.2 70.2 6.8 0.042
0 372.4 1.0 71.0 69.0 7.6 0.0
3 685.5 2.0 64.0 48.6 3.4 0.0
3 441.75 0.0 62.2 60.0 5.8 0.0
1 969.375 3.0 49.6 70.2 3.2 0.0
2 769.272727273 2.0 64.8 78.0 6.2 0.0
1 728.564102564 0.0 57.0 82.0 6.0 0.0
3 765.25 0.0 64.8 68.8 7.6 0.0
3 484.0 0.0 57.8 75.4 10.6 0.762
1 631.52173913 0.0 52.0 74.2 2.6 0.0
1 694.857142857 0.0 62.4 66.2 5.8 0.0
1 2109.28571429 0.0 59.0 71.8 8.2 0.0
1 730.555555556 1.0 61.4 66.2 8.8 0.0
1 2435.11111111 0.0 56.4 67.4 4.2 0.0
3 963.714285714 2.0 57.8 61.4 2.4 0.0
3 371.0 0.0 59.0 71.8 8.2 0.0
0 400.333333333 2.0 67.6 72.2 7.0 0.0
3 543.333333333 2.0 68.0 67.0 7.0 0.0
2 2267.6 2.0 69.2 70.4 5.0 0.0
2 623.0 1.0 72.4 64.6 6.6 0.0
0 385.5 3.0 56.0 76.6 8.6 0.306
3 745.0 2.0 66.0 77.0 9.0 0.0
0 543.0 2.0 58.8 46.6 3.0 0.0
2 778.916666667 1.0 67.8 73.0 7.2 0.0
3 695.5 0.0 59.0 73.0 8.0 0.0
0 387.666666667 0.0 59.8 67.2 8.2 0.0
2 2089.08333333 0.0 45.8 74.0 2.4 0.0
2 5480.25 2.0 66.2 73.6 6.2 0.0
1 1144.52173913 0.0 60.0 64.8 7.4 0.0
2 2057.76470588 0.0 64.8 46.8 8.4 0.0
0 571.0 2.0 68.6 56.8 5.0 0.0
3 1006.33333333 3.0 58.0 76.2 2.8 0.004
2 4458.77777778 2.0 68.4 73.0 8.4 0.0
1 1361.75 2.0 58.6 81.0 6.6 0.226
3 964.0 1.0 66.8 68.8 7.4 0.0
3 959.571428571 2.0 66.8 70.6 6.2 0.0
2 898.142857143 0.0 58.0 57.0 13.0 0.0
3 775.0 1.0 62.2 65.6 6.4 0.0
2 1292.0 0.0 54.6 80.0 2.4 0.0
2 1621.125 0.0 75.4 45.6 4.4 0.0
1 5397.14285714 0.0 53.4 70.4 7.4 0.0
2 1895.23529412 2.0 65.6 74.6 4.4 0.0
0 654.333333333 2.0 67.4 74.0 6.8 0.0
2 2011.52 0.0 59.0 67.0 7.0 0.0
3 863.166666667 2.0 58.6 81.0 6.6 0.226
3 1182.0 0.0 63.0 68.0 4.8 0.0
2 737.266666667 2.0 56.0 83.0 4.0 0.0
2 2550.64705882 2.0 68.0 65.8 9.0 0.0
0 374.5 1.0 68.6 68.4 7.0 0.0
1 1266.23076923 2.0 62.0 60.2 11.8 0.0
3 458.0 0.0 61.0 73.2 6.0 0.04
2 618.333333333 0.0 47.6 69.0 2.0 0.0
1 18831.0 2.0 59.8 80.6 8.6 0.056
2 3394.0 2.0 55.4 68.0 3.6 0.0
3 1028.0 0.0 63.0 66.2 7.2 0.0
3 1204.0 1.0 69.0 73.0 6.8 0.0
1 806.75 1.0 70.6 60.2 6.2 0.0
0 617.0 2.0 68.8 64.2 7.2 0.342
2 955.0 1.0 67.8 72.0 8.6 0.0
2 795.0 0.0 64.0 68.6 5.0 0.0
2 1083.94444444 1.0 70.6 65.4 8.0 0.002
0 448.8 2.0 57.0 69.0 4.0 0.0
2 406.5 2.0 54.6 59.4 5.2 0.0
2 934.347826087 2.0 71.6 65.2 6.4 0.0
1 516.172413793 3.0 51.4 61.8 1.2 0.0
0 573.5 0.0 63.2 62.4 6.4 0.0
0 452.25 2.0 62.0 65.0 4.0 0.0
2 3807.0 1.0 70.8 58.2 8.2 0.0
1 855.5 0.0 46.4 51.4 13.6 0.0
3 1085.375 2.0 71.4 65.6 5.8 0.0
3 839.666666667 1.0 67.2 69.0 6.2 0.0
1 1850.72727273 2.0 62.0 46.6 8.4 0.0
2 1249.0 2.0 61.4 68.4 4.2 0.0
2 574.888888889 0.0 57.8 78.6 3.6 0.0
3 1565.5 3.0 51.4 63.4 1.2 0.0
1 678.363636364 0.0 62.0 57.0 9.0 0.0
2 830.75 0.0 60.8 68.2 6.8 0.0
2 2516.14285714 3.0 52.6 46.0 2.0 0.0
0 330.0 2.0 62.0 46.6 8.4 0.0
1 5436.08333333 2.0 55.0 71.0 4.0 0.0
3 451.0 3.0 39.2 60.2 4.6 0.0
1 529.333333333 0.0 51.2 61.6 0.8 0.0
0 343.0 0.0 60.4 70.4 2.0 0.0
1 489.392857143 2.0 60.4 62.6 4.4 0.0
1 636.148148148 0.0 60.0 69.2 13.0 0.0
3 597.333333333 2.0 61.8 59.2 5.2 0.0
3 535.0 2.0 70.6 73.4 6.6 0.002
2 1635.86666667 2.0 56.6 69.0 5.2 0.0
3 364.0 0.0 50.4 78.8 2.6 0.0
3 787.5 0.0 59.4 69.8 10.0 0.054
2 3079.30769231 2.0 62.0 61.6 2.2 0.0
2 1085.0 1.0 70.4 73.2 7.4 0.0
1 616.0 2.0 59.8 85.6 5.8 0.194
1 1745.0 1.0 67.2 67.6 9.0 0.0
0 688.666666667 1.0 64.2 70.6 8.0 0.0
2 5307.5 2.0 52.2 67.0 2.0 0.0
3 164.0 0.0 57.4 57.6 8.6 0.0
2 2618.84 1.0 68.6 58.8 7.0 0.0
1 1345.52631579 2.0 71.4 65.6 5.8 0.0
3 1045.0 2.0 61.8 73.6 1.4 0.0
3 654.0 0.0 59.0 71.0 10.0 0.05
3 707.0 2.0 60.0 73.6 3.2 0.0
1 3673.75 3.0 43.8 63.8 8.6 0.064
1 552.434782609 2.0 56.2 82.2 4.8 0.0
0 699.0 2.0 65.2 42.4 2.4 0.0
1 886.735294118 2.0 60.4 64.8 5.6 0.0
3 496.75 0.0 58.0 65.8 7.8 0.0
0 320.5 3.0 53.2 82.6 12.2 0.564
3 948.0 1.0 63.6 62.8 9.0 0.0
1 503.142857143 1.0 64.8 65.8 7.2 0.0
0 565.0 0.0 60.6 85.0 4.2 0.004
1 555.393939394 2.0 64.8 64.6 2.4 0.0
2 1196.125 0.0 53.6 82.6 3.0 0.0
0 459.333333333 2.0 60.0 72.0 5.0 0.0
1 518.96969697 0.0 75.4 45.6 4.4 0.0
0 546.0 0.0 56.0 73.0 7.0 0.036
0 1244.66666667 0.0 61.8 67.6 10.8 0.0
3 13781.5 3.0 44.4 63.8 1.4 0.0
2 725.818181818 3.0 52.2 66.4 1.2 0.0
0 379.0 0.0 56.6 71.0 8.2 0.01
0 540.333333333 1.0 70.4 48.2 6.0 0.0
0 559.0 0.0 55.6 61.4 3.8 0.0
3 2927.25 0.0 53.8 84.8 3.0 0.0
1 990.166666667 0.0 52.6 66.8 2.6 0.0
1 634.25 0.0 53.2 55.0 1.8 0.0
1 583.551724138 0.0 61.6 64.8 8.2 0.004
1 642.933333333 2.0 56.0 64.8 3.4 0.0
2 989.2 3.0 47.4 65.4 1.0 0.0
2 1288.5 2.0 57.8 61.4 2.4 0.0
1 539.428571429 0.0 60.4 78.8 7.2 0.0
1 525.617647059 0.0 58.2 71.2 8.6 0.0
1 1413.57692308 1.0 65.0 70.0 5.8 0.0
1 498.0 0.0 57.8 78.6 3.6 0.0
3 1751.57142857 2.0 67.2 40.2 2.8 0.002
2 11445.0 2.0 53.0 69.2 1.0 0.0
3 901.333333333 1.0 75.2 63.0 6.4 0.0
1 1892.17241379 2.0 70.0 66.8 7.2 0.0
2 1151.88235294 0.0 58.4 81.6 3.2 0.0
0 569.0 2.0 65.0 72.0 7.0 0.0
1 561.259259259 0.0 58.8 61.6 12.2 0.016
0 452.0 1.0 72.6 70.4 7.2 0.0
1 544.76 1.0 67.2 69.8 9.4 0.004
0 305.666666667 1.0 68.0 71.2 8.4 0.0
2 2513.30769231 3.0 50.0 61.0 2.0 0.0
0 989.333333333 0.0 60.2 72.0 11.0 0.092
2 1163.72727273 0.0 54.2 59.2 7.8 0.0
3 345.0 0.0 62.4 66.2 5.8 0.0
1 541.138888889 2.0 65.2 72.2 3.2 0.002
2 758.333333333 2.0 58.6 81.0 6.6 0.226
3 13040.5 2.0 66.2 73.6 6.2 0.0
0 368.8 0.0 58.2 73.4 1.8 0.0
0 496.0 1.0 69.6 66.0 7.0 0.0
2 542.846153846 0.0 56.6 71.0 8.2 0.01
2 900.227272727 0.0 58.2 62.0 6.8 0.0
2 1467.11111111 2.0 61.0 84.6 6.6 0.088
2 2915.17857143 2.0 57.6 66.8 2.0 0.0
1 6287.25 2.0 72.4 50.0 3.8 0.0
3 617.0 2.0 56.2 82.2 4.8 0.0
2 1690.2 1.0 68.0 69.8 7.2 0.0
3 650.666666667 0.0 59.0 69.0 12.0 0.0
2 770.153846154 0.0 54.0 63.0 12.0 0.0
1 5881.06666667 1.0 69.0 71.2 7.6 0.0
0 368.0 1.0 63.2 65.0 7.2 0.0
1 2236.23076923 0.0 65.0 61.0 8.0 0.0
0 468.0 0.0 58.0 78.2 4.4 0.0
3 1034.0 2.0 68.6 56.8 5.0 0.0
0 429.5 0.0 53.6 82.6 3.0 0.0
2 985.0 2.0 59.8 80.6 8.6 0.056
1 538.952380952 0.0 59.4 47.4 4.0 0.0
2 3360.47058824 2.0 64.6 79.4 5.4 0.0
3 464.0 1.0 69.2 67.4 8.4 0.0
1 453.772727273 0.0 53.4 52.6 2.2 0.0
1 1709.1 0.0 67.4 59.0 6.8 0.0
0 1023.0 2.0 54.0 69.2 6.0 0.0
2 2338.81818182 3.0 52.6 82.2 3.0 0.172
1 2128.22222222 0.0 54.2 59.2 7.8 0.0
1 682.575757576 0.0 61.4 55.0 10.0 0.0
1 683.0 0.0 55.4 89.2 2.6 0.0
1 557.795454545 2.0 65.2 72.6 5.0 0.0
1 2827.16 2.0 62.8 50.8 6.4 0.0
2 707.076923077 3.0 58.8 83.0 2.8 0.0
1 642.742857143 2.0 55.2 52.2 3.6 0.0
3 288.5 0.0 58.4 50.0 4.4 0.0
1 3768.90909091 1.0 68.0 70.0 7.8 0.0
2 677.583333333 0.0 62.4 66.2 5.8 0.0
1 629.258064516 1.0 68.6 70.4 7.0 0.0
2 1276.38461538 0.0 53.8 84.8 3.0 0.0
1 562.078947368 2.0 68.6 73.6 6.2 0.0
1 860.5 1.0 71.2 70.2 9.0 0.0
1 907.4 2.0 63.4 76.6 6.2 0.35
0 2587.5 0.0 67.8 57.8 6.6 0.0
3 330.5 0.0 53.2 52.8 2.0 0.0
1 511.142857143 0.0 62.0 64.0 16.0 0.0
1 578.69047619 0.0 55.0 63.0 6.0 0.0
1 2119.625 2.0 60.6 66.4 6.6 0.0
3 434.0 0.0 61.8 48.6 4.6 0.0
2 517.5 0.0 60.6 79.8 5.0 0.0
1 4191.95238095 0.0 55.8 81.4 3.4 0.006
3 1457.0 0.0 52.0 74.2 2.6 0.0
0 613.5 1.0 64.0 53.4 7.2 0.0
0 546.0 0.0 64.6 67.0 8.2 0.0
3 3296.6 1.0 67.8 73.0 7.2 0.0
2 660.692307692 0.0 52.8 71.0 4.4 0.0
3 515.0 2.0 56.0 85.8 3.4 0.184
3 236.0 1.0 66.4 74.8 8.0 0.0
0 377.0 2.0 55.4 66.0 6.0 0.0
1 3249.0 0.0 48.8 60.2 4.6 0.0
1 592.387096774 2.0 67.8 68.6 4.0 0.0
2 1132.66666667 1.0 69.4 72.8 7.6 0.0
2 1686.85714286 3.0 60.8 84.2 10.8 0.93
1 1807.73333333 0.0 54.4 85.4 3.6 0.002
2 2117.06666667 0.0 60.8 56.6 8.4 0.0
3 636.75 2.0 63.2 68.8 8.8 0.0
2 2250.54285714 2.0 70.0 66.8 7.2 0.0
2 4384.48148148 1.0 65.6 71.4 9.4 0.0
1 1041.45 2.0 67.2 67.8 5.6 0.0
3 1190.16666667 0.0 61.4 55.0 10.0 0.0
0 484.0 2.0 53.2 73.8 3.0 0.0
3 498.0 0.0 50.0 84.0 3.0 0.0
1 604.857142857 0.0 58.4 71.0 2.2 0.0
3 555.0 0.0 60.8 72.8 5.4 0.0
1 671.755555556 0.0 51.4 71.6 3.0 0.0
2 581.818181818 0.0 60.0 69.2 13.0 0.0
1 4386.22222222 2.0 74.0 41.4 3.6 0.0
0 357.0 0.0 57.4 75.6 7.0 0.014
2 829.304347826 1.0 64.2 69.0 7.8 0.0
3 682.25 0.0 57.8 78.6 3.6 0.0
1 521.352941176 2.0 59.2 62.4 4.2 0.0
0 9977.44444444 1.0 72.6 66.6 7.4 0.0
2 1046.375 2.0 72.2 70.0 7.6 0.0
3 751.285714286 0.0 58.0 60.0 18.0 0.0
0 598.25 2.0 69.8 54.2 4.2 0.0
0 667.0 2.0 67.2 35.6 2.4 0.0
1 519.684210526 3.0 52.8 78.2 5.0 0.0
3 796.777777778 0.0 64.6 67.0 8.2 0.0
2 715.80952381 0.0 60.0 45.0 7.8 0.0
3 448.142857143 1.0 64.0 53.4 7.2 0.0
1 641.0 2.0 57.6 65.8 9.6 0.0
0 201.0 2.0 60.0 81.0 4.0 0.01
2 1417.14285714 0.0 48.2 76.0 1.6 0.0
0 499.5 0.0 55.6 81.2 3.2 0.0
1 589.655172414 0.0 57.0 74.4 5.6 0.0
2 592.526315789 1.0 62.6 66.8 8.0 0.0
1 508.384615385 0.0 55.6 80.4 5.4 0.082
3 363.0 0.0 54.6 34.4 9.4 0.0
1 1788.23076923 3.0 53.2 73.2 4.8 0.078
1 2728.78571429 2.0 56.8 88.4 5.4 0.348
2 1743.21428571 0.0 57.0 74.0 12.0 0.0
3 279.0 3.0 50.4 82.2 1.8 0.004
1 570.178571429 2.0 67.6 72.2 7.0 0.0
0 337.0 0.0 56.2 47.0 1.8 0.0
0 718.555555556 0.0 60.8 67.4 6.6 0.0
0 597.5 0.0 63.0 63.6 7.6 0.0
0 779.25 0.0 61.0 56.4 6.0 0.0
2 760.294117647 2.0 58.2 70.0 4.0 0.0
1 550.294117647 0.0 50.4 78.8 2.6 0.0
3 579.0 2.0 76.2 52.8 4.2 0.0
3 798.5 0.0 55.4 68.6 7.4 0.008
2 3945.36363636 0.0 50.8 71.8 4.6 0.0
2 932.6875 1.0 68.6 70.2 8.2 0.0
3 1230.75 0.0 59.2 77.0 6.4 0.008
2 593.6 0.0 47.4 70.4 4.6 0.022
1 559.166666667 1.0 67.6 66.8 6.2 0.0
2 472.1 0.0 63.8 72.2 7.8 0.0
2 1872.82142857 2.0 58.0 72.0 5.0 0.0
1 2093.75 1.0 65.6 57.4 6.6 0.0
0 584.0 2.0 67.4 64.2 5.6 0.0
3 540.75 0.0 66.6 64.0 3.6 0.0
3 439.5 0.0 57.2 59.0 3.4 0.0
1 611.678571429 1.0 68.0 70.4 8.0 0.0
3 316.666666667 0.0 51.0 60.8 1.8 0.0
1 2046.33333333 3.0 51.4 63.4 1.2 0.0
0 468.5 2.0 60.0 61.0 3.0 0.0
2 3229.29411765 0.0 57.0 65.0 6.0 0.0
3 835.0 3.0 51.4 61.8 1.2 0.0
3 315.0 0.0 53.0 76.6 5.0 0.004
1 605.681818182 3.0 43.2 51.0 3.4 0.0
3 655.666666667 1.0 67.4 63.8 8.4 0.0
1 610.72972973 0.0 66.6 64.0 3.6 0.0
3 632.5 0.0 57.8 68.0 9.0 0.0
1 551.25 0.0 60.6 79.8 5.0 0.0
0 443.0 2.0 55.2 57.6 3.0 0.0
2 995.0 2.0 67.0 43.6 4.4 0.0
2 2762.25 0.0 44.6 45.4 3.8 0.0
0 501.0 0.0 54.0 68.6 5.8 0.0
0 653.0 2.0 66.0 46.0 7.0 0.0
1 940.296296296 0.0 60.6 58.2 6.8 0.0
2 3833.83333333 0.0 58.8 72.6 8.6 0.0
0 234.0 2.0 61.0 80.0 8.0 0.32
2 2152.36363636 0.0 61.0 64.0 17.0 0.0
2 1214.36 2.0 53.8 54.2 2.2 0.0
0 421.5 2.0 57.0 82.0 6.0 0.0
2 4729.0 0.0 56.0 84.6 5.2 0.0
2 923.590909091 2.0 60.6 58.2 2.0 0.0
1 1786.025 0.0 73.0 42.8 5.2 0.0
1 2352.67924528 0.0 58.8 70.0 6.8 0.0
3 601.5 2.0 69.6 68.4 7.0 0.0
2 1866.0 0.0 61.0 73.2 6.0 0.04
2 1829.77272727 0.0 62.4 55.4 5.8 0.0
0 539.5 0.0 55.2 74.6 3.6 0.002
0 1038.0 2.0 55.2 78.6 4.0 0.0
2 1730.57142857 0.0 55.6 80.4 5.4 0.082
3 391.0 0.0 55.6 81.2 3.2 0.0
2 1539.13636364 2.0 71.4 67.6 4.6 0.0
2 2446.0 0.0 57.4 68.2 7.0 0.0
3 398.5 2.0 62.0 61.6 2.2 0.0
3 354.0 3.0 52.2 66.4 1.2 0.0
3 440.75 2.0 63.6 79.6 5.0 0.0
1 616.945945946 0.0 55.2 73.8 2.0 0.0
1 634.181818182 2.0 74.6 41.8 3.4 0.0
2 1177.0 3.0 58.0 83.0 2.2 0.004
1 601.888888889 3.0 40.2 49.2 4.2 0.0
2 655.846153846 2.0 69.2 70.4 6.8 0.0
1 474.0 0.0 57.6 82.4 11.0 0.104
2 641.956521739 0.0 56.8 47.4 11.6 0.0
1 2866.14285714 1.0 66.6 73.2 7.4 0.0
3 529.0 3.0 58.0 86.0 3.0 0.01
1 943.763157895 0.0 59.2 68.6 8.2 0.02
1 604.571428571 3.0 58.2 86.0 7.0 0.94
0 511.0 0.0 54.0 84.4 3.6 0.0
2 4136.61111111 2.0 63.8 75.4 8.2 0.0
1 2404.0 2.0 70.0 66.8 4.6 0.0
2 873.25 0.0 60.6 58.2 6.8 0.0
1 652.833333333 1.0 64.2 69.0 7.8 0.0
1 757.458333333 2.0 55.2 78.6 4.0 0.0
2 527.333333333 0.0 51.2 78.0 9.0 0.302
1 630.578947368 0.0 61.6 77.2 18.0 0.696
1 625.761904762 3.0 60.8 84.2 10.8 0.93
3 833.0 2.0 62.8 64.0 3.0 0.0
3 364.0 3.0 58.2 86.0 7.0 0.94
0 381.5 3.0 59.6 79.4 7.4 0.002
1 948.142857143 1.0 69.8 67.8 7.6 0.0
1 1623.6 3.0 52.0 64.0 1.2 0.0
0 477.4 2.0 68.0 66.0 5.0 0.0
1 704.0 2.0 66.0 60.0 10.0 0.0
3 989.0 1.0 65.6 69.8 8.6 0.0
1 1112.08333333 2.0 53.0 69.2 1.0 0.0
2 1748.75 1.0 69.6 73.6 6.0 0.0
1 1557.48484848 2.0 65.4 46.8 3.6 0.0
1 590.176470588 0.0 55.2 74.6 3.6 0.002
2 3391.04761905 2.0 68.4 65.0 4.8 0.0
1 2073.9 1.0 65.6 72.4 6.8 0.0
3 709.0 2.0 57.0 69.0 4.0 0.0
0 455.666666667 1.0 68.0 66.8 7.8 0.0
2 472.7 2.0 57.0 73.0 4.4 0.0
1 1223.625 2.0 71.8 53.2 3.8 0.0
1 2575.16666667 3.0 58.0 83.0 2.2 0.004
1 3314.33333333 1.0 66.8 68.8 7.4 0.0
3 379.0 1.0 68.6 70.2 8.2 0.0
2 1047.35294118 0.0 55.4 68.6 7.4 0.008
0 2028.25 2.0 67.0 69.0 8.0 0.0
2 3965.91666667 0.0 62.8 65.8 9.0 0.0
0 209.0 2.0 57.8 36.0 6.0 0.0
0 451.666666667 2.0 62.6 64.8 4.4 0.0
0 407.0 2.0 65.4 76.0 6.2 0.32
0 209.0 2.0 56.4 79.2 4.6 0.208
1 660.733333333 1.0 64.0 53.4 7.2 0.0
2 643.083333333 2.0 65.2 72.2 3.2 0.002
3 1195.57142857 2.0 63.8 75.4 8.2 0.0
0 6261.0 0.0 60.0 66.4 7.4 0.0
2 2260.91489362 2.0 70.8 74.0 7.4 0.0
0 654.333333333 0.0 56.0 57.0 4.0 0.0
1 562.884615385 0.0 57.4 53.0 6.2 0.0
1 450.272727273 0.0 63.0 57.2 7.8 0.0
1 988.444444444 0.0 59.0 76.6 7.0 0.0
3 558.0 1.0 69.0 72.2 6.8 0.0
2 1474.82352941 1.0 65.0 70.0 5.8 0.0
2 1868.2 2.0 53.2 73.8 3.0 0.0
3 727.0 0.0 57.0 55.4 3.2 0.0
0 559.0 0.0 64.0 68.6 5.0 0.0
1 2008.09090909 0.0 63.6 70.6 8.0 0.0
3 624.5 1.0 68.4 65.0 6.0 0.0
3 539.0 3.0 60.4 82.8 6.4 0.028
2 1273.69230769 2.0 61.0 80.0 9.0 0.0
1 1737.375 0.0 52.4 60.8 2.2 0.0
2 1606.68421053 1.0 66.0 69.6 6.8 0.0
3 555.0 0.0 67.2 36.4 7.4 0.0
2 1764.64285714 1.0 62.2 65.6 6.4 0.0
0 574.333333333 2.0 62.8 50.8 6.4 0.0
2 2651.2 2.0 65.4 73.2 5.2 0.0
0 560.0 0.0 59.2 60.6 9.4 0.0
2 765.0 0.0 49.6 73.2 3.0 0.0
0 390.0 1.0 65.2 65.6 9.8 0.0
2 1088.35294118 0.0 57.8 47.8 6.8 0.0
2 924.0 0.0 57.8 67.0 3.6 0.0
1 977.8 0.0 60.8 72.8 5.4 0.0
0 627.0 0.0 74.8 35.2 4.2 0.0
0 407.0 1.0 68.6 70.2 8.2 0.0
3 366.5 0.0 53.6 82.6 3.0 0.0
1 941.666666667 1.0 70.0 70.0 7.0 0.0
2 598.0 1.0 69.2 67.4 8.4 0.0
3 567.75 0.0 58.4 58.2 8.2 0.0
1 703.515151515 2.0 65.8 66.2 4.6 0.0
3 542.5 0.0 58.0 72.0 11.0 0.0
2 997.6 2.0 68.6 73.6 6.2 0.0
3 463.25 0.0 57.0 60.0 4.0 0.0
2 733.5 1.0 70.4 48.2 6.0 0.0
3 2760.75 0.0 55.4 74.8 4.8 0.0
1 2675.15384615 2.0 70.6 73.4 6.6 0.002
1 579.642857143 0.0 58.4 50.0 4.4 0.0
1 1492.44736842 1.0 74.2 60.2 6.0 0.0
3 567.0 2.0 57.0 73.0 4.4 0.0
0 646.0 0.0 57.0 60.6 3.8 0.0
0 709.0 2.0 65.6 75.0 8.0 0.0
3 915.0 2.0 68.4 65.0 4.8 0.0
2 469.0 0.0 74.8 35.2 4.2 0.0
3 459.0 2.0 55.0 78.0 3.0 0.0
2 1834.78571429 2.0 67.0 79.0 9.0 0.0
2 562.0 2.0 68.2 75.2 5.8 0.0
3 558.0 2.0 65.8 55.4 5.0 0.0
3 354.0 0.0 55.4 89.2 2.6 0.0
3 820.333333333 0.0 54.4 61.8 10.2 0.0
3 1525.33333333 0.0 57.4 60.6 4.4 0.0
0 372.5 0.0 59.6 66.8 6.2 0.0
0 212.0 0.0 55.2 68.0 6.0 0.048
2 605.083333333 0.0 52.6 66.8 2.6 0.0
2 1563.0 0.0 56.0 77.0 9.0 0.0
1 1358.33333333 3.0 50.4 63.0 1.8 0.0
3 354.333333333 0.0 54.0 84.4 3.6 0.0
1 529.666666667 2.0 65.4 73.2 5.2 0.0
1 573.625 1.0 66.0 69.4 7.6 0.0
2 1029.93333333 2.0 58.4 70.0 2.8 0.0
2 746.882352941 0.0 54.0 68.6 5.8 0.0
0 569.0 0.0 58.8 61.6 12.2 0.016
1 1790.72727273 1.0 65.0 66.4 6.6 0.0
0 418.333333333 2.0 65.8 66.2 4.6 0.0
3 1552.5 1.0 62.0 67.0 9.0 0.0
0 541.25 0.0 53.8 76.8 3.4 0.0
1 2354.37037037 0.0 53.4 81.8 4.6 0.004
3 373.0 2.0 57.0 77.0 11.0 0.0
2 2199.2962963 2.0 62.8 64.0 3.0 0.0
3 1074.5 1.0 67.6 66.8 6.2 0.0
0 1305.5 2.0 67.2 67.8 5.6 0.0
1 1474.675 0.0 58.0 65.8 7.8 0.0
1 1229.39583333 3.0 56.0 76.6 8.6 0.306
3 703.333333333 2.0 63.0 70.0 5.0 0.01
2 896.333333333 0.0 50.8 80.8 2.8 0.0
2 716.857142857 2.0 61.2 59.0 3.6 0.032
0 447.0 0.0 58.4 81.4 4.2 0.0
3 2102.5 2.0 60.8 58.6 3.2 0.0
2 1181.64705882 2.0 69.2 72.8 5.2 0.0
2 1193.8 2.0 62.8 61.0 6.2 0.0
1 588.766666667 0.0 57.0 55.4 3.2 0.0
3 543.666666667 0.0 56.0 53.4 8.0 0.0
1 2716.14285714 2.0 61.8 73.6 1.4 0.0
1 2117.2 0.0 68.6 59.6 3.6 0.0
3 590.5 2.0 66.4 71.8 6.0 0.0
0 447.666666667 2.0 69.2 53.0 4.8 0.0
1 1629.91666667 2.0 67.0 43.6 4.4 0.0
3 656.0 0.0 61.4 69.6 5.2 0.0
1 677.0 0.0 42.8 69.4 2.0 0.0
3 458.0 0.0 58.2 73.4 1.8 0.0
2 743.181818182 1.0 66.4 65.0 9.0 0.0
2 2777.70833333 0.0 57.6 65.4 6.0 0.0
1 866.275862069 0.0 58.2 65.2 4.4 0.0
2 1006.52380952 1.0 62.4 67.4 8.0 0.0
0 432.75 1.0 68.4 65.0 6.0 0.0
1 585.774193548 3.0 59.8 81.2 3.0 0.028
2 754.333333333 1.0 68.0 70.4 8.0 0.0
3 459.5 2.0 68.2 75.2 5.8 0.0
2 878.2 0.0 51.6 66.2 8.6 0.0
2 710.133333333 0.0 58.2 73.4 1.8 0.0
2 1145.66666667 1.0 66.6 73.2 7.4 0.0
2 658.5 1.0 64.6 71.4 6.4 0.0
1 519.0 1.0 67.4 68.4 8.6 0.0
3 545.0 0.0 54.0 64.0 7.0 0.0
2 820.071428571 1.0 69.8 70.8 6.6 0.0
3 328.0 0.0 65.4 31.2 10.6 0.0
3 6909.33333333 0.0 49.6 73.2 3.0 0.0
0 16073.0 2.0 58.6 73.2 3.4 0.0
0 521.0 0.0 51.2 78.0 9.0 0.302
0 471.5 2.0 62.0 77.0 7.0 0.0
2 1861.45 0.0 57.0 57.0 13.0 0.0
0 684.5 2.0 72.4 50.0 3.8 0.0
0 398.5 1.0 69.6 73.6 6.0 0.0
2 777.076923077 2.0 60.8 58.6 3.2 0.0
3 805.333333333 1.0 66.2 71.4 8.4 0.0
3 4751.25 2.0 67.6 72.2 7.0 0.0
0 454.0 0.0 60.0 69.2 13.0 0.0
1 2725.83333333 0.0 63.2 62.2 5.6 0.0
0 1435.25 2.0 69.2 72.8 5.2 0.0
3 319.4 0.0 50.6 85.6 7.2 0.458
2 612.692307692 3.0 43.6 65.4 5.4 0.122
0 1770.0 0.0 53.0 76.6 5.0 0.004
3 641.7 1.0 62.0 76.0 9.0 0.0
1 629.65 2.0 51.6 69.0 1.4 0.0
0 442.0 2.0 58.4 70.0 2.8 0.0
1 3228.55555556 0.0 62.4 62.2 5.4 0.0
0 654.5 2.0 59.0 50.6 1.2 0.0
2 3798.83333333 1.0 67.6 66.8 6.2 0.0
0 12338.0 2.0 62.0 64.2 3.4 0.0
0 9847.0 0.0 62.0 63.4 4.6 0.0
0 491.666666667 3.0 50.6 72.8 4.2 0.0
2 3303.21052632 0.0 61.6 64.8 8.2 0.004
1 4171.0 0.0 51.6 66.2 8.6 0.0
0 461.0 0.0 63.0 60.4 4.2 0.0
1 651.7 0.0 61.4 71.8 6.4 0.012
3 875.166666667 2.0 65.8 68.8 5.6 0.0
1 558.034482759 0.0 72.8 36.6 5.0 0.0
1 581.7 0.0 54.6 80.0 2.4 0.0
0 642.0 3.0 50.4 66.2 1.4 0.0
2 714.607142857 2.0 61.4 61.0 3.6 0.0
3 557.0 0.0 60.2 70.0 6.6 0.0
1 2499.94444444 0.0 57.4 68.2 7.0 0.0
2 1631.60869565 0.0 53.4 52.6 2.2 0.0
1 1763.40909091 0.0 57.6 55.8 14.2 0.0
1 541.451612903 1.0 72.6 70.4 7.2 0.0
0 788.0 0.0 72.8 36.6 5.0 0.0
3 585.25 0.0 62.4 62.8 4.4 0.0
3 311.0 2.0 52.2 67.0 2.0 0.0
2 989.368421053 0.0 59.8 69.0 6.0 0.214
0 401.0 0.0 70.0 48.0 5.2 0.0
2 4174.33333333 0.0 58.0 69.0 9.0 0.0
2 1447.9047619 1.0 67.4 63.8 8.4 0.0
2 2316.25 0.0 57.4 60.6 4.4 0.0
1 873.72 2.0 69.6 68.4 7.0 0.0
3 274.0 0.0 55.6 80.4 5.4 0.082
0 525.0 1.0 67.2 69.8 9.4 0.004
0 358.5 0.0 53.2 52.8 2.0 0.0
3 396.0 3.0 57.6 81.4 2.0 0.014
2 596.090909091 0.0 59.0 69.0 9.0 0.0
0 384.0 1.0 65.6 57.4 6.6 0.0
2 909.5 0.0 54.4 85.4 3.6 0.002
0 428.75 3.0 57.8 82.0 3.2 0.0
2 3135.75 2.0 52.2 73.6 3.2 0.0
0 576.333333333 1.0 77.2 53.0 6.0 0.0
2 1757.91666667 0.0 64.6 67.0 8.2 0.0
3 4342.0 1.0 68.6 68.4 7.0 0.0
2 1332.77419355 2.0 65.8 68.8 5.6 0.0
0 367.0 0.0 52.6 66.8 2.6 0.0
3 720.0 0.0 55.2 73.8 2.0 0.0
2 2608.07142857 1.0 67.6 75.4 7.2 0.0
2 2137.1 0.0 52.0 76.0 2.0 0.0
1 635.607142857 1.0 67.8 72.0 8.6 0.0
2 1654.77272727 2.0 62.6 71.4 6.2 0.002
1 881.0 0.0 59.4 66.8 7.6 0.0
0 388.333333333 0.0 60.2 65.0 8.6 0.0
2 614.058823529 0.0 55.2 73.8 2.0 0.0
2 3941.16666667 0.0 56.6 57.2 7.0 0.0
1 470.85 3.0 50.6 72.8 4.2 0.0
2 1200.5 0.0 65.2 58.0 5.2 0.0
0 455.0 1.0 68.4 75.0 6.2 0.0
2 922.777777778 2.0 60.8 76.4 3.0 0.0
2 590.1 1.0 66.4 74.8 8.0 0.0
0 1181.0 1.0 68.6 66.4 7.4 0.0
0 528.333333333 0.0 56.8 47.4 11.6 0.0
3 2096.4375 2.0 71.0 58.0 8.0 0.0
3 637.5 2.0 60.2 78.4 3.2 0.004
2 1635.75 0.0 55.2 68.0 6.0 0.048
0 520.0 0.0 59.4 66.8 7.6 0.0
0 412.0 0.0 61.4 73.0 8.2 0.0
3 805.0 2.0 62.0 60.2 11.8 0.0
0 443.5 2.0 57.8 61.4 2.4 0.0
1 1422.68965517 1.0 67.6 71.0 8.0 0.0
1 1502.94117647 0.0 66.0 61.0 8.0 0.0
3 304.0 3.0 47.4 65.4 1.0 0.0
2 535.7 0.0 66.4 57.6 5.6 0.0
2 500.928571429 3.0 41.0 60.2 1.2 0.0
2 1843.90909091 0.0 50.0 75.2 4.8 0.0
3 330.666666667 0.0 52.6 66.8 2.6 0.0
0 431.5 3.0 40.6 50.8 2.2 0.0
3 630.5 0.0 56.0 75.0 6.0 0.0
0 550.5 0.0 53.6 70.2 3.0 0.0
3 335.0 2.0 65.4 70.0 6.8 0.0
3 464.5 2.0 64.2 43.4 3.2 0.0
1 616.52173913 0.0 67.0 37.0 12.0 0.0
1 463.047619048 3.0 44.4 59.4 1.4 0.0
3 360.0 0.0 56.2 80.4 3.6 0.0
0 398.5 2.0 60.0 86.0 7.0 0.2
0 516.666666667 0.0 47.4 70.4 4.6 0.022
3 419.0 0.0 46.4 37.2 6.2 0.0
0 450.5 3.0 52.8 78.2 5.0 0.0
3 1228.14285714 1.0 66.2 73.2 7.8 0.0
2 685.769230769 0.0 61.4 70.4 3.8 0.0
2 785.666666667 3.0 57.6 81.4 2.0 0.014
0 678.0 2.0 51.6 69.0 1.4 0.0
2 1054.16666667 0.0 56.8 54.4 1.8 0.0
1 2558.15384615 2.0 64.0 73.6 6.2 0.0
2 2761.25 0.0 63.6 70.6 8.0 0.0
1 1306.0 3.0 57.6 81.4 2.0 0.014
0 627.0 2.0 72.0 47.0 5.0 0.0
3 2944.66666667 2.0 71.6 65.2 6.4 0.0
3 293.0 3.0 60.0 80.0 4.0 0.0
1 615.774193548 1.0 69.0 73.0 6.8 0.0
2 927.375 0.0 60.0 67.0 6.0 0.0
1 1574.22222222 3.0 50.2 54.2 8.2 0.0
3 336.0 3.0 50.0 66.6 8.4 0.0
1 590.483870968 1.0 66.2 62.2 7.6 0.0
1 4605.52631579 0.0 56.8 54.4 1.8 0.0
2 947.166666667 0.0 59.0 84.0 4.0 0.0
2 622.653846154 0.0 54.2 54.4 3.0 0.0
1 571.228571429 0.0 55.0 72.0 15.0 0.52
1 5001.89189189 0.0 61.4 73.0 8.2 0.0
3 174476.0 3.0 61.6 80.6 4.6 0.006
3 2262.5 0.0 57.6 83.4 3.0 0.0
2 584.5 0.0 57.2 73.6 2.8 0.0
3 933.2 3.0 62.8 79.4 5.0 0.094
2 11842.625 0.0 63.0 57.2 7.8 0.0
2 636.857142857 3.0 40.2 49.2 4.2 0.0
2 1057.53333333 0.0 57.0 75.0 9.0 0.0
1 950.5 1.0 67.2 69.0 6.2 0.0
0 408.0 2.0 60.2 70.2 6.8 0.042
3 1227.0 0.0 54.0 92.0 11.0 0.23
3 837.444444444 2.0 69.0 32.0 6.6 0.0
0 382.5 0.0 61.4 72.8 6.2 0.0
2 674.133333333 2.0 58.0 66.0 7.0 0.0
3 1861.5 0.0 53.0 64.2 7.4 0.028
2 2675.95454545 0.0 62.0 62.4 11.0 0.0
3 791.0 0.0 57.8 73.4 11.2 0.178
0 535.5 1.0 70.6 67.2 7.0 0.0
2 833.625 2.0 55.2 52.2 3.6 0.0
3 664.25 2.0 65.0 72.0 7.0 0.0
0 491.5 0.0 54.4 66.8 4.8 0.0
3 874.666666667 2.0 65.6 75.0 8.0 0.0
3 1391.0 1.0 67.8 68.8 6.8 0.0
2 3772.89473684 1.0 70.6 60.2 6.2 0.0
0 411.0 0.0 58.0 65.8 7.8 0.0
1 1378.8 2.0 66.2 73.6 6.2 0.0
0 1434.0 1.0 69.2 68.4 6.2 0.0
2 1484.29411765 2.0 66.4 71.8 6.0 0.0
3 1312.6 0.0 63.2 62.2 5.6 0.0
2 1730.51851852 3.0 58.0 76.2 2.8 0.004
1 519.318181818 0.0 57.4 67.2 5.6 0.0
1 983.352941176 2.0 61.4 61.0 3.6 0.0
1 1504.1627907 2.0 61.4 68.4 4.2 0.0
1 531.92 0.0 53.8 76.8 3.4 0.0
3 651.0 2.0 69.2 70.4 6.8 0.0
2 3731.92857143 2.0 64.2 43.4 3.2 0.0
3 959.0 3.0 59.0 86.0 10.0 0.0
2 784.454545455 0.0 58.4 65.8 3.2 0.0
2 2378.71428571 2.0 57.0 82.0 6.0 0.0
0 244.333333333 2.0 60.0 66.8 5.2 0.0
0 461.333333333 0.0 58.4 63.4 8.4 0.0
3 543.666666667 2.0 70.2 64.4 4.2 0.0
2 1187.88235294 0.0 50.6 85.6 7.2 0.458
1 689.612903226 0.0 52.0 68.2 4.6 0.02
1 608.333333333 1.0 69.0 68.6 8.0 0.0
1 540.2 2.0 64.8 78.0 6.2 0.0
2 1499.0 1.0 66.8 68.8 7.4 0.0
1 652.034482759 0.0 60.6 85.0 4.2 0.004
2 881.136363636 0.0 57.0 59.8 6.2 0.0
1 541.125 0.0 55.2 68.0 6.0 0.048
1 521.028571429 2.0 70.6 65.6 4.4 0.0
0 419.0 0.0 53.6 46.8 4.2 0.0
2 2181.66666667 2.0 68.8 64.2 7.2 0.342
1 541.571428571 0.0 60.4 70.4 2.0 0.0
1 2723.16666667 1.0 66.0 69.6 6.8 0.0
3 2079.16666667 2.0 55.4 66.0 6.0 0.0
2 583.166666667 3.0 56.0 76.6 8.6 0.306
2 742.866666667 2.0 69.0 32.0 6.6 0.0
1 622.310344828 2.0 71.6 43.0 3.6 0.0
3 307.0 0.0 52.4 64.0 2.2 0.0
2 1611.45454545 0.0 59.6 63.6 2.0 0.0
2 1313.94117647 0.0 42.8 69.4 2.0 0.0
3 1996.4 0.0 60.4 78.8 7.2 0.0
0 606.6 0.0 59.6 71.6 7.0 0.0
2 593.333333333 1.0 65.2 63.8 10.2 0.0
2 831.4 2.0 53.8 70.8 1.2 0.0
3 1116.0 0.0 57.4 75.6 7.0 0.014
3 566.666666667 0.0 56.0 61.0 4.4 0.0
2 1421.11111111 0.0 58.0 65.0 6.0 0.0
1 554.444444444 0.0 56.0 65.6 5.8 0.014
0 578.75 2.0 61.4 61.0 3.6 0.0
2 1848.11111111 0.0 62.0 63.0 6.0 0.0
0 555.5 2.0 64.0 71.0 9.0 0.0
0 250.0 3.0 52.6 82.2 3.0 0.172
1 921.0 0.0 52.8 70.2 6.6 0.008
2 3885.125 1.0 63.6 62.8 9.0 0.0
1 2472.31578947 2.0 53.8 54.2 2.2 0.0
2 1032.5 0.0 57.2 70.6 8.0 0.0
0 416.25 2.0 68.0 71.0 8.0 0.0
0 446.0 2.0 70.0 62.0 7.0 0.0
1 654.720930233 0.0 63.0 60.4 4.2 0.0
2 645.363636364 0.0 60.0 64.0 6.0 0.0
2 1015.2 1.0 64.8 74.6 8.4 0.0
2 1117.46666667 3.0 50.2 54.2 8.2 0.0
1 812.967741935 2.0 58.4 70.0 2.8 0.0
3 618.0 2.0 64.8 71.0 7.6 0.0
2 603.466666667 0.0 55.6 81.2 3.2 0.0
2 851.5 0.0 46.4 51.4 13.6 0.0
1 1046.15384615 1.0 70.0 73.2 9.0 0.0
0 631.0 2.0 63.2 68.8 8.8 0.0
1 412.384615385 0.0 51.4 77.6 9.6 0.268
2 776.454545455 2.0 68.8 66.6 6.8 0.0
1 7947.5 2.0 57.0 76.0 4.4 0.0
0 472.0 0.0 57.6 67.8 5.2 0.0
3 785.0 0.0 58.0 70.0 8.0 0.0
3 627.25 0.0 58.4 81.6 3.2 0.0
3 511.75 0.0 75.4 45.6 4.4 0.0
2 409.5 0.0 59.6 82.4 7.8 0.09
2 1290.29411765 1.0 62.0 71.0 10.0 0.0
2 627.384615385 0.0 54.6 71.4 10.2 0.23
1 1524.4 0.0 50.8 48.6 1.8 0.0
3 776.2 0.0 53.4 81.8 4.6 0.004
3 430.0 0.0 51.0 72.0 3.0 0.0
3 448.5 0.0 56.8 69.0 8.6 0.0
3 558.0 2.0 57.4 81.8 4.0 0.0
3 678.25 2.0 72.2 63.6 5.0 0.0
3 482.5 0.0 55.0 50.0 3.0 0.0
0 379.0 0.0 66.4 59.8 4.0 0.0
2 1429.75 2.0 63.0 61.0 13.0 0.0
3 552.5 0.0 58.0 78.2 4.4 0.0
0 427.4 0.0 53.8 57.8 9.0 0.0
2 1082.5 2.0 60.2 78.4 3.2 0.004
0 1043.0 1.0 68.0 70.0 7.8 0.0
1 566.175 2.0 58.2 70.0 4.0 0.0
0 463.0 0.0 56.0 53.4 8.0 0.0
3 501.75 2.0 55.4 68.6 3.6 0.0
1 655.923076923 0.0 58.4 81.6 3.2 0.0
3 2374.5 0.0 60.2 76.8 6.4 0.0
3 735.5 2.0 70.6 65.6 4.4 0.0
2 926.4375 1.0 69.8 67.8 7.6 0.0
1 628.666666667 2.0 57.4 81.8 4.0 0.0
2 644.9375 2.0 58.4 78.2 3.8 0.0
3 984.0 0.0 61.8 67.6 10.8 0.0
1 1084.02564103 0.0 53.8 57.8 9.0 0.0
1 496.857142857 0.0 61.0 73.2 6.0 0.04
1 697.266666667 1.0 69.8 71.2 6.6 0.0
1 1449.84848485 0.0 64.0 68.6 5.0 0.0
2 462.333333333 0.0 60.6 83.2 11.4 0.456
3 443.5 2.0 58.4 78.2 3.8 0.0
0 405.5 2.0 61.0 56.0 4.0 0.11
3 382.0 0.0 62.4 55.4 5.8 0.0
2 877.173913043 0.0 58.8 65.8 6.2 0.006
0 566.666666667 0.0 49.0 72.0 2.0 0.0
0 437.0 0.0 53.4 81.8 4.6 0.004
3 748.0 0.0 59.8 57.8 6.2 0.0
2 926.571428571 0.0 48.8 60.2 4.6 0.0
0 372.0 1.0 72.8 64.2 7.4 0.0
0 447.0 0.0 57.8 68.0 9.0 0.0
2 2956.66666667 2.0 60.0 66.8 5.2 0.0
0 399.833333333 3.0 58.8 83.0 2.8 0.0
1 1272.0 1.0 62.2 65.6 6.4 0.0
1 1166.55882353 0.0 60.0 68.0 7.0 0.0
1 1018.0 0.0 54.2 54.4 3.0 0.0
3 1010.0 1.0 63.2 70.4 9.6 0.0
3 699.0 2.0 68.8 64.2 7.2 0.342
1 810.409090909 0.0 67.8 60.8 6.6 0.0
2 1117.91666667 0.0 60.8 74.8 3.2 0.0
0 746.0 0.0 56.0 84.6 5.2 0.0
1 1152.61290323 0.0 54.6 34.4 9.4 0.0
0 1169.5 0.0 58.2 62.0 6.8 0.0
2 996.285714286 3.0 53.2 63.8 1.6 0.0
1 10135.5384615 1.0 65.6 71.4 9.4 0.0
3 458.0 0.0 59.6 71.2 8.4 0.0
1 1858.35897436 1.0 69.4 72.8 7.6 0.0
1 2107.33333333 0.0 48.2 76.0 1.6 0.0
1 884.4 2.0 54.6 59.4 5.2 0.0
1 558.0 0.0 57.0 57.0 13.0 0.0
2 590.888888889 0.0 59.6 66.8 6.2 0.0
1 3014.0 0.0 62.0 62.2 5.6 0.0
1 705.058823529 3.0 43.6 65.4 5.4 0.122
1 963.034482759 0.0 58.2 57.0 3.0 0.0
0 5095.0 2.0 54.8 63.2 2.4 0.0
1 271.333333333 3.0 39.2 60.2 4.6 0.0
3 6940.3 2.0 64.0 73.6 6.2 0.0
2 829.4 0.0 54.0 93.0 10.0 0.0
3 4636.28571429 0.0 62.0 62.4 11.0 0.0
1 676.323529412 0.0 58.4 58.2 8.2 0.0
1 2003.27272727 2.0 65.0 64.6 9.6 0.0
2 1772.85714286 0.0 53.0 54.6 1.4 0.0
2 1881.71428571 2.0 59.6 78.8 3.6 0.004
2 2097.84 2.0 65.6 70.6 4.8 0.0
2 1669.75 0.0 58.0 80.0 8.0 0.01
3 4715.66666667 2.0 68.4 73.0 8.4 0.0
3 676.666666667 2.0 65.2 72.2 3.2 0.002
1 8560.5 3.0 51.6 56.8 10.4 0.0
0 453.333333333 1.0 61.4 66.2 8.8 0.0
0 1494.0 2.0 60.8 76.4 3.0 0.0
2 3487.45454545 0.0 52.6 72.0 3.2 0.0
1 583.964285714 0.0 61.6 69.6 5.8 0.0
3 235.0 0.0 49.0 75.8 8.0 0.22
1 576.882352941 0.0 56.6 46.2 3.6 0.0
1 650.217391304 0.0 60.2 60.6 9.2 0.0
2 2775.56 0.0 63.0 66.2 7.2 0.0
1 1186.71428571 1.0 64.2 70.6 8.0 0.0
2 456.0 0.0 57.4 57.6 8.6 0.0
0 886.75 0.0 57.2 73.6 2.8 0.0
0 620.0 2.0 62.8 61.0 6.2 0.0
2 720.285714286 0.0 56.0 76.0 6.0 0.0
2 656.333333333 0.0 61.4 55.0 10.0 0.0
2 1577.1875 2.0 63.4 76.6 6.2 0.35
2 3571.53846154 0.0 58.0 68.4 9.0 0.0
2 2274.58333333 2.0 53.6 72.4 4.6 0.0
1 947.0 2.0 65.8 70.4 7.4 0.0
0 407.75 2.0 61.0 80.0 9.0 0.0
2 710.0 2.0 64.8 71.0 7.6 0.0
1 493.095238095 3.0 48.8 71.8 3.8 0.0
3 1900.0 0.0 58.2 65.2 4.4 0.0
0 639.5 0.0 62.4 62.8 4.4 0.0
2 992.130434783 1.0 65.0 66.4 6.6 0.0
3 643.888888889 2.0 65.0 79.0 6.0 0.43
2 1419.9047619 2.0 55.6 64.6 6.4 0.002
1 1706.76470588 1.0 65.8 72.0 9.0 0.0
2 1666.89655172 2.0 65.8 55.4 5.0 0.0
0 521.0 0.0 52.4 62.2 7.0 0.002
2 1079.375 2.0 67.6 72.2 7.0 0.0
3 519.2 0.0 55.0 65.0 8.0 0.01
2 2191.63636364 2.0 56.6 66.6 2.4 0.0
0 3315.0 2.0 68.6 68.8 5.8 0.0
1 618.972222222 0.0 53.6 70.2 3.0 0.0
1 783.111111111 2.0 65.4 76.0 6.2 0.32
1 713.866666667 2.0 58.0 74.0 2.6 0.0
3 903.333333333 0.0 73.0 42.8 5.2 0.0
2 2158.59259259 2.0 62.8 51.0 3.2 0.0
2 783.227272727 0.0 62.8 67.0 3.4 0.0
0 707.0 2.0 71.8 53.2 3.8 0.0
2 2261.43478261 2.0 61.8 73.6 1.4 0.0
2 914.466666667 0.0 58.2 71.2 8.6 0.0
1 215.0 1.0 68.0 69.8 7.2 0.0
0 522.0 2.0 64.0 75.0 4.0 0.01
1 1431.625 0.0 62.0 62.0 5.0 0.0
2 1298.58823529 2.0 66.8 70.0 6.8 0.0
3 420.5 0.0 57.0 78.0 8.0 0.0
2 1312.8 0.0 69.4 63.8 5.0 0.0
3 522.666666667 0.0 52.8 62.6 2.4 0.0
2 744.045454545 0.0 58.2 65.2 4.4 0.0
2 2065.8 0.0 61.4 73.0 8.2 0.0
1 5356.5 0.0 57.8 73.4 11.2 0.178
1 3187.5625 3.0 50.4 66.2 1.4 0.0
3 243.5 1.0 67.6 72.0 7.6 0.0
3 2684.4 2.0 71.8 53.2 3.8 0.0
2 2651.30434783 0.0 60.2 76.8 6.4 0.0
1 606.08 0.0 60.2 76.8 6.4 0.0
3 727.333333333 0.0 59.6 71.6 7.0 0.0
3 406.0 0.0 55.0 60.0 2.0 0.0
3 313.0 0.0 55.6 85.8 5.0 0.006
1 531.516129032 0.0 56.0 72.0 15.0 0.0
3 628.4 0.0 59.8 69.0 6.0 0.214
2 8374.8 0.0 57.4 75.6 7.0 0.014
3 484.75 0.0 60.6 79.8 5.0 0.0
0 582.0 0.0 62.8 67.0 3.4 0.0
3 710.625 1.0 70.0 70.0 7.0 0.0
2 773.142857143 0.0 56.0 66.6 5.4 0.022
2 535.0 3.0 44.4 59.4 1.4 0.0
1 3676.09090909 0.0 53.8 84.8 3.0 0.0
1 4691.16666667 0.0 56.6 57.2 7.0 0.0
0 487.0 0.0 50.0 75.2 4.8 0.0
3 639.0 2.0 55.2 78.6 4.0 0.0
2 957.45 1.0 73.4 60.8 5.4 0.0
0 403.5 3.0 53.0 80.4 6.0 0.104
0 442.0 2.0 64.8 64.6 2.4 0.0
3 992.0 3.0 60.8 84.2 10.8 0.93
3 757.5 2.0 57.0 50.0 6.0 0.0
