1 419.875 2.0 66.0 67.0 7.0 0.0
1 256.0 2.0 56.2 61.6 3.8 0.002
2 447.666666667 0.0 57.4 53.0 6.2 0.0
2 459.4 2.0 55.2 52.2 3.6 0.0
2 620.0 2.0 56.0 69.6 4.0 0.0
1 460.0 0.0 50.6 85.6 7.2 0.458
3 253.0 0.0 62.4 55.4 5.8 0.0
1 876.0 2.0 59.8 85.6 5.8 0.194
3 569.75 0.0 70.0 47.0 6.0 0.0
3 313.5 0.0 67.8 57.8 6.6 0.0
2 471.222222222 1.0 68.0 71.0 8.0 0.0
1 1037.0 1.0 72.6 66.6 7.4 0.0
1 231.0 0.0 53.2 55.0 1.8 0.0
3 519.0 3.0 50.4 63.0 1.8 0.0
3 935.0 2.0 66.4 71.8 6.0 0.0
1 350.285714286 0.0 50.0 60.8 1.2 0.0
2 1092.0 2.0 66.2 73.6 6.2 0.0
2 531.111111111 0.0 57.4 67.2 5.6 0.0
1 348.0 1.0 62.0 67.0 9.0 0.0
1 427.666666667 0.0 60.2 70.0 6.6 0.0
2 444.363636364 2.0 57.0 66.0 7.0 0.0
2 2152.75 2.0 56.6 69.0 5.2 0.0
2 475.214285714 3.0 58.8 83.0 2.8 0.0
1 271.0 0.0 61.4 73.0 8.2 0.0
1 387.375 2.0 53.8 70.8 1.2 0.0
2 877.842105263 2.0 52.2 73.6 3.2 0.0
2 506.6875 3.0 59.8 81.2 3.0 0.028
1 617.857142857 0.0 58.4 71.0 2.2 0.0
1 570.5 2.0 65.8 55.4 5.0 0.0
3 400.0 2.0 69.8 54.2 4.2 0.0
2 312.5 2.0 55.2 76.6 2.6 0.0
1 225.0 0.0 63.0 66.2 7.2 0.0
2 217.0 3.0 47.8 64.8 1.0 0.0
0 155.0 0.0 64.8 68.8 7.6 0.0
3 435.0 0.0 59.4 64.2 8.6 0.0
2 564.857142857 2.0 65.4 76.0 6.2 0.32
2 2715.5 2.0 65.2 72.6 5.0 0.0
3 205.5 0.0 61.0 66.0 5.0 0.0
2 660.166666667 2.0 68.8 64.2 7.2 0.342
1 384.0 2.0 64.8 78.0 6.2 0.0
1 462.5 0.0 52.8 65.8 4.4 0.0
2 576.466666667 1.0 77.2 53.0 6.0 0.0
1 1840.0 2.0 67.2 35.6 2.4 0.0
3 620.0 1.0 72.8 64.2 7.4 0.0
3 268.0 0.0 53.0 86.0 8.0 0.096
2 570.266666667 0.0 58.0 69.0 19.0 0.08
1 458.375 2.0 66.4 71.8 6.0 0.0
3 207.0 3.0 44.4 63.8 1.4 0.0
2 495.625 0.0 55.4 72.2 8.0 0.132
2 512.214285714 0.0 52.0 68.2 4.6 0.02
1 287.0 0.0 54.6 80.0 2.4 0.0
2 424.111111111 2.0 59.0 50.6 1.2 0.0
1 293.0 3.0 48.2 69.2 1.0 0.0
1 427.8 0.0 60.8 67.4 6.6 0.0
1 369.666666667 2.0 69.6 68.4 7.0 0.0
1 489.875 2.0 54.8 53.8 4.8 0.0
3 605.0 0.0 58.2 73.4 1.8 0.0
1 581.428571429 0.0 51.8 77.6 1.6 0.0
2 541.166666667 0.0 52.8 70.0 1.8 0.0
1 3594.5 2.0 72.2 63.6 5.0 0.0
1 397.666666667 0.0 52.4 64.0 2.2 0.0
2 1039.0 0.0 55.4 89.2 2.6 0.0
3 277.0 2.0 74.6 41.8 3.4 0.0
3 532.0 2.0 54.6 66.8 1.6 0.0
1 827.0 1.0 72.8 64.2 7.4 0.0
2 559.352941176 2.0 65.4 73.2 5.2 0.0
1 199.0 0.0 54.2 59.2 7.8 0.0
3 163.0 2.0 55.8 67.0 1.8 0.0
3 1236.0 1.0 67.4 68.4 8.6 0.0
3 302.0 0.0 50.8 48.6 1.8 0.0
2 1433.5 0.0 58.6 75.4 4.8 0.0
2 559.529411765 0.0 63.0 60.4 4.2 0.0
3 6515.5 2.0 64.6 79.4 5.4 0.0
1 4334.5 2.0 54.8 63.2 2.4 0.0
2 519.0 2.0 65.2 42.4 2.4 0.0
2 491.466666667 2.0 61.8 59.2 5.2 0.0
3 537.0 2.0 59.0 69.0 9.0 0.0
3 195.0 0.0 62.2 64.0 11.6 0.0
1 412.666666667 0.0 63.8 72.2 7.8 0.0
1 554.25 0.0 62.2 64.0 11.6 0.0
1 778.5 2.0 62.6 74.2 6.0 0.006
3 459.0 2.0 60.0 66.0 10.0 0.0
2 469.5 0.0 57.0 57.0 13.0 0.0
1 503.0 3.0 41.0 60.2 1.2 0.0
3 391.75 0.0 53.2 52.8 2.0 0.0
3 624.0 1.0 62.0 67.0 9.0 0.0
1 438.0 2.0 53.8 54.2 2.2 0.0
1 451.5 2.0 62.8 64.0 3.0 0.0
3 190.0 1.0 66.8 68.8 7.4 0.0
1 353.166666667 0.0 60.4 62.0 10.8 0.0
0 259.0 2.0 63.2 68.8 8.8 0.0
1 495.571428571 2.0 61.8 59.2 5.2 0.0
2 613.4 1.0 67.2 67.6 9.0 0.0
2 434.833333333 2.0 67.4 64.2 5.6 0.0
3 363.4 1.0 72.4 64.6 6.6 0.0
2 762.9375 0.0 63.0 71.0 7.0 0.0
1 464.75 2.0 67.0 43.6 4.4 0.0
3 426.75 1.0 62.0 71.0 10.0 0.0
2 17199.6666667 1.0 67.4 63.8 8.4 0.0
0 253.0 0.0 54.0 71.0 4.0 0.0
2 443.176470588 1.0 68.4 65.0 6.0 0.0
1 445.0 0.0 53.8 57.0 3.0 0.0
2 155.0 0.0 65.0 45.0 10.0 0.0
3 437.0 0.0 53.8 57.0 3.0 0.0
0 772.0 0.0 63.0 66.0 15.0 0.0
3 452.0 0.0 51.0 59.0 6.0 0.0
3 462.0 0.0 52.8 70.0 1.8 0.0
3 479.666666667 2.0 65.2 72.6 5.0 0.0
2 671.333333333 2.0 59.8 80.6 8.6 0.056
3 162.0 0.0 55.0 77.0 5.0 0.0
2 417.090909091 0.0 53.2 52.8 2.0 0.0
2 502.666666667 0.0 58.0 68.4 9.0 0.0
2 807.5 0.0 47.8 69.0 1.0 0.0
2 415.928571429 0.0 53.0 76.6 5.0 0.004
3 629.0 2.0 57.4 81.8 4.0 0.0
1 522.615384615 0.0 62.8 67.0 3.4 0.0
2 400.285714286 0.0 55.6 61.4 3.8 0.0
0 700.0 0.0 57.4 57.6 8.6 0.0
3 260.0 0.0 56.8 79.6 10.8 0.544
1 1066.5 0.0 51.4 71.6 3.0 0.0
3 372.333333333 0.0 55.2 73.8 2.0 0.0
3 314.666666667 1.0 65.6 72.4 6.8 0.0
3 326.0 3.0 53.2 82.6 12.2 0.564
2 1352.75 0.0 61.4 71.8 6.4 0.012
1 489.166666667 1.0 67.8 73.0 7.2 0.0
3 149.0 1.0 72.6 70.4 7.2 0.0
3 633.5 2.0 68.6 73.6 6.2 0.0
0 448.0 3.0 59.6 79.4 7.4 0.002
1 477.0 0.0 60.8 68.2 6.8 0.0
3 183.0 2.0 56.0 83.0 4.0 0.0
2 434.866666667 1.0 65.0 73.0 7.0 0.0
2 577.833333333 0.0 60.8 68.2 6.8 0.0
2 438.947368421 0.0 55.6 81.2 3.2 0.0
1 435.285714286 0.0 50.0 84.0 4.0 0.0
3 146.0 0.0 57.4 57.6 8.6 0.0
1 515.5 0.0 54.4 61.8 10.2 0.0
1 441.428571429 0.0 60.2 60.6 9.2 0.0
1 666.5 3.0 60.0 87.0 8.0 0.1
2 666.666666667 2.0 53.6 72.4 4.6 0.0
1 391.4 0.0 58.0 80.0 8.0 0.01
1 258.0 2.0 57.0 75.2 5.8 0.01
1 500.166666667 1.0 68.4 75.0 6.2 0.0
3 317.0 0.0 58.0 72.0 5.0 0.02
1 215.0 0.0 59.6 71.2 8.4 0.0
3 456.333333333 0.0 50.0 67.0 7.0 0.0
2 705.777777778 1.0 71.0 69.0 7.6 0.0
2 452.5625 0.0 57.0 74.0 14.0 0.0
0 197.0 2.0 56.0 69.6 4.0 0.0
0 239.0 0.0 59.6 71.2 8.4 0.0
2 584.4 0.0 61.6 69.6 5.8 0.0
2 672.529411765 1.0 65.2 65.6 9.8 0.0
3 808.0 0.0 62.8 67.0 3.4 0.0
1 502.571428571 0.0 54.6 60.6 3.4 0.0
2 490.1 0.0 52.4 81.0 2.6 0.0
1 371.0 0.0 47.0 70.0 4.2 0.0
2 448.1 0.0 51.8 84.6 2.0 0.004
3 357.0 2.0 63.0 72.0 8.0 0.0
2 584.727272727 0.0 56.6 46.2 3.6 0.0
3 246.0 1.0 68.4 65.0 6.0 0.0
1 627.333333333 2.0 55.2 76.6 2.6 0.0
3 231.0 3.0 46.2 70.8 2.2 0.0
2 2411.5 2.0 65.8 70.4 7.4 0.0
0 496.0 1.0 68.0 69.8 7.2 0.0
2 1179.66666667 2.0 67.2 40.2 2.8 0.002
2 455.0 0.0 60.2 60.6 9.2 0.0
1 876.8 2.0 74.6 41.8 3.4 0.0
2 883.5 1.0 71.0 68.0 6.2 0.0
1 479.833333333 1.0 61.2 63.2 9.4 0.0
2 325.0 0.0 51.6 66.2 8.6 0.0
3 441.0 0.0 54.4 66.8 4.8 0.0
3 787.5 0.0 54.0 83.0 3.0 0.0
3 901.0 0.0 49.0 78.0 3.0 0.0
0 237.0 0.0 54.0 67.0 11.0 0.0
2 475.578947368 1.0 66.4 74.8 8.0 0.0
2 883.333333333 0.0 65.4 49.4 6.4 0.0
1 618.857142857 1.0 68.2 68.8 8.0 0.0
2 779.333333333 1.0 68.0 66.0 10.0 0.0
1 581.666666667 2.0 70.6 65.6 4.4 0.0
3 353.428571429 1.0 68.0 69.8 7.2 0.0
3 247.666666667 1.0 71.0 68.0 6.2 0.0
2 576.277777778 0.0 61.0 56.4 6.0 0.0
2 502.0 1.0 65.6 69.8 8.6 0.0
3 476.666666667 0.0 57.8 68.0 9.0 0.0
2 618.666666667 2.0 57.6 71.6 5.6 0.0
3 295.666666667 1.0 68.2 68.8 8.0 0.0
1 434.0 2.0 68.6 67.2 7.8 0.0
1 322.0 0.0 56.0 66.6 5.4 0.022
1 548.5 1.0 68.0 69.8 7.2 0.0
1 390.0 0.0 59.4 66.8 7.6 0.0
1 920.0 1.0 68.6 66.4 7.4 0.0
2 476.0 0.0 59.0 84.0 4.0 0.0
2 472.736842105 2.0 69.8 67.6 6.6 0.0
3 936.0 2.0 72.0 57.2 3.6 0.0
1 4725.25 2.0 62.8 51.0 3.2 0.0
0 941.0 0.0 62.4 62.2 5.4 0.0
1 104.0 0.0 56.4 67.4 4.2 0.0
2 396.0 3.0 57.0 76.6 12.4 1.982
2 456.333333333 0.0 57.4 57.6 8.6 0.0
2 526.4 2.0 56.2 69.6 4.2 0.0
1 606.8 2.0 53.4 63.6 3.2 0.0
1 454.666666667 0.0 61.4 70.4 3.8 0.0
2 11877.6666667 2.0 69.0 76.8 6.4 0.0
3 454.0 3.0 57.0 76.6 12.4 1.982
3 211.333333333 0.0 59.8 69.0 6.0 0.214
3 158.0 1.0 66.0 69.4 7.6 0.0
2 4835.0 2.0 54.6 59.4 5.2 0.0
1 464.833333333 1.0 66.2 62.2 7.6 0.0
2 432.0 1.0 72.6 66.6 7.4 0.0
2 640.0 0.0 48.8 60.2 4.6 0.0
2 414.6 2.0 56.0 64.8 3.4 0.0
1 392.4 2.0 54.0 55.0 5.0 0.0
2 471.083333333 2.0 67.6 59.4 5.4 0.0
3 517.666666667 0.0 50.8 80.8 2.8 0.0
3 371.5 3.0 48.0 43.6 2.4 0.0
2 499.583333333 0.0 70.0 48.0 5.2 0.0
1 568.0 1.0 67.2 69.0 6.2 0.0
2 526.5 2.0 64.2 43.4 3.2 0.0
1 983.142857143 2.0 62.6 71.4 6.2 0.002
2 646.7 2.0 65.4 46.8 3.6 0.0
3 589.0 1.0 66.8 72.4 7.2 0.0
2 446.083333333 0.0 55.2 74.6 3.6 0.002
3 314.0 0.0 53.4 81.8 4.6 0.004
1 634.222222222 2.0 60.4 62.6 4.4 0.0
2 2451.0 2.0 65.8 55.4 5.0 0.0
3 386.0 0.0 70.0 48.0 5.2 0.0
1 551.25 0.0 72.8 36.6 5.0 0.0
2 598.214285714 0.0 52.8 71.0 4.4 0.0
2 625.352941176 1.0 66.2 62.2 7.6 0.0
1 613.3 2.0 65.8 68.8 5.6 0.0
2 680.888888889 1.0 69.0 64.0 9.0 0.0
3 248.333333333 1.0 65.0 63.2 6.2 0.0
1 484.166666667 1.0 71.2 70.2 9.0 0.0
2 480.461538462 0.0 57.0 55.0 5.0 0.0
1 312.5 2.0 69.0 32.0 6.6 0.0
1 462.0 2.0 69.6 68.8 4.8 0.0
1 486.333333333 0.0 54.6 71.4 10.2 0.23
2 1101.6 1.0 62.0 56.0 7.0 0.0
0 1080.0 0.0 62.0 62.4 11.0 0.0
3 330.333333333 0.0 61.0 56.4 6.0 0.0
1 303.5 1.0 69.0 68.6 8.0 0.0
1 730.0 2.0 66.2 73.6 6.2 0.0
1 550.222222222 0.0 62.2 68.4 5.6 0.0
2 464.0 2.0 59.6 78.8 3.6 0.004
1 327.25 0.0 57.0 72.0 13.0 0.0
1 700.5 0.0 59.0 76.6 7.0 0.0
1 438.8 2.0 60.0 72.0 5.0 0.0
0 367.0 2.0 64.0 48.6 3.4 0.0
1 375.333333333 0.0 52.8 70.2 6.6 0.008
1 368.2 0.0 53.8 76.8 3.4 0.0
1 420.0 0.0 58.8 61.6 12.2 0.016
1 527.0 0.0 61.6 64.8 8.2 0.004
1 261.0 2.0 54.6 59.4 5.2 0.0
3 233.0 0.0 59.2 62.2 6.2 0.0
3 386.0 0.0 59.0 87.0 8.0 0.0
3 308.0 3.0 45.0 62.0 5.0 0.08
2 531.583333333 1.0 63.2 65.0 7.2 0.0
0 336.0 2.0 56.2 61.6 3.8 0.002
2 1433.66666667 2.0 68.4 65.0 4.8 0.0
2 819.294117647 2.0 58.4 78.2 3.8 0.0
1 2455.5 1.0 67.6 71.0 8.0 0.0
1 679.0 2.0 59.0 50.6 1.2 0.0
1 681.5 1.0 77.2 53.0 6.0 0.0
3 1045.5 3.0 50.4 82.2 1.8 0.004
0 1005.0 2.0 67.4 64.2 5.6 0.0
1 321.333333333 2.0 71.4 67.6 4.6 0.0
3 434.5 1.0 70.4 73.2 7.4 0.0
1 10464.75 2.0 60.8 58.6 3.2 0.0
2 726.333333333 2.0 65.6 70.6 4.8 0.0
2 482.333333333 0.0 53.6 70.2 3.0 0.0
2 550.0 0.0 57.6 83.4 3.0 0.0
1 358.0 0.0 67.8 60.8 6.6 0.0
2 433.611111111 0.0 53.0 81.0 3.0 0.0
1 497.5 0.0 56.0 53.4 8.0 0.0
1 12144.0 0.0 59.6 63.6 2.0 0.0
2 249.0 0.0 60.2 72.0 11.0 0.092
1 536.333333333 0.0 57.4 67.2 5.6 0.0
3 489.0 0.0 57.0 60.0 2.0 0.0
3 169.0 1.0 68.6 70.2 8.2 0.0
1 415.0 1.0 69.0 71.2 7.6 0.0
1 435.666666667 0.0 59.8 65.2 3.4 0.0
3 326.0 2.0 66.2 73.6 6.2 0.0
3 557.0 2.0 59.8 70.0 3.0 0.0
2 547.0 2.0 58.6 81.0 6.6 0.226
1 485.0 0.0 55.0 70.0 5.0 0.0
3 843.0 2.0 65.6 74.6 4.4 0.0
3 277.5 0.0 58.8 61.6 12.2 0.016
3 571.0 2.0 68.4 65.0 4.8 0.0
3 263.5 1.0 69.0 68.6 8.0 0.0
0 150.0 0.0 55.8 76.6 2.2 0.0
1 468.857142857 2.0 68.6 64.0 5.8 0.0
1 599.166666667 2.0 55.2 52.2 3.6 0.0
1 479.333333333 2.0 67.8 68.6 4.0 0.0
3 540.5 2.0 65.0 70.0 9.0 0.0
2 525.153846154 0.0 53.0 83.0 2.6 0.0
2 489.6 0.0 64.6 67.0 8.2 0.0
1 844.666666667 0.0 51.2 78.0 9.0 0.302
2 3735.66666667 2.0 64.6 79.4 5.4 0.0
0 212.0 2.0 56.2 69.6 4.2 0.0
1 521.8 0.0 66.4 57.6 5.6 0.0
3 397.75 0.0 58.6 66.0 5.2 0.0
3 248.0 2.0 57.8 36.0 6.0 0.0
2 506.5 0.0 62.0 64.0 16.0 0.0
1 387.125 2.0 65.4 73.2 5.2 0.0
2 516.0 1.0 63.6 62.8 9.0 0.0
0 179.0 2.0 69.0 76.8 6.4 0.0
1 365.333333333 3.0 58.8 83.0 2.8 0.0
2 6025.78571429 2.0 69.0 32.0 6.6 0.0
1 840.333333333 0.0 65.0 45.0 10.0 0.0
1 631.5 2.0 65.6 75.0 8.0 0.0
1 259.333333333 3.0 55.0 78.2 7.2 0.024
2 1105.04761905 2.0 61.4 68.4 4.2 0.0
2 415.0 3.0 41.0 60.2 1.2 0.0
1 10279.4 1.0 67.6 75.4 7.2 0.0
1 502.75 0.0 56.0 84.6 5.2 0.0
1 622.0 2.0 53.0 72.2 2.0 0.0
0 206.0 0.0 59.8 69.0 6.0 0.214
1 1093.0 0.0 60.2 72.8 2.4 0.0
3 234.0 1.0 66.2 73.2 7.8 0.0
2 504.421052632 0.0 53.6 82.6 3.0 0.0
1 1336.0 1.0 63.6 62.8 9.0 0.0
3 279.0 3.0 47.4 65.4 1.0 0.0
2 595.352941176 2.0 61.0 69.0 4.0 0.0
2 1115.89473684 2.0 64.8 71.0 7.6 0.0
1 952.0 0.0 57.0 60.6 3.8 0.0
1 499.0 0.0 63.2 62.4 6.4 0.0
2 560.5 2.0 53.8 70.8 1.2 0.0
3 195.0 1.0 71.4 69.4 5.8 0.0
1 463.0 3.0 40.6 50.8 2.2 0.0
1 565.571428571 0.0 57.6 55.8 14.2 0.0
3 205.0 0.0 67.8 42.8 4.8 0.0
2 503.411764706 2.0 68.6 64.0 5.8 0.0
2 918.3 1.0 70.0 70.0 7.0 0.0
2 557.272727273 0.0 51.2 68.6 5.8 0.0
1 396.25 2.0 57.6 65.8 9.6 0.0
0 583.0 0.0 57.6 55.8 14.2 0.0
2 585.181818182 0.0 69.4 45.4 3.8 0.0
3 374.0 0.0 57.0 59.8 6.2 0.0
2 437.3125 0.0 54.2 54.4 3.0 0.0
2 582.769230769 0.0 67.2 36.4 7.4 0.0
1 386.5 1.0 67.6 71.8 6.0 0.0
0 2195.0 0.0 50.0 75.2 4.8 0.0
2 419.076923077 1.0 61.4 66.2 8.8 0.0
3 241.0 0.0 62.4 62.2 5.4 0.0
3 324.0 0.0 57.0 55.4 3.2 0.0
3 811.0 2.0 66.0 73.0 8.0 0.0
3 341.5 1.0 69.8 71.2 6.6 0.0
3 563.0 1.0 67.6 72.0 7.6 0.0
0 543.0 2.0 60.0 60.0 8.0 0.0
2 541.384615385 1.0 64.4 66.2 7.8 0.0
3 650.666666667 2.0 62.0 64.0 20.0 0.0
3 266.0 1.0 64.8 65.8 7.2 0.0
2 511.785714286 0.0 57.2 59.0 3.4 0.0
3 819.333333333 2.0 53.0 70.0 2.0 0.0
2 600.2 0.0 57.2 74.2 7.8 0.19
3 595.75 0.0 54.6 60.6 3.4 0.0
2 535.714285714 0.0 66.4 57.6 5.6 0.0
1 455.875 2.0 62.0 61.6 2.2 0.0
1 319.666666667 0.0 65.6 60.0 4.0 0.0
3 183.0 2.0 64.0 73.6 6.2 0.0
3 452.0 2.0 56.2 82.2 4.8 0.0
2 739.636363636 0.0 75.4 35.6 5.2 0.0
2 422.1 0.0 59.2 77.0 6.4 0.008
1 541.333333333 0.0 54.0 87.0 5.0 0.0
2 967.0 1.0 68.2 68.8 8.0 0.0
2 461.454545455 1.0 61.0 70.0 14.0 0.0
2 534.588235294 2.0 64.8 78.0 6.2 0.0
3 394.0 0.0 66.6 64.0 3.6 0.0
1 406.25 2.0 65.0 64.6 9.6 0.0
2 539.416666667 0.0 60.2 60.0 5.4 0.0
2 541.833333333 0.0 60.8 74.8 3.2 0.0
2 471.0 2.0 58.8 46.6 3.0 0.0
1 576.0 3.0 56.0 74.6 6.2 0.0
3 506.333333333 0.0 59.8 57.8 6.2 0.0
1 1682.28571429 0.0 75.0 43.0 6.0 0.0
3 538.25 0.0 58.0 68.4 9.0 0.0
3 559.0 1.0 67.8 72.0 8.6 0.0
3 374.0 0.0 61.6 69.6 5.8 0.0
2 686.8 0.0 63.0 65.0 12.0 0.0
2 529.375 3.0 61.6 80.6 4.6 0.006
1 265.166666667 0.0 57.4 71.2 5.6 0.0
1 962.75 0.0 57.8 68.0 9.0 0.0
1 395.6 0.0 59.0 84.0 4.0 0.0
1 425.5 0.0 57.4 57.6 8.6 0.0
1 257.75 3.0 50.4 66.2 1.4 0.0
3 556.0 2.0 56.0 85.8 3.4 0.184
3 597.5 3.0 40.6 50.8 2.2 0.0
1 1180.0 0.0 55.8 81.4 3.4 0.006
3 916.0 2.0 52.2 73.6 3.2 0.0
3 417.666666667 2.0 62.0 64.2 3.4 0.0
3 389.0 0.0 65.2 58.0 5.2 0.0
3 154.0 0.0 60.6 58.2 6.8 0.0
0 348.0 0.0 62.8 67.0 6.4 0.0
3 457.333333333 0.0 54.6 80.0 2.4 0.0
2 411.0 0.0 58.6 57.6 3.4 0.0
2 432.363636364 2.0 65.8 68.8 5.6 0.0
3 626.0 3.0 47.8 64.8 1.0 0.0
1 407.6 0.0 55.6 85.8 5.0 0.006
2 864.25 2.0 59.8 70.0 3.0 0.0
2 454.0 2.0 55.4 66.0 6.0 0.0
2 524.25 1.0 70.0 64.0 10.0 0.01
2 427.733333333 0.0 49.0 72.0 2.0 0.0
2 616.909090909 0.0 62.0 68.0 4.0 0.0
1 518.0 0.0 52.8 62.6 2.4 0.0
3 319.0 3.0 57.8 82.0 3.2 0.0
2 610.0 2.0 72.2 70.0 7.6 0.0
3 2831.33333333 2.0 56.0 56.0 9.0 0.0
1 344.428571429 2.0 58.4 78.2 3.8 0.0
3 776.75 1.0 65.8 72.0 9.0 0.0
2 440.6 2.0 63.4 62.4 4.0 0.0
2 627.076923077 2.0 67.6 72.2 7.0 0.0
1 695.666666667 1.0 68.8 70.2 7.2 0.0
3 343.5 1.0 71.0 69.0 7.6 0.0
3 721.0 2.0 60.0 72.0 5.0 0.0
1 1646.33333333 2.0 60.6 66.4 6.6 0.0
1 345.1 2.0 53.0 69.2 1.0 0.0
1 1229.0 2.0 69.0 76.8 6.4 0.0
2 434.111111111 1.0 64.2 70.6 8.0 0.0
0 301.0 2.0 63.0 79.6 6.4 0.0
2 443.333333333 0.0 41.8 64.6 2.0 0.0
2 8377.21428571 3.0 53.0 80.4 6.0 0.104
2 533.272727273 1.0 66.0 70.0 9.0 0.0
2 417.545454545 2.0 55.2 57.6 3.0 0.0
1 388.0 1.0 68.0 66.8 7.8 0.0
3 679.0 1.0 68.6 70.4 7.0 0.0
2 570.333333333 1.0 66.0 69.4 7.6 0.0
1 426.6 0.0 52.4 62.2 7.0 0.002
3 188.0 1.0 66.0 69.6 6.8 0.0
3 376.666666667 0.0 62.0 64.0 16.0 0.0
2 3483.5 3.0 54.6 69.6 2.0 0.0
3 174.0 2.0 56.0 56.0 5.0 0.0
2 569.538461538 2.0 57.8 77.2 3.4 0.0
3 528.0 0.0 52.0 66.0 3.0 0.0
1 443.375 1.0 66.8 72.4 7.2 0.0
0 276.0 0.0 67.2 36.4 7.4 0.0
0 254.5 2.0 61.8 73.6 1.4 0.0
1 502.142857143 0.0 52.4 60.8 2.2 0.0
0 398.0 1.0 68.0 69.0 9.0 0.0
3 866.333333333 0.0 59.0 66.8 7.6 0.0
0 187.0 0.0 54.4 61.8 10.2 0.0
3 152.0 1.0 68.6 58.8 7.0 0.0
3 388.0 0.0 52.8 71.0 4.4 0.0
2 505.866666667 2.0 69.0 69.0 8.0 0.0
1 471.2 0.0 53.4 81.8 4.6 0.004
1 424.0 0.0 57.0 64.0 6.0 0.0
2 528.909090909 0.0 54.0 72.0 4.4 0.0
3 466.5 2.0 71.4 65.6 5.8 0.0
3 523.666666667 0.0 58.8 65.8 6.2 0.006
1 451.285714286 0.0 58.8 70.0 6.8 0.0
2 513.647058824 0.0 57.8 47.8 6.8 0.0
3 718.333333333 1.0 69.6 73.6 6.0 0.0
3 353.0 1.0 64.6 71.4 6.4 0.0
3 628.0 2.0 69.0 76.8 6.4 0.0
1 469.5 2.0 68.8 64.2 7.2 0.342
1 965.5 1.0 68.0 70.8 7.4 0.0
2 680.666666667 2.0 66.8 70.6 6.2 0.0
2 530.8125 2.0 56.0 80.2 3.0 0.002
3 340.666666667 0.0 66.4 59.8 4.0 0.0
1 484.8 2.0 65.4 76.0 6.2 0.32
2 447.785714286 0.0 56.0 53.4 8.0 0.0
1 534.0 1.0 69.2 67.4 8.4 0.0
2 694.266666667 2.0 66.4 71.8 6.0 0.0
1 689.2 2.0 68.6 56.8 5.0 0.0
1 588.5 0.0 58.4 65.8 3.2 0.0
3 493.0 2.0 61.0 80.0 9.0 0.0
2 473.0 2.0 68.8 66.6 6.8 0.0
0 188.0 1.0 67.4 68.4 8.6 0.0
0 282.0 1.0 67.6 66.8 6.2 0.0
2 555.8 2.0 68.4 73.0 8.4 0.0
3 611.0 0.0 54.0 72.0 4.4 0.0
3 248.5 0.0 66.0 64.0 9.0 0.0
3 603.333333333 2.0 68.0 46.0 9.0 0.0
2 1835.75 1.0 66.2 71.4 8.4 0.0
3 469.666666667 0.0 57.6 83.4 3.0 0.0
1 8738.0 2.0 55.4 68.0 3.6 0.0
3 178.0 0.0 54.4 61.8 10.2 0.0
1 605.5 2.0 60.6 63.0 4.2 0.0
2 468.166666667 1.0 69.6 66.0 7.0 0.0
1 390.444444444 2.0 65.2 72.6 5.0 0.0
1 642.2 2.0 56.0 80.2 3.0 0.002
1 434.5 2.0 63.4 62.4 4.0 0.0
1 353.125 2.0 65.6 74.6 4.4 0.0
2 527.1875 0.0 59.4 64.2 8.6 0.0
3 338.0 1.0 68.0 71.2 8.4 0.0
3 395.0 0.0 57.4 68.2 7.0 0.0
3 395.75 0.0 55.0 74.0 4.0 0.0
2 489.0 0.0 53.8 57.0 3.0 0.0
2 539.866666667 3.0 60.6 76.8 3.6 0.002
2 3813.5 3.0 52.6 82.2 3.0 0.172
1 577.0 2.0 68.4 73.0 8.4 0.0
3 296.0 2.0 59.8 80.6 8.6 0.056
2 606.5 3.0 58.0 90.0 9.0 1.18
3 6101.0 0.0 53.6 46.8 4.2 0.0
3 735.666666667 2.0 64.0 64.0 12.0 0.0
1 366.0 1.0 66.4 65.0 9.0 0.0
2 514.363636364 1.0 64.0 66.0 12.0 0.0
3 503.0 0.0 58.4 63.4 8.4 0.0
1 238.333333333 3.0 53.2 63.8 1.6 0.0
2 498.352941176 0.0 55.8 62.0 6.6 0.002
1 437.857142857 0.0 61.0 73.2 6.0 0.04
1 366.0 2.0 59.2 62.4 4.2 0.0
3 370.5 0.0 60.0 64.8 7.4 0.0
1 2887.22222222 2.0 52.2 73.6 3.2 0.0
1 483.9 0.0 52.8 67.2 3.2 0.0
2 706.55 1.0 61.0 68.0 14.0 0.0
1 479.5 0.0 53.0 86.0 8.0 0.096
3 559.5 0.0 60.2 72.0 11.0 0.092
2 310.0 3.0 57.6 81.4 2.0 0.014
3 186.0 0.0 64.8 46.8 8.4 0.0
1 694.0 0.0 57.6 65.4 6.0 0.0
1 395.0 3.0 53.0 87.0 3.0 0.48
1 415.8 0.0 53.0 76.6 5.0 0.004
2 800.8 2.0 66.8 70.0 6.8 0.0
1 518.6 2.0 67.6 72.2 7.0 0.0
1 548.857142857 2.0 61.0 84.6 6.6 0.088
1 729.5 2.0 68.6 68.8 5.8 0.0
2 675.333333333 2.0 55.8 67.0 1.8 0.0
1 389.0 0.0 49.6 73.2 3.0 0.0
3 712.0 2.0 67.0 41.0 4.0 0.0
2 526.176470588 0.0 57.2 73.6 2.8 0.0
2 460.3 3.0 60.0 87.0 8.0 0.1
0 212.0 0.0 58.4 81.6 3.2 0.0
0 2431.5 1.0 66.0 69.6 6.8 0.0
3 619.0 0.0 58.8 70.0 6.8 0.0
2 592.0 0.0 54.4 61.8 10.2 0.0
3 430.0 2.0 59.8 85.6 5.8 0.194
1 390.333333333 2.0 71.6 43.0 3.6 0.0
3 139.0 0.0 64.2 44.2 9.0 0.0
1 553.333333333 1.0 67.6 72.0 7.6 0.0
2 438.0 0.0 65.6 60.0 4.0 0.0
3 882.0 3.0 52.8 78.2 5.0 0.0
3 300.0 3.0 50.6 61.4 7.4 0.0
2 458.05 0.0 55.8 76.6 2.2 0.0
3 216.0 0.0 56.0 63.0 8.0 0.0
1 544.0 0.0 65.4 49.4 6.4 0.0
2 508.333333333 0.0 54.6 52.0 3.4 0.0
3 275.0 0.0 53.4 70.4 7.4 0.0
3 378.0 0.0 54.0 93.0 10.0 0.0
1 522.4 1.0 70.4 48.2 6.0 0.0
2 548.176470588 0.0 58.8 75.6 6.4 0.004
0 3639.0 2.0 65.6 70.6 4.8 0.0
3 338.0 2.0 59.6 78.8 3.6 0.004
1 455.285714286 0.0 66.0 61.0 8.0 0.0
2 639.333333333 2.0 68.6 71.2 7.2 0.0
1 501.6 0.0 61.4 55.0 10.0 0.0
1 323.0 1.0 64.8 74.6 8.4 0.0
1 586.166666667 1.0 66.2 73.2 7.8 0.0
1 459.375 1.0 62.6 66.8 8.0 0.0
3 330.8 0.0 73.0 42.8 5.2 0.0
2 490.235294118 2.0 63.0 60.2 6.4 0.0
2 684.625 2.0 67.2 67.8 5.6 0.0
3 479.0 2.0 67.6 72.2 7.0 0.0
1 489.714285714 0.0 61.0 56.4 6.0 0.0
1 689.0 3.0 57.0 76.6 12.4 1.982
3 638.333333333 2.0 72.2 70.0 7.6 0.0
3 370.0 2.0 68.0 56.0 7.0 0.0
1 415.0 2.0 63.0 60.2 6.4 0.0
2 574.0 0.0 60.6 83.2 11.4 0.456
2 475.5 1.0 62.2 65.6 6.4 0.0
2 552.125 0.0 60.0 74.0 9.6 0.0
1 545.5 1.0 70.2 73.6 8.4 0.0
3 309.0 0.0 49.0 87.0 2.0 0.0
1 382.2 0.0 52.4 81.0 2.6 0.0
1 10999.5 0.0 56.6 57.2 7.0 0.0
2 3259.25 0.0 60.0 66.4 7.4 0.0
1 503.5 0.0 59.4 69.8 10.0 0.054
2 545.058823529 0.0 50.0 75.2 4.8 0.0
1 526.5 2.0 68.0 65.8 9.0 0.0
3 151.0 0.0 63.0 63.6 7.6 0.0
2 432.25 0.0 60.2 76.8 6.4 0.0
1 739.0 0.0 52.6 72.0 3.2 0.0
0 515.0 0.0 56.2 47.0 1.8 0.0
2 515.6875 0.0 66.4 59.8 4.0 0.0
3 636.0 0.0 57.6 65.4 6.0 0.0
2 1301.57894737 0.0 59.8 57.8 6.2 0.0
2 431.333333333 0.0 55.2 76.8 8.4 0.22
2 622.9375 0.0 61.4 70.4 3.8 0.0
2 1479.0 3.0 58.0 83.0 2.2 0.004
2 590.526315789 1.0 67.0 69.0 9.0 0.0
2 634.333333333 2.0 60.6 66.4 6.6 0.0
1 1232.6 2.0 64.2 43.4 3.2 0.0
2 289.0 3.0 39.2 60.2 4.6 0.0
1 213.0 3.0 55.8 80.6 9.4 0.114
1 488.0 0.0 51.2 61.6 0.8 0.0
1 425.75 1.0 64.2 70.6 8.0 0.0
3 226.0 3.0 44.8 62.4 2.4 0.0
1 712.5 0.0 57.0 74.4 5.6 0.0
3 303.666666667 3.0 50.2 54.2 8.2 0.0
3 906.0 3.0 52.2 66.4 1.2 0.0
1 407.5 0.0 61.0 77.0 22.0 0.91
2 491.3125 0.0 52.0 74.2 2.6 0.0
1 471.2 2.0 65.2 72.2 3.2 0.002
1 430.285714286 0.0 70.0 48.0 5.2 0.0
3 239.0 0.0 60.8 67.4 6.6 0.0
3 405.5 1.0 69.8 67.8 7.6 0.0
1 530.4 2.0 59.8 70.0 3.0 0.0
1 489.571428571 0.0 52.8 71.0 4.4 0.0
2 389.142857143 0.0 50.6 85.6 7.2 0.458
2 853.588235294 1.0 70.4 73.2 7.4 0.0
2 450.75 0.0 53.0 86.0 8.0 0.096
2 556.777777778 0.0 55.4 72.6 2.8 0.0
1 453.0 2.0 57.8 77.2 3.4 0.0
2 645.473684211 1.0 67.6 71.8 6.0 0.0
2 541.066666667 3.0 46.2 70.8 2.2 0.0
1 533.333333333 2.0 68.4 65.0 4.8 0.0
1 474.285714286 2.0 55.4 68.6 3.6 0.0
3 928.5 2.0 55.4 66.0 6.0 0.0
1 585.166666667 0.0 62.4 62.8 4.4 0.0
3 265.5 2.0 54.0 69.2 6.0 0.0
3 262.75 2.0 67.8 68.6 4.0 0.0
1 502.0 0.0 58.0 78.2 4.4 0.0
2 656.066666667 2.0 65.0 66.0 19.0 0.0
2 438.272727273 0.0 57.2 70.6 8.0 0.0
3 175.0 0.0 57.4 75.6 7.0 0.014
2 619.153846154 0.0 53.6 46.8 4.2 0.0
2 334.8 3.0 48.2 69.2 1.0 0.0
2 712.0 2.0 60.8 76.4 3.0 0.0
0 236.0 1.0 64.2 70.6 8.0 0.0
3 485.0 0.0 51.0 65.0 3.0 0.0
1 493.333333333 0.0 58.2 73.4 1.8 0.0
2 654.416666667 0.0 64.0 55.0 8.0 0.0
1 416.4 2.0 61.8 69.2 3.4 0.0
3 352.0 1.0 62.0 68.4 8.0 0.0
2 400.076923077 2.0 62.0 64.2 3.4 0.0
2 412.428571429 0.0 57.6 67.8 5.2 0.0
1 5087.90909091 2.0 65.4 70.0 6.8 0.0
3 512.0 0.0 61.0 77.0 22.0 0.91
3 493.0 0.0 69.4 63.8 5.0 0.0
2 464.235294118 0.0 58.6 66.0 5.2 0.0
3 377.0 0.0 60.0 45.0 7.8 0.0
3 599.25 2.0 64.8 78.0 6.2 0.0
3 819.0 0.0 59.6 66.8 6.2 0.0
3 370.666666667 0.0 58.4 71.0 2.2 0.0
2 870.333333333 2.0 72.2 63.6 5.0 0.0
1 528.5 3.0 60.6 76.8 3.6 0.002
1 358.5 0.0 50.8 80.8 2.8 0.0
2 515.916666667 0.0 54.4 66.8 4.8 0.0
3 643.0 2.0 58.4 78.2 3.8 0.0
2 551.875 1.0 69.8 70.8 6.6 0.0
2 517.714285714 0.0 53.0 76.0 13.0 0.57
1 723.666666667 1.0 68.6 70.4 7.0 0.0
3 242.0 2.0 65.8 66.2 4.6 0.0
1 309.0 0.0 52.0 68.2 4.6 0.02
1 481.142857143 0.0 63.0 60.4 4.2 0.0
2 542.363636364 0.0 55.0 63.0 6.0 0.0
1 384.8 3.0 52.8 78.2 5.0 0.0
1 530.5 1.0 68.6 58.8 7.0 0.0
1 298.5 3.0 51.4 60.0 1.0 0.0
2 623.538461538 1.0 62.0 68.4 8.0 0.0
1 506.0 0.0 57.0 54.0 3.0 0.0
2 998.0 0.0 55.4 68.6 7.4 0.008
1 406.0 2.0 53.2 73.8 3.0 0.0
2 617.0 0.0 52.2 52.8 1.8 0.0
3 199.0 2.0 53.6 72.4 4.6 0.0
3 542.4 0.0 57.6 55.8 14.2 0.0
1 793.5 2.0 55.2 75.8 7.8 0.002
2 517.882352941 2.0 62.6 74.2 6.0 0.006
2 504.105263158 2.0 68.6 73.6 6.2 0.0
2 907.0 0.0 60.2 72.8 2.4 0.0
0 124.0 3.0 58.0 83.0 2.2 0.004
2 4245.83333333 0.0 59.6 63.6 2.0 0.0
1 384.0 0.0 57.0 59.8 6.2 0.0
1 687.0 0.0 53.0 54.6 1.4 0.0
1 419.333333333 0.0 69.4 63.8 5.0 0.0
2 696.866666667 3.0 57.8 82.0 3.2 0.0
1 392.0 0.0 53.8 84.8 3.0 0.0
1 474.0 1.0 67.4 68.4 8.6 0.0
3 194.0 2.0 69.6 68.4 7.0 0.0
1 1819.81818182 1.0 68.0 71.0 7.0 0.0
2 329.5 0.0 53.0 64.2 7.4 0.028
1 278.0 0.0 53.0 83.0 2.6 0.0
2 325.333333333 0.0 47.4 70.4 4.6 0.022
3 242.0 1.0 67.2 67.6 9.0 0.0
2 611.75 0.0 61.0 72.0 10.0 0.0
2 716.5 2.0 60.6 63.0 4.2 0.0
3 442.5 0.0 74.8 35.2 4.2 0.0
1 499.7 0.0 60.0 68.0 7.0 0.0
2 658.529411765 2.0 65.6 75.0 8.0 0.0
0 371.0 0.0 54.0 72.0 4.4 0.0
3 580.5 1.0 65.2 65.6 9.8 0.0
2 480.066666667 2.0 65.0 64.6 9.6 0.0
0 794.0 0.0 57.6 82.4 11.0 0.104
1 664.75 0.0 59.8 69.0 9.0 0.0
2 379.75 3.0 55.0 78.2 7.2 0.024
1 419.857142857 0.0 61.0 61.0 9.0 0.0
2 477.181818182 3.0 60.8 84.2 10.8 0.93
2 522.25 2.0 63.6 79.6 5.0 0.0
2 489.666666667 0.0 61.6 42.8 10.6 0.0
2 469.285714286 1.0 67.0 71.0 10.0 0.0
1 380.5 2.0 60.6 68.2 3.8 0.0
2 442.153846154 0.0 74.0 43.0 5.0 0.0
0 237.0 1.0 67.8 68.8 6.8 0.0
2 591.666666667 2.0 62.8 64.0 3.0 0.0
1 635.0 0.0 57.4 68.2 7.0 0.0
1 575.0 0.0 60.2 60.0 5.4 0.0
1 586.0 0.0 59.0 71.8 8.2 0.0
2 532.1875 0.0 67.8 60.8 6.6 0.0
0 249.0 3.0 41.0 60.2 1.2 0.0
1 2165.33333333 2.0 57.0 73.0 4.4 0.0
3 374.333333333 1.0 70.4 48.2 6.0 0.0
3 439.285714286 2.0 55.6 64.6 6.4 0.002
2 512.071428571 2.0 69.2 70.4 6.8 0.0
2 664.647058824 1.0 68.4 75.0 6.2 0.0
3 397.5 1.0 68.0 66.8 7.8 0.0
2 432.1 0.0 59.0 70.0 8.0 0.0
1 1143.66666667 2.0 76.2 52.8 4.2 0.0
3 596.5 0.0 55.8 81.4 3.4 0.006
2 402.076923077 0.0 57.8 78.6 3.6 0.0
1 570.0 0.0 52.6 72.0 5.2 0.032
3 161.0 2.0 54.8 63.2 2.4 0.0
2 514.0 0.0 59.4 67.6 8.2 0.0
2 399.153846154 0.0 52.8 70.2 6.6 0.008
3 408.666666667 3.0 55.0 78.2 7.2 0.024
1 440.166666667 1.0 64.0 65.0 8.0 0.0
2 664.5625 2.0 57.8 36.0 6.0 0.0
2 466.357142857 2.0 70.2 64.4 4.2 0.0
3 299.0 2.0 57.0 73.0 9.0 0.0
1 416.4 0.0 66.6 64.0 3.6 0.0
1 522.0 0.0 59.6 82.4 7.8 0.09
3 450.0 0.0 59.0 61.0 4.0 0.0
3 963.0 2.0 70.0 66.8 4.6 0.0
2 562.9 3.0 53.2 82.6 12.2 0.564
3 203.0 1.0 68.4 75.0 6.2 0.0
1 417.428571429 0.0 58.2 62.0 6.8 0.0
0 266.0 2.0 62.8 61.0 6.2 0.0
1 378.0 1.0 65.2 65.6 9.8 0.0
2 1009.25 2.0 76.2 52.8 4.2 0.0
2 8567.5 3.0 52.6 46.0 2.0 0.0
1 548.857142857 2.0 62.0 46.6 8.4 0.0
3 650.666666667 0.0 60.2 65.0 8.6 0.0
1 929.666666667 2.0 67.2 73.2 5.6 0.0
1 396.461538462 2.0 58.0 74.0 2.6 0.0
2 365.111111111 0.0 47.0 70.0 4.2 0.0
0 225.0 2.0 69.8 67.6 6.6 0.0
2 446.0 0.0 60.0 64.8 7.4 0.0
2 549.739130435 1.0 70.6 67.2 7.0 0.0
3 426.5 1.0 75.2 63.0 6.4 0.0
3 680.0 2.0 71.6 43.0 3.6 0.0
1 402.0 3.0 44.4 59.4 1.4 0.0
2 698.25 0.0 56.4 67.4 4.2 0.0
2 763.454545455 0.0 59.2 68.6 8.2 0.02
2 524.0 3.0 58.0 76.2 2.8 0.004
2 572.588235294 0.0 51.0 73.0 5.0 0.0
3 493.0 2.0 56.8 88.4 5.4 0.348
2 817.0 2.0 57.0 76.0 4.4 0.0
2 543.0 0.0 65.0 71.0 9.0 0.0
3 237.0 3.0 50.4 66.2 1.4 0.0
2 601.8125 1.0 65.0 74.0 12.0 0.0
1 654.2 2.0 72.2 70.0 7.6 0.0
3 523.5 2.0 55.2 57.6 3.0 0.0
1 392.5 0.0 60.8 72.8 5.4 0.0
2 526.0 3.0 52.0 64.0 1.2 0.0
2 1780.5 2.0 62.6 71.4 6.2 0.002
0 543.0 0.0 53.4 85.8 3.0 0.0
2 445.923076923 2.0 59.8 85.6 5.8 0.194
1 394.333333333 3.0 50.6 61.4 7.4 0.0
2 533.588235294 0.0 59.6 71.6 7.0 0.0
0 797.25 0.0 52.8 65.8 4.4 0.0
1 566.5 1.0 73.4 60.8 5.4 0.0
3 397.5 1.0 64.4 66.2 7.8 0.0
2 612.5 2.0 54.0 69.2 6.0 0.0
2 522.272727273 0.0 54.0 69.0 8.0 0.0
1 595.5 2.0 64.0 73.6 6.2 0.0
0 280.0 0.0 44.6 45.4 3.8 0.0
3 385.0 2.0 58.4 70.0 2.8 0.0
1 411.0 3.0 43.8 63.8 8.6 0.064
2 608.625 2.0 66.0 67.0 7.0 0.0
1 4415.25 1.0 64.8 65.8 7.2 0.0
3 621.333333333 2.0 68.8 64.2 7.2 0.342
2 614.533333333 0.0 58.4 81.4 4.2 0.0
1 373.0 0.0 50.8 69.2 1.4 0.0
3 846.5 1.0 68.0 63.0 11.0 0.0
0 495.0 1.0 70.6 60.2 6.2 0.0
3 489.0 2.0 64.0 63.0 4.0 0.0
3 340.0 0.0 46.0 68.0 3.0 0.0
1 330.0 2.0 67.4 74.0 6.8 0.0
0 288.0 3.0 43.2 51.0 3.4 0.0
3 163.0 0.0 56.0 68.0 19.0 0.0
1 607.555555556 1.0 65.0 70.0 5.8 0.0
3 206.0 1.0 64.2 69.0 7.8 0.0
1 729.6 0.0 60.0 45.0 7.8 0.0
1 470.538461538 2.0 56.2 82.2 4.8 0.0
3 470.0 0.0 64.6 67.0 8.2 0.0
1 785.5 0.0 62.8 65.8 9.0 0.0
2 766.0 0.0 50.8 71.8 4.6 0.0
2 539.5 0.0 57.0 64.0 4.0 0.0
1 966.6 2.0 64.0 48.6 3.4 0.0
1 356.833333333 1.0 70.6 65.4 8.0 0.002
2 553.25 1.0 65.0 63.2 6.2 0.0
2 476.235294118 2.0 58.2 70.0 4.0 0.0
0 821.0 0.0 66.0 61.0 8.0 0.0
2 396.0 0.0 48.8 70.8 5.8 0.0
2 651.357142857 0.0 62.2 68.4 5.6 0.0
2 560.583333333 1.0 67.8 68.8 6.8 0.0
3 252.0 0.0 65.4 31.2 10.6 0.0
1 322.5 3.0 53.2 73.2 4.8 0.078
2 494.052631579 2.0 60.4 62.6 4.4 0.0
3 704.5 2.0 58.6 73.2 3.4 0.0
1 327.571428571 2.0 56.0 64.8 3.4 0.0
1 752.666666667 2.0 64.8 74.6 9.0 0.106
2 651.0 1.0 66.8 68.8 7.4 0.0
1 423.0 0.0 56.8 47.4 11.6 0.0
2 3968.0 0.0 56.0 66.6 5.4 0.022
0 138.0 1.0 67.4 63.8 8.4 0.0
1 480.166666667 2.0 60.2 70.2 6.8 0.042
3 426.5 0.0 58.4 58.2 8.2 0.0
1 388.5 3.0 59.8 81.2 3.0 0.028
1 376.4 2.0 57.4 72.2 3.0 0.0
1 432.0 0.0 60.2 72.0 11.0 0.092
1 507.4 1.0 61.0 78.0 11.0 0.0
2 385.909090909 0.0 59.0 71.0 9.0 0.02
1 561.2 2.0 69.2 70.4 5.0 0.0
2 399.571428571 0.0 62.0 62.4 11.0 0.0
1 368.222222222 0.0 62.4 55.4 5.8 0.0
2 751.0 0.0 57.4 71.2 5.6 0.0
3 633.0 0.0 60.0 73.0 10.0 0.0
2 521.428571429 1.0 67.6 71.0 8.0 0.0
2 712.666666667 2.0 70.0 66.8 7.2 0.0
3 640.0 2.0 65.4 76.0 6.2 0.32
2 641.0 2.0 61.8 73.6 1.4 0.0
2 4705.4 1.0 68.0 69.8 7.2 0.0
2 486.714285714 0.0 58.0 64.0 12.0 0.0
2 1155.0 0.0 62.0 62.2 5.6 0.0
3 260.0 0.0 64.0 61.2 11.6 0.0
3 526.5 1.0 62.0 76.0 9.0 0.0
2 634.35 2.0 62.6 64.8 4.4 0.0
1 731.0 0.0 56.6 71.0 8.2 0.01
1 388.666666667 1.0 69.6 56.8 6.8 0.0
1 319.0 0.0 59.4 60.4 3.6 0.0
0 392.0 0.0 49.0 75.8 8.0 0.22
2 606.0625 0.0 66.0 50.0 6.0 0.0
2 5249.33333333 2.0 70.8 74.0 7.4 0.0
3 216.5 0.0 61.4 72.8 6.2 0.0
2 530.5625 1.0 67.0 70.0 9.0 0.0
2 1143.83333333 1.0 69.0 71.2 7.6 0.0
3 423.0 0.0 51.0 73.0 5.0 0.0
2 436.142857143 0.0 60.4 62.0 10.8 0.0
2 1848.66666667 0.0 58.8 72.6 8.6 0.0
3 43069.0 0.0 67.4 59.0 6.8 0.0
2 514.875 0.0 52.4 69.2 1.2 0.0
1 612.8 2.0 65.2 42.4 2.4 0.0
1 304.0 0.0 60.8 74.8 3.2 0.0
2 363.8 0.0 60.4 78.8 7.2 0.0
2 4446.5 0.0 61.4 65.8 4.2 0.0
2 584.0 1.0 68.6 58.8 7.0 0.0
2 426.875 0.0 57.0 59.8 6.2 0.0
3 307.0 0.0 61.6 64.8 8.2 0.004
2 503.235294118 0.0 61.8 48.6 4.6 0.0
2 544.823529412 1.0 66.0 71.0 11.0 0.0
2 432.0 0.0 56.0 73.0 7.0 0.036
2 318.0 0.0 61.0 70.0 6.0 0.0
2 451.352941176 3.0 50.0 66.6 8.4 0.0
2 497.5625 0.0 56.8 69.0 8.6 0.0
1 376.5 2.0 62.0 64.2 3.4 0.0
3 279.0 0.0 60.4 62.0 10.8 0.0
0 224.0 0.0 55.6 61.4 3.8 0.0
3 159.0 2.0 60.0 60.0 7.0 0.0
3 398.0 1.0 69.2 67.4 8.4 0.0
2 477.0 0.0 56.6 73.2 3.4 0.0
3 157.0 2.0 69.8 67.6 6.6 0.0
2 274.666666667 0.0 62.0 65.4 9.4 0.0
2 3474.0 0.0 44.6 45.4 3.8 0.0
3 296.333333333 2.0 55.2 75.8 7.8 0.002
3 809.5 0.0 56.0 73.0 7.0 0.036
1 179.0 0.0 54.6 34.4 9.4 0.0
1 695.833333333 0.0 58.0 58.0 6.0 0.0
2 775.083333333 2.0 62.8 51.0 3.2 0.0
2 1520.0 2.0 55.2 69.8 1.6 0.0
1 384.333333333 0.0 48.2 76.0 1.6 0.0
3 407.5 0.0 57.4 71.2 5.6 0.0
1 526.5 0.0 52.8 70.0 1.8 0.0
3 487.5 2.0 67.0 53.0 6.0 0.0
2 558.777777778 2.0 64.0 48.6 3.4 0.0
3 588.0 0.0 54.0 59.0 4.0 0.0
2 1160.6 2.0 53.0 72.2 2.0 0.0
1 387.0 1.0 70.8 58.2 8.2 0.0
2 506.923076923 2.0 61.0 84.6 6.6 0.088
1 471.4 0.0 57.2 73.6 2.8 0.0
1 912.0 2.0 64.8 71.0 7.6 0.0
2 562.75 0.0 59.0 71.8 8.2 0.0
1 449.4 0.0 56.4 45.6 2.4 0.0
2 1964.66666667 2.0 71.6 65.2 6.4 0.0
3 150.0 2.0 74.0 41.4 3.6 0.0
2 765.0 1.0 70.4 48.2 6.0 0.0
1 411.333333333 0.0 69.4 45.4 3.8 0.0
2 1969.66666667 2.0 64.6 73.0 4.4 0.0
1 713.0 1.0 69.4 72.8 7.6 0.0
1 422.0 3.0 49.6 70.2 3.2 0.0
1 335.0 1.0 72.6 70.4 7.2 0.0
3 431.0 3.0 59.6 79.4 7.4 0.002
1 492.2 0.0 58.2 57.0 3.0 0.0
1 1086.85714286 2.0 55.6 64.6 6.4 0.002
3 617.0 0.0 61.6 42.8 10.6 0.0
1 705.333333333 0.0 60.6 58.2 6.8 0.0
3 566.0 3.0 52.6 82.2 3.0 0.172
3 540.5 0.0 67.2 36.4 7.4 0.0
3 415.0 0.0 54.2 54.4 3.0 0.0
1 463.0 0.0 62.0 62.4 11.0 0.0
2 406.181818182 2.0 62.8 61.0 6.2 0.0
2 1374.3 0.0 56.8 47.4 11.6 0.0
2 484.0 1.0 65.0 66.4 6.6 0.0
3 661.5 0.0 61.8 48.6 4.6 0.0
3 437.0 0.0 53.0 58.0 1.0 0.0
2 474.4 0.0 51.0 60.8 1.8 0.0
1 469.4 1.0 70.6 67.2 7.0 0.0
2 397.769230769 0.0 56.2 47.0 1.8 0.0
2 488.928571429 2.0 71.6 43.0 3.6 0.0
1 389.0 2.0 71.6 65.2 6.4 0.0
3 152.0 2.0 71.6 65.2 6.4 0.0
1 894.8 2.0 68.8 66.6 6.8 0.0
1 471.0 1.0 67.8 72.0 8.6 0.0
2 603.307692308 0.0 60.2 65.0 8.6 0.0
1 872.0 2.0 59.0 80.0 10.0 0.26
0 629.0 2.0 60.8 76.4 3.0 0.0
0 206.0 0.0 49.2 58.0 1.6 0.0
2 689.666666667 0.0 56.8 79.6 10.8 0.544
2 829.285714286 0.0 54.6 60.6 3.4 0.0
2 510.3125 0.0 53.0 78.0 3.0 0.0
3 2102.0 2.0 63.4 62.4 4.0 0.0
2 736.5 2.0 57.0 75.2 5.8 0.01
3 707.0 0.0 59.2 77.0 6.4 0.008
2 493.444444444 2.0 56.4 79.2 4.6 0.208
3 238.0 0.0 60.2 70.0 6.6 0.0
3 660.5 2.0 57.6 66.8 2.0 0.0
3 150.0 2.0 60.6 66.4 6.6 0.0
2 375.272727273 3.0 43.2 51.0 3.4 0.0
2 1107.4 1.0 68.0 70.8 7.4 0.0
2 635.833333333 2.0 69.6 68.8 4.8 0.0
2 524.444444444 0.0 58.2 65.2 4.4 0.0
3 258.0 3.0 56.0 84.0 3.0 0.0
1 2817.33333333 0.0 57.8 73.4 11.2 0.178
3 2035.5 0.0 56.2 47.0 1.8 0.0
1 342.6 3.0 57.8 82.0 3.2 0.0
3 18905.0 0.0 55.0 56.0 9.0 0.0
3 900.0 2.0 60.6 68.2 3.8 0.0
2 785.5 0.0 59.8 67.2 8.2 0.0
0 258.0 0.0 58.0 65.8 7.8 0.0
2 728.333333333 0.0 60.0 67.0 6.0 0.0
1 436.5 0.0 52.4 69.2 1.2 0.0
1 348.0 3.0 48.0 43.6 2.4 0.0
2 595.181818182 3.0 40.2 49.2 4.2 0.0
1 395.0 2.0 57.8 61.4 2.4 0.0
3 380.5 0.0 57.2 70.6 8.0 0.0
3 327.0 3.0 50.6 72.8 4.2 0.0
2 547.625 1.0 68.0 73.0 11.0 0.0
1 466.285714286 1.0 69.4 72.2 6.4 0.0
2 422.1 2.0 58.6 73.2 3.4 0.0
0 223.0 3.0 50.0 66.6 8.4 0.0
1 550.333333333 2.0 55.8 67.0 1.8 0.0
2 474.875 1.0 69.6 73.6 6.0 0.0
0 610.0 3.0 43.6 65.4 5.4 0.122
3 428.0 3.0 59.8 81.2 3.0 0.028
2 633.1875 1.0 69.8 67.8 7.6 0.0
2 432.444444444 2.0 60.8 58.6 3.2 0.0
1 829.444444444 2.0 61.4 61.0 3.6 0.0
3 413.666666667 2.0 55.4 68.6 3.6 0.0
1 336.5 0.0 59.8 57.8 6.2 0.0
3 690.5 1.0 66.4 74.8 8.0 0.0
1 530.8 0.0 67.0 49.6 6.0 0.0
1 2372.4 1.0 67.6 66.8 6.2 0.0
1 475.6 2.0 59.6 78.8 3.6 0.004
0 185.0 3.0 58.8 83.0 2.8 0.0
3 385.5 2.0 61.8 59.2 5.2 0.0
2 567.444444444 2.0 64.8 64.6 2.4 0.0
1 336.142857143 0.0 54.6 52.0 3.4 0.0
1 622.0 0.0 55.4 72.6 2.8 0.0
1 640.0 2.0 67.2 67.8 5.6 0.0
1 404.857142857 0.0 57.0 70.0 13.0 0.0
0 196.0 2.0 61.8 69.2 3.4 0.0
3 207.0 0.0 61.4 55.0 10.0 0.0
1 487.8 0.0 62.2 60.0 5.8 0.0
3 428.0 0.0 53.8 57.8 9.0 0.0
0 154.0 2.0 68.8 66.6 6.8 0.0
1 510.833333333 1.0 74.2 60.2 6.0 0.0
1 264.714285714 0.0 58.4 81.4 4.2 0.0
3 800.0 2.0 67.2 35.6 2.4 0.0
1 516.75 2.0 65.6 70.6 4.8 0.0
1 593.333333333 1.0 67.2 69.8 9.4 0.004
1 544.0 0.0 67.8 57.8 6.6 0.0
1 479.666666667 0.0 53.4 52.6 2.2 0.0
1 622.833333333 0.0 58.4 50.0 4.4 0.0
2 502.6 3.0 48.8 71.8 3.8 0.0
2 459.0 3.0 51.4 60.0 1.0 0.0
3 271.0 0.0 49.0 72.0 2.0 0.0
2 654.647058824 1.0 67.6 72.0 7.6 0.0
1 566.125 2.0 62.8 50.8 6.4 0.0
2 1008.0 0.0 67.4 59.0 6.8 0.0
1 456.333333333 0.0 60.6 85.0 4.2 0.004
2 544.285714286 0.0 56.6 71.0 8.2 0.01
3 293.5 0.0 51.0 69.0 11.0 0.0
2 470.5 0.0 60.6 85.0 4.2 0.004
1 466.0 0.0 56.8 79.6 10.8 0.544
2 440.0 0.0 52.8 65.8 4.4 0.0
2 271.0 0.0 57.0 60.6 3.8 0.0
3 660.0 2.0 56.6 69.0 5.2 0.0
0 224.0 2.0 67.6 72.2 7.0 0.0
2 1068.44444444 0.0 50.4 78.8 2.6 0.0
3 429.25 2.0 70.6 73.4 6.6 0.002
0 8457.5 1.0 65.6 71.4 9.4 0.0
3 311.0 0.0 62.4 66.2 5.8 0.0
1 409.333333333 0.0 58.6 75.4 4.8 0.0
3 333.25 2.0 56.2 69.6 4.2 0.0
3 13187.3333333 2.0 53.4 63.6 3.2 0.0
3 879.0 0.0 57.6 67.8 5.2 0.0
2 521.047619048 2.0 67.8 68.6 4.0 0.0
1 360.666666667 0.0 55.4 74.8 4.8 0.0
2 930.5 2.0 67.2 35.6 2.4 0.0
3 358.5 2.0 64.8 74.6 9.0 0.106
2 566.333333333 2.0 54.6 66.8 1.6 0.0
1 1053.2 1.0 68.0 70.0 7.8 0.0
3 490.0 0.0 58.0 72.0 11.0 0.0
0 196.0 2.0 68.4 73.0 8.4 0.0
3 590.5 0.0 62.2 60.0 5.8 0.0
1 469.0 0.0 63.2 62.2 5.6 0.0
2 311.0 2.0 53.2 73.8 3.0 0.0
2 507.571428571 3.0 51.4 61.8 1.2 0.0
1 350.75 0.0 58.0 65.8 7.8 0.0
3 929.0 0.0 54.6 34.4 9.4 0.0
2 745.666666667 1.0 69.0 72.2 6.8 0.0
2 574.857142857 0.0 57.0 55.4 3.2 0.0
1 1228.25 2.0 55.4 66.0 6.0 0.0
2 570.923076923 0.0 47.6 69.0 2.0 0.0
2 1497.25 1.0 69.6 56.8 6.8 0.0
3 684.0 0.0 68.6 59.6 3.6 0.0
3 281.0 0.0 44.6 45.4 3.8 0.0
1 226.0 0.0 60.0 66.4 7.4 0.0
3 2428.66666667 0.0 51.0 73.0 6.0 0.0
2 464.307692308 3.0 44.4 63.8 1.4 0.0
3 342.4 0.0 55.0 69.0 3.0 0.0
1 503.4 0.0 47.4 70.4 4.6 0.022
3 494.0 2.0 62.0 53.0 11.0 0.0
1 406.5 1.0 64.2 69.0 7.8 0.0
3 612.333333333 2.0 56.0 72.0 9.0 0.0
1 800.5 2.0 64.6 79.4 5.4 0.0
1 441.428571429 0.0 47.6 69.0 2.0 0.0
2 8657.5 0.0 59.0 66.8 7.6 0.0
2 443.666666667 3.0 59.0 86.0 10.0 0.0
3 322.0 2.0 72.2 63.6 5.0 0.0
1 301.875 0.0 58.4 81.6 3.2 0.0
1 685.142857143 0.0 53.2 52.8 2.0 0.0
1 687.0 1.0 65.0 74.0 9.0 0.0
2 391.909090909 2.0 55.2 78.6 4.0 0.0
2 397.066666667 0.0 56.0 68.0 19.0 0.0
3 361.5 0.0 53.0 92.0 9.0 0.0
3 386.0 0.0 57.0 57.0 13.0 0.0
2 525.571428571 0.0 49.2 58.0 1.6 0.0
2 425.25 0.0 48.2 76.0 1.6 0.0
2 1033.0 0.0 57.6 65.4 6.0 0.0
2 639.875 2.0 60.6 68.2 3.8 0.0
3 489.0 3.0 53.0 80.4 6.0 0.104
2 461.933333333 0.0 62.4 66.2 5.8 0.0
1 15987.0 2.0 64.6 73.0 4.4 0.0
3 335.666666667 0.0 64.0 68.6 5.0 0.0
1 583.333333333 1.0 65.2 63.8 10.2 0.0
1 1122.0 0.0 62.0 63.4 4.6 0.0
3 427.5 2.0 61.0 68.0 6.0 0.0
1 1093.0 1.0 65.6 71.4 9.4 0.0
2 608.75 1.0 64.0 76.0 9.0 0.0
2 494.714285714 0.0 59.4 66.8 7.6 0.0
3 203.0 1.0 67.8 73.0 7.2 0.0
2 520.0 1.0 65.6 57.4 6.6 0.0
1 394.0 3.0 43.6 65.4 5.4 0.122
2 696.529411765 1.0 67.0 73.0 12.0 0.0
2 547.727272727 1.0 69.0 71.0 8.0 0.0
3 782.5 0.0 56.0 75.0 6.0 0.0
0 156.0 2.0 66.2 73.6 6.2 0.0
3 1579.0 2.0 56.0 88.0 4.0 0.32
0 215.0 0.0 47.0 70.0 4.2 0.0
2 483.0 0.0 57.8 67.0 3.6 0.0
2 509.909090909 0.0 66.6 64.0 3.6 0.0
0 2914.0 1.0 68.0 70.8 7.4 0.0
1 535.428571429 2.0 58.8 46.6 3.0 0.0
2 517.705882353 0.0 60.6 58.2 6.8 0.0
2 557.357142857 3.0 56.0 81.0 6.0 0.0
3 668.5 2.0 68.6 64.0 5.8 0.0
1 725.4 1.0 70.0 70.0 7.0 0.0
1 451.8 0.0 63.0 63.6 7.6 0.0
1 295.0 0.0 60.6 79.8 5.0 0.0
1 641.333333333 0.0 67.8 42.8 4.8 0.0
2 966.5 2.0 71.8 53.2 3.8 0.0
1 511.166666667 1.0 64.4 66.2 7.8 0.0
2 384.0 3.0 62.8 79.4 5.0 0.094
3 684.0 0.0 57.2 74.2 7.8 0.19
1 568.166666667 0.0 56.2 80.4 3.6 0.0
3 866.0 2.0 64.2 43.4 3.2 0.0
1 341.666666667 0.0 60.0 64.8 7.4 0.0
3 455.5 2.0 63.0 61.0 13.0 0.0
3 568.0 0.0 56.6 57.2 7.0 0.0
2 502.0 2.0 62.0 61.6 2.2 0.0
0 160.0 2.0 64.6 73.0 4.4 0.0
2 745.066666667 2.0 58.6 78.4 4.2 0.0
1 1702.09090909 0.0 59.8 69.0 6.0 0.214
3 684.0 3.0 58.8 83.0 2.8 0.0
3 973.0 0.0 61.0 65.2 7.0 0.002
2 455.142857143 2.0 60.6 58.2 2.0 0.0
1 352.8 1.0 75.2 63.0 6.4 0.0
1 1282.9 2.0 62.0 60.2 11.8 0.0
3 627.5 0.0 56.6 46.2 3.6 0.0
1 237.333333333 0.0 49.2 58.0 1.6 0.0
1 377.5 3.0 40.2 49.2 4.2 0.0
3 468.0 0.0 63.6 70.6 8.0 0.0
1 1393.71428571 2.0 65.4 46.8 3.6 0.0
3 389.25 0.0 67.0 49.6 6.0 0.0
2 726.0 0.0 63.0 68.0 4.8 0.0
3 384.5 2.0 64.0 48.6 3.4 0.0
1 98.0 0.0 60.4 70.4 2.0 0.0
2 428.2 0.0 65.4 31.2 10.6 0.0
2 453.333333333 0.0 63.0 63.6 7.6 0.0
2 4795.5 2.0 70.0 66.8 4.6 0.0
1 516.0 0.0 50.0 75.2 4.8 0.0
2 224.0 3.0 43.8 63.8 8.6 0.064
2 527.611111111 1.0 64.2 69.0 7.8 0.0
3 164.0 0.0 62.8 67.0 6.4 0.0
3 145.0 0.0 57.8 75.4 10.6 0.762
1 412.0 2.0 72.0 57.2 3.6 0.0
3 460.666666667 2.0 62.0 80.0 9.0 0.0
0 435.5 0.0 63.0 68.0 4.8 0.0
3 148.0 1.0 70.6 65.4 8.0 0.002
3 787.0 2.0 61.8 69.2 3.4 0.0
3 596.0 2.0 61.0 56.0 4.0 0.11
2 451.538461538 0.0 60.4 70.4 2.0 0.0
3 398.0 2.0 57.0 69.0 15.0 0.0
1 1328.0 0.0 56.8 54.4 1.8 0.0
1 31533.0 0.0 68.6 59.6 3.6 0.0
2 580.210526316 2.0 62.0 46.6 8.4 0.0
0 222.0 0.0 60.0 66.4 7.4 0.0
2 472.090909091 0.0 58.0 75.0 7.0 0.0
2 616.333333333 1.0 64.8 65.8 7.2 0.0
1 541.5 0.0 66.0 26.0 16.0 0.0
3 281.666666667 0.0 75.4 35.6 5.2 0.0
2 422.0625 0.0 50.0 60.8 1.2 0.0
3 393.0 2.0 69.6 68.8 4.8 0.0
2 935.0 0.0 52.8 62.6 2.4 0.0
1 416.6 2.0 64.8 64.6 2.4 0.0
2 558.9375 2.0 53.4 63.6 3.2 0.0
2 541.25 0.0 75.4 45.6 4.4 0.0
2 426.4 0.0 55.6 85.8 5.0 0.006
1 422.25 0.0 54.0 68.6 5.8 0.0
2 303.111111111 1.0 64.6 71.4 6.4 0.0
2 654.642857143 0.0 63.0 57.2 7.8 0.0
1 367.333333333 2.0 57.6 71.6 5.6 0.0
2 539.2 0.0 55.6 80.4 5.4 0.082
2 564.75 0.0 51.2 61.6 0.8 0.0
3 462.0 1.0 67.2 69.8 9.4 0.004
0 492.0 2.0 65.4 70.0 6.8 0.0
3 481.0 3.0 48.8 71.8 3.8 0.0
1 177.0 2.0 59.0 83.0 7.0 0.08
2 483.153846154 0.0 58.2 71.2 8.6 0.0
2 848.666666667 3.0 52.0 86.0 3.0 0.0
3 378.0 0.0 57.0 82.0 6.0 0.0
1 455.0 0.0 66.4 59.8 4.0 0.0
0 216.0 0.0 48.8 70.8 5.8 0.0
2 581.235294118 2.0 68.6 56.8 5.0 0.0
3 435.0 0.0 51.2 78.0 9.0 0.302
1 583.714285714 0.0 53.6 82.6 3.0 0.0
1 513.333333333 0.0 55.2 68.0 6.0 0.048
2 572.25 2.0 69.2 70.4 5.0 0.0
1 713.0 0.0 64.0 61.2 11.6 0.0
1 814.5 0.0 59.0 66.8 7.6 0.0
1 342.6 0.0 52.6 66.8 2.6 0.0
1 631.166666667 0.0 57.8 47.8 6.8 0.0
2 964.333333333 3.0 48.0 71.2 2.2 0.0
0 216.0 1.0 69.8 67.8 7.6 0.0
2 474.0 2.0 63.0 79.6 6.4 0.0
3 212.0 0.0 59.0 76.6 7.0 0.0
1 386.8 0.0 59.6 70.2 7.8 0.004
2 480.833333333 0.0 62.4 55.4 5.8 0.0
1 404.0 1.0 73.0 68.8 5.6 0.0
0 201.0 0.0 59.0 71.8 8.2 0.0
3 442.5 2.0 65.6 75.0 8.0 0.0
3 423.0 0.0 56.0 75.0 8.0 0.0
1 535.285714286 0.0 58.4 63.4 8.4 0.0
2 545.611111111 0.0 58.0 78.2 4.4 0.0
1 524.0 2.0 61.8 73.6 1.4 0.0
3 663.0 1.0 68.8 70.2 7.2 0.0
2 577.8 0.0 63.0 66.2 7.2 0.0
0 169.0 1.0 68.6 68.4 7.0 0.0
2 588.0625 1.0 65.0 70.0 5.8 0.0
3 290.0 3.0 60.8 84.2 10.8 0.93
2 593.5 2.0 74.0 46.0 4.0 0.0
0 293.0 0.0 56.0 61.0 4.4 0.0
3 518.0 2.0 62.6 71.4 6.2 0.002
3 670.333333333 0.0 60.4 78.8 7.2 0.0
2 481.0 2.0 61.2 59.0 3.6 0.032
0 225.5 0.0 57.0 64.0 6.0 0.0
3 513.5 1.0 69.6 66.0 7.0 0.0
1 443.25 2.0 69.8 67.6 6.6 0.0
1 412.333333333 1.0 67.8 68.8 6.8 0.0
2 4934.33333333 2.0 53.8 54.2 2.2 0.0
3 458.0 3.0 54.0 54.0 2.0 0.0
3 384.0 1.0 64.2 70.6 8.0 0.0
3 485.0 2.0 53.0 69.2 1.0 0.0
3 292.0 0.0 55.0 72.0 15.0 0.52
1 521.0 0.0 51.4 77.6 9.6 0.268
2 774.8125 1.0 71.2 70.2 9.0 0.0
3 336.333333333 1.0 66.4 65.0 9.0 0.0
2 369.75 0.0 52.0 72.0 13.0 0.69
3 532.5 2.0 58.6 81.0 6.6 0.226
3 333.5 0.0 57.8 47.8 6.8 0.0
1 667.0 0.0 53.6 46.8 4.2 0.0
2 498.666666667 2.0 63.4 76.6 6.2 0.35
3 361.333333333 0.0 55.2 68.0 6.0 0.048
1 460.0 1.0 69.0 72.2 6.8 0.0
2 477.0 2.0 72.4 50.0 3.8 0.0
2 603.75 1.0 72.8 64.2 7.4 0.0
3 397.0 0.0 59.2 60.6 9.4 0.0
1 374.0 0.0 61.4 72.8 6.2 0.0
0 1724.0 1.0 66.6 73.2 7.4 0.0
2 492.5 0.0 67.8 57.8 6.6 0.0
1 539.0 2.0 71.8 53.2 3.8 0.0
3 250.5 0.0 59.6 70.2 7.8 0.004
2 547.0 2.0 69.2 72.8 5.2 0.0
1 469.0 0.0 53.8 57.8 9.0 0.0
2 635.625 1.0 69.4 72.2 6.4 0.0
1 408.0 0.0 50.8 48.6 1.8 0.0
3 249.0 0.0 60.8 56.6 8.4 0.0
3 277.666666667 3.0 55.8 80.6 9.4 0.114
2 522.6 0.0 60.0 68.0 7.0 0.0
1 604.0 2.0 69.2 53.0 4.8 0.0
1 659.5 1.0 62.4 67.4 8.0 0.0
2 480.333333333 0.0 53.2 55.0 1.8 0.0
1 444.0 0.0 57.0 57.0 13.0 0.0
2 532.333333333 2.0 67.0 43.6 4.4 0.0
1 468.666666667 0.0 60.4 60.0 12.8 0.0
2 566.7 0.0 61.4 55.0 10.0 0.0
2 581.266666667 2.0 65.2 72.2 3.2 0.002
3 187.0 1.0 65.0 66.4 6.6 0.0
3 1125.0 0.0 53.0 76.6 5.0 0.004
3 391.0 2.0 65.4 70.0 6.8 0.0
2 478.777777778 0.0 61.0 65.2 7.0 0.002
3 247.0 1.0 64.8 74.6 8.4 0.0
1 3763.875 2.0 57.4 81.8 4.0 0.0
1 414.5 0.0 56.8 69.0 8.6 0.0
3 372.0 0.0 60.8 74.8 3.2 0.0
1 420.333333333 0.0 61.6 42.8 10.6 0.0
1 349.333333333 2.0 63.6 79.6 5.0 0.0
1 763.833333333 1.0 71.4 69.4 5.8 0.0
2 582.071428571 0.0 58.0 68.0 2.0 0.0
1 381.666666667 3.0 59.6 79.4 7.4 0.002
0 440.0 0.0 60.8 72.8 5.4 0.0
2 313.0 0.0 63.2 62.2 5.6 0.0
1 796.75 0.0 51.2 68.6 5.8 0.0
3 545.5 2.0 58.2 70.0 4.0 0.0
1 537.888888889 2.0 60.4 64.8 5.6 0.0
1 366.0 0.0 62.4 85.8 6.6 0.086
1 466.5 0.0 65.0 47.0 8.0 0.0
2 949.0 2.0 68.6 68.8 5.8 0.0
1 526.0 2.0 52.0 84.0 6.0 0.0
1 639.6 2.0 56.8 88.4 5.4 0.348
3 526.8 3.0 51.4 61.8 1.2 0.0
2 545.25 0.0 56.0 84.6 5.2 0.0
2 535.210526316 2.0 60.0 60.0 7.0 0.0
2 579.066666667 1.0 70.8 58.2 8.2 0.0
2 605.928571429 1.0 68.0 71.0 7.0 0.0
2 816.0 2.0 56.6 66.6 2.4 0.0
0 4520.5 3.0 60.0 83.4 4.4 0.018
2 428.2 0.0 52.8 67.2 3.2 0.0
2 479.722222222 0.0 62.0 64.0 8.0 0.0
1 352.333333333 1.0 68.6 70.2 8.2 0.0
3 688.0 0.0 52.4 64.0 2.2 0.0
0 544.0 0.0 61.8 67.6 10.8 0.0
1 186.0 2.0 74.0 41.4 3.6 0.0
2 360.0 2.0 56.0 85.8 3.4 0.184
2 488.454545455 3.0 50.6 72.8 4.2 0.0
3 524.0 2.0 70.8 74.0 7.4 0.0
1 435.6 0.0 59.6 71.6 7.0 0.0
2 537.222222222 0.0 51.8 77.6 1.6 0.0
1 545.333333333 2.0 65.8 70.4 7.4 0.0
2 542.1875 2.0 57.0 73.0 4.4 0.0
1 283.4 3.0 48.8 71.8 3.8 0.0
2 497.428571429 1.0 62.6 66.8 8.0 0.0
3 873.0 2.0 68.2 75.2 5.8 0.0
2 569.578947368 1.0 72.4 64.6 6.6 0.0
3 227.0 0.0 60.2 60.0 5.4 0.0
0 29242.0 1.0 68.0 70.0 7.8 0.0
3 681.0 2.0 53.0 72.2 2.0 0.0
1 518.857142857 2.0 65.8 66.2 4.6 0.0
1 365.75 0.0 57.2 59.0 3.4 0.0
2 385.615384615 2.0 60.0 66.8 5.2 0.0
2 840.666666667 0.0 61.0 71.0 13.0 0.0
2 592.35 0.0 56.4 45.6 2.4 0.0
3 368.333333333 0.0 60.6 79.8 5.0 0.0
2 848.166666667 0.0 53.4 70.4 7.4 0.0
1 471.5 0.0 46.4 37.2 6.2 0.0
1 548.5 3.0 44.4 63.8 1.4 0.0
1 400.75 0.0 59.4 77.0 4.6 0.0
2 535.9375 0.0 59.4 77.0 4.6 0.0
1 718.0 3.0 53.2 82.6 12.2 0.564
2 384.909090909 3.0 43.6 65.4 5.4 0.122
2 1154.94117647 0.0 60.0 67.0 9.0 0.0
1 374.6 2.0 70.2 64.4 4.2 0.0
3 209.0 2.0 60.2 70.2 6.8 0.042
2 502.454545455 0.0 57.0 60.0 4.0 0.0
0 514.0 2.0 62.0 53.0 11.0 0.0
1 387.75 0.0 61.0 65.2 7.0 0.002
2 2567.0 3.0 50.4 63.0 1.8 0.0
3 593.666666667 3.0 43.0 56.0 3.0 0.0
1 454.857142857 0.0 56.0 73.0 7.0 0.036
1 322.6 0.0 51.0 60.8 1.8 0.0
1 286.5 0.0 58.6 71.0 8.6 0.0
1 694.0 1.0 65.0 66.4 6.6 0.0
3 567.333333333 3.0 44.0 49.0 8.0 0.0
1 805.166666667 2.0 70.0 66.8 7.2 0.0
2 596.5 1.0 66.2 73.2 7.8 0.0
1 2752.75 2.0 57.8 36.0 6.0 0.0
1 350.75 1.0 61.4 66.2 8.8 0.0
1 344.8 0.0 60.0 74.0 9.6 0.0
3 215.0 0.0 62.0 65.4 9.4 0.0
2 423.1 0.0 57.8 68.0 9.0 0.0
3 501.5 0.0 55.0 78.0 6.0 0.0
1 573.25 2.0 69.8 54.2 4.2 0.0
0 755.0 2.0 70.8 74.0 7.4 0.0
1 604.0 0.0 60.4 55.0 10.6 0.0
3 306.666666667 0.0 56.8 47.4 11.6 0.0
1 365.25 2.0 68.6 71.2 7.2 0.0
2 11746.0 0.0 65.2 58.0 5.2 0.0
2 1439.5 0.0 58.6 71.0 8.6 0.0
2 589.833333333 2.0 67.2 73.2 5.6 0.0
2 449.066666667 0.0 49.6 73.2 3.0 0.0
0 309.0 1.0 68.0 66.0 7.4 0.0
2 795.666666667 0.0 59.2 60.6 9.4 0.0
2 556.0 2.0 64.0 64.0 12.0 0.0
1 497.5 0.0 59.8 67.2 8.2 0.0
3 1254.33333333 2.0 72.4 50.0 3.8 0.0
3 563.0 0.0 59.8 69.0 9.0 0.0
2 935.076923077 2.0 64.0 73.6 6.2 0.0
2 486.142857143 2.0 57.4 72.2 3.0 0.0
1 504.25 1.0 69.6 73.6 6.0 0.0
0 221.0 1.0 64.6 71.4 6.4 0.0
2 335.0 0.0 46.4 51.4 13.6 0.0
3 399.0 2.0 59.0 50.6 1.2 0.0
2 702.0 2.0 64.8 74.6 9.0 0.106
2 598.666666667 3.0 50.2 54.2 8.2 0.0
1 3471.85714286 0.0 59.2 68.6 8.2 0.02
3 466.0 0.0 59.6 71.2 8.4 0.0
3 361.0 0.0 59.0 89.0 8.0 0.0
2 742.0 0.0 57.6 82.4 11.0 0.104
0 841.0 2.0 53.8 54.2 2.2 0.0
2 577.083333333 0.0 52.4 62.2 7.0 0.002
1 1242.6 2.0 70.0 66.8 4.6 0.0
2 3794.85714286 0.0 57.8 73.4 11.2 0.178
1 384.166666667 3.0 51.4 61.8 1.2 0.0
1 565.25 0.0 55.2 74.6 3.6 0.002
2 666.916666667 0.0 59.6 66.8 6.2 0.0
1 422.0 0.0 41.8 64.6 2.0 0.0
1 442.0 1.0 64.6 71.4 6.4 0.0
1 590.0 2.0 55.2 78.6 4.0 0.0
3 640.0 3.0 48.2 69.2 1.0 0.0
3 958.0 2.0 67.2 73.2 5.6 0.0
1 499.0 2.0 54.0 69.2 6.0 0.0
2 400.25 3.0 50.6 61.4 7.4 0.0
2 564.0 0.0 59.4 47.4 4.0 0.0
1 419.5 0.0 48.8 60.2 4.6 0.0
1 479.2 2.0 67.6 59.4 5.4 0.0
1 414.428571429 0.0 52.0 74.2 2.6 0.0
1 555.285714286 0.0 75.4 45.6 4.4 0.0
3 688.0 3.0 57.6 81.4 2.0 0.014
1 852.571428571 0.0 55.6 80.4 5.4 0.082
2 617.428571429 0.0 61.6 77.2 18.0 0.696
1 346.0 2.0 57.6 66.8 2.0 0.0
1 478.5 2.0 70.6 73.4 6.6 0.002
3 516.5 1.0 67.6 71.0 8.0 0.0
0 189.0 3.0 40.6 50.8 2.2 0.0
3 318.0 0.0 59.8 67.2 8.2 0.0
1 285.5 0.0 58.6 57.6 3.4 0.0
2 461.75 0.0 59.0 50.0 8.0 0.0
1 519.0 1.0 64.0 53.4 7.2 0.0
3 804.0 2.0 68.6 56.8 5.0 0.0
2 661.0 1.0 67.2 69.0 6.2 0.0
2 1368.2 1.0 73.0 68.8 5.6 0.0
0 247.0 2.0 60.2 78.4 3.2 0.004
1 448.0 0.0 59.4 47.4 4.0 0.0
2 565.058823529 2.0 70.6 65.6 4.4 0.0
1 413.875 0.0 60.2 65.0 8.6 0.0
1 343.75 0.0 54.0 72.0 4.4 0.0
2 572.666666667 2.0 70.6 73.4 6.6 0.002
3 224.0 0.0 52.0 69.0 5.0 0.0
3 352.0 2.0 59.2 73.8 4.2 0.0
2 511.833333333 0.0 58.4 65.8 3.2 0.0
1 9666.5 1.0 71.0 68.0 6.2 0.0
2 571.333333333 0.0 63.6 70.6 8.0 0.0
3 190.0 1.0 68.0 70.0 7.8 0.0
3 647.666666667 2.0 69.2 72.8 5.2 0.0
3 494.0 1.0 68.0 74.0 9.0 0.0
2 487.5 1.0 64.8 74.6 8.4 0.0
1 4550.0 0.0 61.4 69.6 5.2 0.0
2 926.636363636 2.0 71.4 67.6 4.6 0.0
2 662.090909091 0.0 53.4 81.8 4.6 0.004
2 597.916666667 0.0 52.4 60.8 2.2 0.0
3 255.0 2.0 60.8 58.6 3.2 0.0
2 603.4 3.0 56.0 76.6 8.6 0.306
3 530.5 2.0 52.0 66.0 2.0 0.0
2 524.727272727 2.0 54.8 53.8 4.8 0.0
3 581.0 3.0 56.0 76.6 8.6 0.306
3 491.333333333 2.0 71.8 53.2 3.8 0.0
3 269.25 0.0 63.0 57.2 7.8 0.0
3 264.0 1.0 69.6 56.8 6.8 0.0
1 1297.0 0.0 59.2 60.6 9.4 0.0
1 487.75 1.0 66.0 69.4 7.6 0.0
3 468.0 1.0 64.0 53.4 7.2 0.0
3 490.0 0.0 51.0 92.0 6.0 0.0
2 401.5 1.0 68.0 70.0 7.8 0.0
2 549.294117647 0.0 58.2 73.4 1.8 0.0
1 559.4 1.0 69.6 66.0 7.0 0.0
0 503.0 0.0 58.0 75.0 9.0 0.0
2 689.428571429 0.0 60.4 60.0 12.8 0.0
1 523.75 2.0 68.2 75.2 5.8 0.0
0 2386.0 2.0 67.2 40.2 2.8 0.002
1 670.0 1.0 70.0 73.2 9.0 0.0
3 26098.75 0.0 63.0 66.2 7.2 0.0
3 199.0 0.0 57.0 79.0 5.0 0.0
1 463.142857143 1.0 69.8 70.8 6.6 0.0
2 413.142857143 0.0 59.0 75.0 8.0 0.0
2 406.533333333 0.0 53.4 52.6 2.2 0.0
2 874.0 1.0 63.2 70.4 9.6 0.0
1 599.333333333 0.0 59.4 64.2 8.6 0.0
1 576.5 2.0 59.2 73.8 4.2 0.0
2 479.647058824 2.0 67.4 74.0 6.8 0.0
1 476.0 0.0 62.4 71.8 6.0 0.056
3 489.0 0.0 56.6 71.0 8.2 0.01
2 359.5 0.0 55.0 77.0 5.0 0.0
0 184.0 1.0 66.4 74.8 8.0 0.0
3 258.5 0.0 57.4 67.2 5.6 0.0
2 401.5 0.0 52.6 66.8 2.6 0.0
2 439.583333333 2.0 57.4 81.8 4.0 0.0
3 547.0 1.0 70.6 67.2 7.0 0.0
2 596.5 0.0 57.0 83.0 5.0 0.0
0 29017.0 3.0 52.6 82.2 3.0 0.172
1 363.2 0.0 64.0 68.6 5.0 0.0
1 842.666666667 2.0 71.4 65.6 5.8 0.0
3 666.75 0.0 55.0 86.0 5.0 0.0
2 555.166666667 2.0 66.0 79.0 7.0 0.0
1 272.0 0.0 51.8 84.6 2.0 0.004
2 417.75 2.0 51.6 69.0 1.4 0.0
1 460.0 0.0 58.0 68.4 9.0 0.0
1 368.0 2.0 63.4 76.6 6.2 0.35
2 3295.0 0.0 57.4 68.2 7.0 0.0
1 197.0 2.0 54.6 66.8 1.6 0.0
2 522.3 3.0 52.8 78.2 5.0 0.0
3 201.0 0.0 58.4 65.8 3.2 0.0
1 841.5 2.0 69.2 70.4 6.8 0.0
3 211.0 2.0 65.8 70.4 7.4 0.0
0 13406.0 1.0 66.2 62.2 7.6 0.0
2 707.0 1.0 62.4 67.4 8.0 0.0
2 321.75 0.0 59.4 60.4 3.6 0.0
3 12120.0 0.0 56.0 65.6 5.8 0.014
1 382.0 0.0 53.6 70.2 3.0 0.0
2 528.466666667 0.0 67.0 70.0 6.0 0.0
3 759.0 2.0 55.0 80.0 9.0 0.0
3 2749.0 0.0 61.2 70.0 6.0 0.0
3 217.0 2.0 65.2 72.2 3.2 0.002
3 367.2 1.0 74.2 60.2 6.0 0.0
0 236.0 0.0 57.4 68.2 7.0 0.0
1 445.166666667 0.0 54.2 54.4 3.0 0.0
3 985.0 3.0 61.6 80.6 4.6 0.006
2 411.090909091 2.0 58.0 74.0 2.6 0.0
1 1058.875 1.0 69.0 73.0 6.8 0.0
1 421.285714286 0.0 60.4 78.8 7.2 0.0
2 457.1 2.0 56.2 82.2 4.8 0.0
0 1702.0 2.0 69.2 72.8 5.2 0.0
2 721.0 2.0 68.6 67.2 7.8 0.0
1 610.666666667 2.0 56.0 85.8 3.4 0.184
1 1026.4 0.0 74.8 35.2 4.2 0.0
1 1060.0 0.0 61.4 71.8 6.4 0.012
2 375.285714286 2.0 59.2 62.4 4.2 0.0
2 495.666666667 0.0 58.0 72.0 5.0 0.02
3 268.666666667 0.0 63.8 72.2 7.8 0.0
1 329.4 0.0 55.8 76.6 2.2 0.0
2 425.538461538 2.0 60.0 73.6 3.2 0.0
2 440.666666667 2.0 57.6 65.8 9.6 0.0
2 490.769230769 0.0 58.4 58.2 8.2 0.0
3 247.0 0.0 59.4 47.4 4.0 0.0
1 573.0 0.0 53.0 64.2 7.4 0.028
2 494.214285714 0.0 62.8 67.0 3.4 0.0
1 536.777777778 0.0 56.6 46.2 3.6 0.0
2 391.909090909 0.0 57.6 55.8 14.2 0.0
2 549.142857143 1.0 69.0 68.6 8.0 0.0
1 327.6 1.0 68.0 70.4 8.0 0.0
2 522.0 0.0 49.0 75.8 8.0 0.22
2 749.75 2.0 56.8 88.4 5.4 0.348
1 509.428571429 0.0 61.6 69.6 5.8 0.0
1 465.5 0.0 62.4 66.2 5.8 0.0
2 834.333333333 0.0 42.8 69.4 2.0 0.0
3 212.0 1.0 69.0 72.2 6.8 0.0
2 549.333333333 1.0 65.6 71.4 9.4 0.0
2 1004.0 0.0 60.8 56.6 8.4 0.0
1 418.0 2.0 60.8 76.4 3.0 0.0
3 657.666666667 2.0 59.2 62.4 4.2 0.0
1 383.666666667 1.0 68.0 66.0 7.4 0.0
3 834.5 0.0 51.6 66.2 8.6 0.0
2 627.25 2.0 62.0 60.2 11.8 0.0
3 554.5 2.0 57.0 82.0 6.0 0.0
1 542.2 0.0 57.0 63.0 12.0 0.0
3 525.0 0.0 58.4 81.6 3.2 0.0
3 455.5 0.0 54.0 68.6 5.8 0.0
1 312.0 0.0 57.2 74.2 7.8 0.19
3 890.333333333 0.0 66.4 57.6 5.6 0.0
1 7425.5 0.0 58.8 75.6 6.4 0.004
3 473.666666667 0.0 52.4 62.2 7.0 0.002
1 415.125 0.0 71.0 45.0 6.0 0.0
1 435.625 3.0 50.6 72.8 4.2 0.0
0 5244.0 0.0 55.4 89.2 2.6 0.0
1 1274.66666667 2.0 66.0 64.0 9.6 0.0
1 354.666666667 1.0 65.8 72.0 9.0 0.0
1 371.5 3.0 52.2 66.4 1.2 0.0
3 467.0 1.0 62.6 66.8 8.0 0.0
1 402.888888889 2.0 56.4 79.2 4.6 0.208
3 632.0 2.0 65.0 64.6 9.6 0.0
2 525.157894737 0.0 64.8 68.8 7.6 0.0
3 375.5 0.0 55.2 74.6 3.6 0.002
1 282.5 0.0 42.8 69.4 2.0 0.0
2 475.842105263 0.0 56.2 80.4 3.6 0.0
2 863.0 0.0 61.2 70.0 6.0 0.0
2 607.071428571 0.0 62.0 57.0 9.0 0.0
2 546.823529412 2.0 69.8 54.2 4.2 0.0
2 548.666666667 2.0 72.0 57.2 3.6 0.0
3 470.0 2.0 62.8 61.0 6.2 0.0
3 193.5 2.0 56.0 64.8 3.4 0.0
2 454.3 3.0 50.4 66.2 1.4 0.0
0 828.0 0.0 52.0 86.0 2.0 0.0
3 141.0 2.0 55.2 69.8 1.6 0.0
1 584.333333333 0.0 58.2 65.2 4.4 0.0
1 501.0 1.0 71.0 69.0 7.6 0.0
0 304.0 0.0 55.8 81.4 3.4 0.006
3 485.0 0.0 50.8 71.8 4.6 0.0
1 405.428571429 0.0 56.2 47.0 1.8 0.0
1 464.333333333 0.0 60.0 69.2 13.0 0.0
2 395.076923077 2.0 53.0 69.2 1.0 0.0
0 371.5 2.0 69.6 68.8 4.8 0.0
2 274.0 0.0 59.2 62.2 6.2 0.0
1 579.4 0.0 54.0 84.4 3.6 0.0
1 377.0 1.0 62.2 65.6 6.4 0.0
1 386.0 2.0 66.8 70.6 6.2 0.0
1 410.5 2.0 56.6 69.0 5.2 0.0
2 2468.6 2.0 65.6 74.6 4.4 0.0
1 1189.0 3.0 60.8 84.2 10.8 0.93
2 838.692307692 0.0 54.6 71.4 10.2 0.23
2 395.9375 2.0 57.8 61.4 2.4 0.0
1 528.6 1.0 66.4 74.8 8.0 0.0
2 383.052631579 0.0 58.0 77.0 9.0 0.0
3 54819.0 0.0 63.0 68.0 4.8 0.0
3 719.0 1.0 61.4 66.2 8.8 0.0
2 450.0 3.0 55.8 80.6 9.4 0.114
1 417.333333333 3.0 52.0 64.0 1.2 0.0
1 669.0 1.0 68.6 68.4 7.0 0.0
2 351.0 0.0 54.0 83.0 3.0 0.0
3 220.5 0.0 52.8 70.2 6.6 0.008
2 613.333333333 0.0 59.0 76.6 7.0 0.0
1 396.9 2.0 56.2 69.6 4.2 0.0
1 1009.25 3.0 58.0 83.0 2.2 0.004
3 341.333333333 3.0 56.0 74.6 6.2 0.0
2 565.307692308 1.0 63.0 78.0 9.0 0.0
1 527.833333333 2.0 58.6 78.4 4.2 0.0
1 562.333333333 0.0 63.0 57.2 7.8 0.0
2 664.0 0.0 56.8 54.4 1.8 0.0
1 649.333333333 2.0 63.0 79.6 6.4 0.0
2 591.769230769 2.0 60.2 78.4 3.2 0.004
2 399.5 0.0 62.0 66.0 8.0 0.0
3 1986.75 2.0 65.4 73.2 5.2 0.0
3 599.0 0.0 54.0 87.0 5.0 0.0
3 194.0 2.0 62.0 61.6 2.2 0.0
3 195.0 0.0 59.4 69.8 10.0 0.054
1 449.0 1.0 69.8 67.8 7.6 0.0
2 610.0 0.0 61.8 67.6 10.8 0.0
2 634.095238095 1.0 75.2 63.0 6.4 0.0
3 771.0 1.0 70.2 73.6 8.4 0.0
2 438.166666667 0.0 53.8 76.8 3.4 0.0
2 510.214285714 2.0 56.0 64.0 11.0 0.0
2 456.066666667 2.0 65.8 66.2 4.6 0.0
0 181.0 2.0 69.6 68.4 7.0 0.0
0 788.0 0.0 63.8 72.2 7.8 0.0
3 707.0 2.0 69.2 70.4 5.0 0.0
3 349.0 1.0 66.2 71.4 8.4 0.0
2 553.777777778 1.0 68.0 66.0 7.4 0.0
1 410.0 0.0 55.4 72.2 8.0 0.132
3 455.0 1.0 71.2 70.2 9.0 0.0
2 526.4375 0.0 54.0 75.0 8.0 0.15
3 548.5 0.0 60.0 72.0 5.0 0.0
3 225.0 1.0 65.2 63.8 10.2 0.0
3 850.0 0.0 55.4 72.2 8.0 0.132
3 1767.5 0.0 58.2 65.2 4.4 0.0
2 725.571428571 1.0 67.4 68.4 8.6 0.0
2 605.571428571 0.0 70.0 47.0 6.0 0.0
0 645.0 2.0 68.6 67.2 7.8 0.0
3 597.75 0.0 53.0 73.0 3.0 0.0
2 697.833333333 0.0 60.8 72.8 5.4 0.0
1 539.5 1.0 65.0 63.2 6.2 0.0
3 601.0 1.0 67.2 69.0 6.2 0.0
1 340.166666667 0.0 48.8 70.8 5.8 0.0
1 360.666666667 2.0 61.2 59.0 3.6 0.032
3 566.0 2.0 53.8 54.2 2.2 0.0
1 867.0 2.0 72.4 50.0 3.8 0.0
1 522.285714286 1.0 62.0 68.4 8.0 0.0
3 447.0 1.0 63.2 70.4 9.6 0.0
2 453.083333333 2.0 58.4 70.0 2.8 0.0
2 553.0 2.0 61.4 61.0 3.6 0.0
2 571.631578947 1.0 70.0 63.0 9.0 0.0
1 1829.4 0.0 56.0 61.0 4.4 0.0
0 574.0 1.0 70.0 73.2 9.0 0.0
3 961.0 0.0 65.0 65.0 8.0 0.0
2 460.111111111 2.0 62.8 50.8 6.4 0.0
3 408.0 0.0 55.8 62.0 6.6 0.002
3 622.8 0.0 59.4 66.8 7.6 0.0
2 6842.2 0.0 68.6 59.6 3.6 0.0
3 483.0 0.0 57.0 55.0 5.0 0.0
1 486.333333333 2.0 58.0 68.0 4.0 0.0
2 567.214285714 0.0 55.4 74.8 4.8 0.0
1 497.0 2.0 62.6 64.8 4.4 0.0
3 613.75 2.0 70.6 65.6 4.4 0.0
0 203.0 2.0 68.6 64.0 5.8 0.0
2 548.238095238 0.0 56.0 65.6 5.8 0.014
1 262.0 0.0 57.4 75.6 7.0 0.014
3 662.0 3.0 49.6 70.2 3.2 0.0
3 218.5 0.0 58.2 71.2 8.6 0.0
0 673.0 2.0 68.4 65.0 4.8 0.0
1 304.333333333 0.0 57.6 83.4 3.0 0.0
1 683.5 0.0 57.6 67.8 5.2 0.0
3 150.0 3.0 60.0 83.4 4.4 0.018
1 560.5 0.0 61.4 65.8 4.2 0.0
1 438.666666667 0.0 64.6 67.0 8.2 0.0
3 377.0 0.0 56.0 61.0 4.4 0.0
3 184.0 2.0 55.2 52.2 3.6 0.0
2 424.4 0.0 54.2 59.2 7.8 0.0
2 510.714285714 0.0 58.0 65.8 7.8 0.0
1 346.0 2.0 60.0 81.0 4.0 0.01
1 431.666666667 2.0 57.0 69.0 4.0 0.0
2 538.25 0.0 61.0 61.0 9.0 0.0
2 614.588235294 0.0 53.8 57.8 9.0 0.0
2 3826.06666667 0.0 58.4 81.6 3.2 0.0
3 406.5 0.0 56.0 86.0 5.0 0.0
1 14769.0 3.0 56.0 76.6 8.6 0.306
2 588.0 0.0 53.0 54.6 1.4 0.0
1 482.857142857 3.0 43.2 51.0 3.4 0.0
1 459.166666667 0.0 55.8 62.0 6.6 0.002
2 531.785714286 2.0 57.0 71.0 4.0 0.0
1 370.0 1.0 67.2 67.6 9.0 0.0
1 437.0 0.0 52.2 52.8 1.8 0.0
2 609.142857143 0.0 57.0 74.4 5.6 0.0
3 613.0 2.0 62.0 68.0 9.0 0.0
1 566.5 0.0 59.6 66.8 6.2 0.0
1 525.090909091 2.0 58.6 73.2 3.4 0.0
2 432.263157895 0.0 54.0 35.0 7.0 0.0
2 591.333333333 2.0 57.6 66.8 2.0 0.0
1 413.777777778 2.0 51.6 69.0 1.4 0.0
3 495.8 1.0 69.8 70.8 6.6 0.0
2 695.764705882 2.0 69.2 53.0 4.8 0.0
1 189.0 3.0 58.2 86.0 7.0 0.94
1 447.0 0.0 55.0 81.0 8.0 0.0
2 445.538461538 0.0 57.8 75.4 10.6 0.762
3 885.0 3.0 60.4 82.8 6.4 0.028
2 698.909090909 0.0 71.0 45.0 6.0 0.0
2 542.307692308 1.0 69.0 73.0 6.8 0.0
2 348.909090909 3.0 48.0 43.6 2.4 0.0
2 562.333333333 0.0 48.0 41.0 7.0 0.0
3 445.2 0.0 59.6 71.6 7.0 0.0
3 308.0 0.0 52.4 81.0 2.6 0.0
1 489.2 1.0 68.0 71.2 8.4 0.0
1 422.2 2.0 60.0 73.6 3.2 0.0
2 485.333333333 0.0 60.4 55.0 10.6 0.0
1 400.333333333 0.0 58.6 66.0 5.2 0.0
3 305.0 3.0 60.6 76.8 3.6 0.002
3 326.0 3.0 44.4 59.4 1.4 0.0
3 369.0 0.0 75.4 45.6 4.4 0.0
1 392.666666667 0.0 55.2 73.8 2.0 0.0
2 427.666666667 3.0 40.6 50.8 2.2 0.0
0 191.0 1.0 69.0 71.2 7.6 0.0
3 492.666666667 2.0 68.0 65.8 9.0 0.0
1 336.0 1.0 68.0 67.0 10.0 0.0
3 505.6 0.0 50.4 78.8 2.6 0.0
3 589.5 0.0 56.0 80.0 6.0 0.0
3 434.0 1.0 61.2 63.2 9.4 0.0
2 574.923076923 0.0 59.0 70.0 12.0 0.0
1 523.0 2.0 62.8 61.0 6.2 0.0
1 413.727272727 2.0 60.6 58.2 2.0 0.0
2 3914.33333333 1.0 65.8 72.0 9.0 0.0
1 773.6 0.0 55.6 61.4 3.8 0.0
3 294.333333333 0.0 63.2 62.4 6.4 0.0
3 369.5 1.0 67.6 66.8 6.2 0.0
2 570.3125 1.0 69.2 67.4 8.4 0.0
1 426.666666667 0.0 57.8 78.6 3.6 0.0
1 1409.0 2.0 67.2 40.2 2.8 0.002
0 738.0 0.0 50.8 80.8 2.8 0.0
2 537.25 2.0 65.4 70.0 6.8 0.0
3 574.0 1.0 65.6 57.4 6.6 0.0
2 616.5625 1.0 67.0 71.0 10.0 0.0
3 1002.66666667 0.0 58.0 72.0 12.0 0.0
3 467.5 0.0 61.4 73.0 8.2 0.0
1 647.8 2.0 67.4 64.2 5.6 0.0
3 439.0 2.0 57.8 61.4 2.4 0.0
2 479.764705882 0.0 62.4 71.8 6.0 0.056
3 328.0 2.0 61.0 84.6 6.6 0.088
3 181.0 2.0 64.6 73.0 4.4 0.0
1 536.6 2.0 68.6 73.6 6.2 0.0
1 351.25 2.0 60.0 66.8 5.2 0.0
2 515.5 1.0 65.0 74.0 8.0 0.0
1 663.75 0.0 64.8 46.8 8.4 0.0
1 1815.0 0.0 55.4 89.2 2.6 0.0
2 480.454545455 0.0 60.6 79.8 5.0 0.0
2 625.294117647 2.0 71.4 65.6 5.8 0.0
0 1244.0 2.0 62.6 71.4 6.2 0.002
3 275.0 1.0 69.4 72.8 7.6 0.0
2 382.8 0.0 54.0 84.4 3.6 0.0
1 7119.0 0.0 64.8 68.8 7.6 0.0
0 267.0 0.0 52.6 66.8 2.6 0.0
3 251.0 0.0 58.2 57.0 3.0 0.0
1 483.166666667 0.0 60.2 76.8 6.4 0.0
3 316.0 2.0 66.8 70.6 6.2 0.0
2 478.222222222 2.0 60.2 70.2 6.8 0.042
3 423.0 1.0 69.0 68.0 11.0 0.0
1 17649.125 0.0 46.4 51.4 13.6 0.0
2 4773.5 0.0 56.6 57.2 7.0 0.0
1 501.0 3.0 61.6 80.6 4.6 0.006
1 206.0 3.0 58.0 76.2 2.8 0.004
3 547.0 0.0 56.8 69.0 8.6 0.0
1 296.666666667 1.0 70.4 73.2 7.4 0.0
1 310.0 0.0 55.2 76.8 8.4 0.22
2 525.5 1.0 61.0 76.0 9.0 0.0
2 404.454545455 0.0 59.4 69.8 10.0 0.054
1 320.555555556 0.0 57.4 53.0 6.2 0.0
1 420.0 2.0 63.2 68.8 8.8 0.0
1 424.0 3.0 50.0 66.6 8.4 0.0
3 765.0 2.0 65.8 55.4 5.0 0.0
2 510.470588235 2.0 74.6 41.8 3.4 0.0
1 336.0 3.0 46.2 70.8 2.2 0.0
1 427.6 3.0 53.0 80.4 6.0 0.104
2 766.454545455 2.0 68.0 65.8 9.0 0.0
2 494.357142857 0.0 58.8 70.0 6.8 0.0
3 384.5 0.0 58.8 75.6 6.4 0.004
2 495.2 3.0 44.4 59.4 1.4 0.0
