0 477.0 0.0 47.6 69.0 2.0 0.0
3 379.0 3.0 56.0 80.0 11.0 0.65
2 288.5 0.0 56.6 73.2 3.4 0.0
1 1831.11538462 2.0 64.0 73.6 6.2 0.0
2 395.666666667 0.0 61.6 77.2 18.0 0.696
3 424.75 0.0 66.0 61.0 8.0 0.0
1 472.3 2.0 55.4 66.0 6.0 0.0
3 643.0 2.0 67.8 68.6 4.0 0.0
0 317.0 0.0 54.0 72.0 4.4 0.0
3 613.0 0.0 60.0 78.0 9.0 0.02
2 5638.0 3.0 51.4 63.4 1.2 0.0
2 521.0 2.0 67.6 59.4 5.4 0.0
2 1983.51851852 0.0 63.2 62.2 5.6 0.0
1 557.181818182 2.0 60.4 62.6 4.4 0.0
1 572.0 1.0 65.6 71.4 9.4 0.0
3 295.0 3.0 51.4 63.4 1.2 0.0
0 303.666666667 2.0 63.8 75.4 8.2 0.0
1 1063.64285714 2.0 68.6 71.2 7.2 0.0
1 375.111111111 3.0 56.0 74.6 6.2 0.0
2 498.769230769 1.0 70.0 70.0 7.0 0.0
1 437.75 2.0 74.6 41.8 3.4 0.0
2 2402.11111111 1.0 71.0 68.0 6.2 0.0
0 504.0 2.0 63.4 62.4 4.0 0.0
2 509.933333333 2.0 70.6 73.4 6.6 0.002
1 436.0 3.0 60.0 83.4 4.4 0.018
1 606.2 1.0 68.0 70.0 7.8 0.0
2 1258.66666667 0.0 59.0 69.0 11.0 0.0
3 468.0 3.0 49.0 76.0 3.0 0.0
0 436.0 0.0 59.8 69.0 9.0 0.0
1 501.214285714 1.0 67.6 71.0 8.0 0.0
3 570.5 0.0 61.2 70.0 6.0 0.0
2 617.8 2.0 65.8 55.4 5.0 0.0
2 785.733333333 0.0 62.2 64.0 11.6 0.0
2 478.222222222 2.0 67.4 64.2 5.6 0.0
1 1164.5 2.0 69.2 70.4 6.8 0.0
2 5822.73333333 2.0 56.6 69.0 5.2 0.0
1 1641.375 0.0 51.0 60.8 1.8 0.0
1 1224.0 2.0 59.8 80.6 8.6 0.056
0 320.0 2.0 54.6 59.4 5.2 0.0
3 283.0 3.0 50.2 54.2 8.2 0.0
3 633.25 2.0 66.0 64.0 9.6 0.0
2 5459.9 0.0 68.6 59.6 3.6 0.0
3 418.5 0.0 54.2 54.4 3.0 0.0
0 450.0 2.0 60.2 70.2 6.8 0.042
2 581.857142857 2.0 58.0 66.0 7.0 0.0
3 459.714285714 0.0 56.0 73.0 7.0 0.036
2 1580.42857143 3.0 58.8 83.0 2.8 0.0
2 1328.0 2.0 71.0 58.0 8.0 0.0
3 521.25 0.0 60.0 68.0 7.0 0.0
1 1026.625 1.0 70.6 67.2 7.0 0.0
1 1665.38888889 1.0 66.2 73.2 7.8 0.0
1 414.1 1.0 69.2 67.4 8.4 0.0
3 1081.75 2.0 69.2 72.8 5.2 0.0
2 491.5 3.0 47.8 64.8 1.0 0.0
3 391.666666667 2.0 68.6 67.2 7.8 0.0
1 483.647058824 0.0 62.4 66.2 5.8 0.0
2 980.055555556 0.0 61.0 56.4 6.0 0.0
2 1063.11111111 1.0 67.8 68.8 6.8 0.0
1 590.111111111 1.0 70.4 48.2 6.0 0.0
1 377.545454545 3.0 50.6 72.8 4.2 0.0
1 468.666666667 2.0 58.8 46.6 3.0 0.0
3 481.5 2.0 58.6 81.0 6.6 0.226
3 5191.0 0.0 65.2 58.0 5.2 0.0
1 1330.2 1.0 67.6 71.8 6.0 0.0
3 464.0 2.0 68.4 65.0 4.8 0.0
2 1777.0 0.0 56.0 53.4 8.0 0.0
1 6501.43478261 1.0 67.2 69.8 9.4 0.004
1 19348.0 0.0 49.0 75.8 8.0 0.22
2 963.0 0.0 47.8 69.0 1.0 0.0
2 5135.25 3.0 52.2 66.4 1.2 0.0
2 654.076923077 2.0 58.4 70.0 2.8 0.0
2 491.4 2.0 69.6 68.4 7.0 0.0
3 404.666666667 0.0 69.4 45.4 3.8 0.0
1 510.25 0.0 64.6 67.0 8.2 0.0
2 1559.45454545 0.0 58.0 71.0 6.0 0.0
2 1071.72727273 0.0 67.8 60.8 6.6 0.0
1 451.0 3.0 53.2 73.2 4.8 0.078
2 511.083333333 3.0 48.0 43.6 2.4 0.0
2 704.714285714 0.0 58.8 61.6 12.2 0.016
1 454.0 0.0 57.4 53.0 6.2 0.0
0 272.0 0.0 58.0 72.0 11.0 0.0
2 456.142857143 0.0 54.0 75.0 2.0 0.0
3 637.285714286 2.0 57.0 76.0 4.4 0.0
1 870.5 0.0 61.4 71.8 6.4 0.012
1 433.571428571 3.0 58.2 86.0 7.0 0.94
1 12787.4 3.0 51.4 63.4 1.2 0.0
1 9805.0 0.0 44.6 45.4 3.8 0.0
0 285.666666667 0.0 57.4 75.6 7.0 0.014
0 496.0 0.0 61.0 70.0 6.0 0.0
3 625.0 0.0 60.4 60.0 12.8 0.0
0 381.5 2.0 63.6 79.6 5.0 0.0
1 1439.4 0.0 58.6 57.6 3.4 0.0
2 1113.125 2.0 62.8 64.0 3.0 0.0
0 454.0 2.0 53.4 63.6 3.2 0.0
1 386.285714286 1.0 67.8 68.8 6.8 0.0
0 449.0 2.0 57.0 69.0 4.0 0.0
2 661.0 3.0 60.0 83.4 4.4 0.018
1 373.428571429 2.0 58.4 70.0 2.8 0.0
1 475.066666667 0.0 59.8 57.8 6.2 0.0
3 570.4 2.0 68.2 75.2 5.8 0.0
1 456.0 0.0 53.2 52.8 2.0 0.0
3 519.4 3.0 47.8 64.8 1.0 0.0
3 668.75 2.0 65.2 42.4 2.4 0.0
1 956.052631579 0.0 60.0 64.0 6.0 0.0
2 439.0 0.0 54.4 61.8 10.2 0.0
3 635.75 1.0 68.6 70.4 7.0 0.0
3 806.333333333 1.0 70.0 70.0 7.0 0.0
0 308.0 3.0 54.6 69.6 2.0 0.0
3 340.0 1.0 65.6 71.4 9.4 0.0
3 534.5 0.0 51.4 77.6 9.6 0.268
1 447.133333333 2.0 62.0 61.6 2.2 0.0
2 21282.8461538 1.0 69.0 70.0 13.0 0.0
0 493.0 1.0 71.4 69.4 5.8 0.0
3 655.666666667 1.0 77.2 53.0 6.0 0.0
1 1479.53846154 1.0 61.2 63.2 9.4 0.0
0 829.0 0.0 60.0 45.0 7.8 0.0
3 498.0 2.0 55.2 76.6 2.6 0.0
2 22234.5 0.0 58.0 67.0 3.0 0.0
2 531.555555556 2.0 67.2 73.2 5.6 0.0
1 901.473684211 1.0 64.6 71.4 6.4 0.0
0 78.0 3.0 43.8 63.8 8.6 0.064
2 2144.6 2.0 66.8 70.0 6.8 0.0
3 549.75 1.0 68.0 69.8 7.2 0.0
2 681.333333333 2.0 65.6 75.0 8.0 0.0
2 5571.54545455 0.0 57.0 55.4 3.2 0.0
3 475.833333333 2.0 67.6 72.2 7.0 0.0
1 616.368421053 0.0 57.0 57.0 13.0 0.0
2 613.3125 2.0 69.2 53.0 4.8 0.0
0 335.0 0.0 60.2 76.8 6.4 0.0
1 11330.2 0.0 62.0 62.0 5.0 0.0
2 638.333333333 2.0 71.4 67.6 4.6 0.0
2 2328.76923077 0.0 60.4 78.8 7.2 0.0
3 429.5 2.0 60.4 62.6 4.4 0.0
2 4438.52941176 3.0 56.0 74.6 6.2 0.0
3 575.666666667 2.0 68.6 68.8 5.8 0.0
0 841.0 0.0 52.4 81.0 2.6 0.0
3 480.4 2.0 57.0 82.0 6.0 0.0
2 554.333333333 0.0 53.4 85.8 3.0 0.0
1 940.615384615 1.0 68.6 70.4 7.0 0.0
2 838.222222222 0.0 48.8 60.2 4.6 0.0
0 185.0 0.0 62.2 60.0 5.8 0.0
0 440.0 0.0 59.6 70.2 7.8 0.004
3 709.0 2.0 58.4 78.2 3.8 0.0
3 433.5 0.0 50.8 69.2 1.4 0.0
0 363.666666667 0.0 57.0 70.0 13.0 0.0
3 414.6 1.0 65.2 63.8 10.2 0.0
0 355.0 0.0 60.0 72.0 5.0 0.0
3 428.666666667 0.0 64.6 67.0 8.2 0.0
1 647.307692308 0.0 54.6 60.6 3.4 0.0
2 471.5 2.0 58.2 70.0 4.0 0.0
1 2840.5 2.0 65.4 76.0 6.2 0.32
1 859.615384615 0.0 57.4 57.6 8.6 0.0
1 301.666666667 2.0 59.0 50.6 1.2 0.0
0 2074.0 2.0 56.2 61.6 3.8 0.002
3 689.0 0.0 62.0 63.4 4.6 0.0
2 447.0 0.0 54.4 66.8 4.8 0.0
2 2097.42857143 0.0 60.2 65.0 8.6 0.0
0 298.0 2.0 68.0 66.0 5.0 0.0
2 516.5 1.0 70.2 73.6 8.4 0.0
1 278.111111111 0.0 58.8 75.6 6.4 0.004
2 922.222222222 1.0 62.4 67.4 8.0 0.0
2 836.666666667 1.0 65.0 72.0 9.0 0.0
2 512.692307692 0.0 62.0 62.4 11.0 0.0
2 425.833333333 0.0 55.8 76.6 2.2 0.0
2 2436.66666667 2.0 55.2 75.8 7.8 0.002
3 413.714285714 0.0 57.0 79.0 5.0 0.0
3 427.5 0.0 61.4 55.0 10.0 0.0
0 1224.0 3.0 52.0 64.0 1.2 0.0
3 439.8 0.0 54.0 83.0 3.0 0.0
3 2968.4 2.0 53.4 63.6 3.2 0.0
1 795.571428571 0.0 45.8 74.0 2.4 0.0
1 500.5 0.0 55.6 61.4 3.8 0.0
0 420.0 2.0 62.0 64.2 3.4 0.0
3 546.142857143 0.0 59.0 52.0 6.0 0.0
3 663.8 2.0 57.6 66.8 2.0 0.0
1 674.428571429 2.0 60.6 58.2 2.0 0.0
3 414.666666667 0.0 61.4 73.0 8.2 0.0
1 16934.0 0.0 65.2 58.0 5.2 0.0
1 1863.90909091 1.0 62.6 66.8 8.0 0.0
3 436.666666667 1.0 65.0 63.2 6.2 0.0
2 995.416666667 2.0 60.6 68.2 3.8 0.0
3 584.0 2.0 56.0 80.2 3.0 0.002
3 577.333333333 1.0 68.6 68.4 7.0 0.0
3 593.0 0.0 52.4 62.2 7.0 0.002
3 435.5 0.0 67.4 59.0 6.8 0.0
2 736.0 2.0 66.8 70.6 6.2 0.0
2 1244.54545455 1.0 68.4 65.0 6.0 0.0
3 448.833333333 2.0 61.2 59.0 3.6 0.032
1 407.0 0.0 54.0 87.0 5.0 0.0
2 457.857142857 0.0 60.0 74.0 9.6 0.0
1 461.615384615 2.0 69.8 54.2 4.2 0.0
3 380.5 3.0 57.0 76.6 12.4 1.982
3 12611.6 0.0 63.2 62.2 5.6 0.0
3 443.2 1.0 62.6 66.8 8.0 0.0
2 843.6 0.0 57.0 60.6 3.8 0.0
1 2232.0 0.0 53.0 84.0 5.0 0.0
2 447.636363636 0.0 56.4 45.6 2.4 0.0
1 491.666666667 2.0 63.8 75.4 8.2 0.0
3 399.0 0.0 62.4 55.4 5.8 0.0
2 590.7 0.0 56.0 73.0 7.0 0.036
2 731.125 2.0 59.8 70.0 3.0 0.0
2 1585.375 1.0 68.4 75.0 6.2 0.0
3 708.25 0.0 59.0 69.0 9.0 0.0
3 463.5 0.0 56.2 80.4 3.6 0.0
1 598.928571429 1.0 69.4 72.8 7.6 0.0
2 3473.16666667 0.0 59.8 69.0 6.0 0.214
2 2613.58333333 0.0 59.4 69.8 10.0 0.054
2 599.166666667 2.0 55.2 78.6 4.0 0.0
3 251.0 2.0 71.8 53.2 3.8 0.0
3 545.625 1.0 69.4 72.8 7.6 0.0
2 420.75 2.0 70.2 64.4 4.2 0.0
2 1349.45454545 1.0 67.8 72.0 8.6 0.0
1 579.7 2.0 57.0 73.0 4.4 0.0
1 332.0 3.0 48.8 71.8 3.8 0.0
1 750.875 2.0 63.0 79.6 6.4 0.0
0 353.0 0.0 60.0 69.2 13.0 0.0
2 1718.81818182 0.0 69.4 63.8 5.0 0.0
0 4227.5 1.0 65.0 68.0 10.0 0.0
0 1519.5 1.0 70.0 70.0 7.0 0.0
1 4918.66666667 0.0 62.8 65.8 9.0 0.0
1 413.9 1.0 70.8 58.2 8.2 0.0
3 449.571428571 3.0 60.8 84.2 10.8 0.93
0 401.0 2.0 76.2 52.8 4.2 0.0
3 419.0 0.0 58.4 68.8 5.0 0.0
1 5111.18181818 2.0 58.0 74.0 2.6 0.0
2 759.0 1.0 65.2 65.6 9.8 0.0
1 427.421052632 2.0 65.2 72.2 3.2 0.002
2 664.5 2.0 68.4 73.0 8.4 0.0
0 483.5 2.0 63.2 68.8 8.8 0.0
3 3774.5 2.0 54.6 66.8 1.6 0.0
1 475.733333333 2.0 64.8 64.6 2.4 0.0
2 429.214285714 0.0 60.8 68.2 6.8 0.0
2 486.076923077 2.0 58.6 73.2 3.4 0.0
0 855.666666667 3.0 56.0 85.0 12.0 0.25
3 979.666666667 2.0 63.4 76.6 6.2 0.35
2 421.909090909 1.0 69.0 68.6 8.0 0.0
2 435.818181818 0.0 55.4 72.6 2.8 0.0
2 526.375 3.0 43.6 65.4 5.4 0.122
2 303.0 0.0 57.4 75.6 7.0 0.014
0 741.0 0.0 53.4 52.6 2.2 0.0
3 1308.0 2.0 68.6 71.2 7.2 0.0
0 335.0 0.0 61.6 77.2 18.0 0.696
3 306.666666667 0.0 58.0 65.0 6.0 0.0
1 7101.07142857 2.0 69.8 67.6 6.6 0.0
1 484.0 2.0 53.0 72.2 2.0 0.0
1 420.785714286 0.0 56.0 84.6 5.2 0.0
2 439.411764706 0.0 60.4 62.0 10.8 0.0
2 1410.75 0.0 53.0 64.2 7.4 0.028
3 479.0 0.0 59.4 64.2 8.6 0.0
3 885.0 0.0 53.0 62.0 3.0 0.0
3 557.75 0.0 56.4 45.6 2.4 0.0
3 488.0 3.0 40.2 49.2 4.2 0.0
2 492.0 2.0 53.6 72.4 4.6 0.0
3 432.333333333 0.0 54.0 68.6 5.8 0.0
0 117.0 0.0 56.2 80.4 3.6 0.0
3 453.888888889 2.0 60.0 66.8 5.2 0.0
1 5815.25 1.0 68.0 75.0 11.0 0.0
1 5336.16666667 0.0 62.2 64.0 11.6 0.0
2 572.347826087 2.0 64.8 71.0 7.6 0.0
3 512.0 3.0 43.0 45.0 4.0 0.0
3 691.0 2.0 53.8 54.2 2.2 0.0
2 699.363636364 2.0 66.4 71.8 6.0 0.0
3 964.0 0.0 53.2 55.0 1.8 0.0
3 512.5 0.0 58.0 67.0 3.0 0.0
0 660.0 0.0 55.8 81.4 3.4 0.006
2 722.6 0.0 55.4 68.6 7.4 0.008
3 410.0 0.0 51.0 69.0 2.0 0.0
3 11055.25 2.0 57.6 65.8 9.6 0.0
3 3506.0 0.0 69.4 63.8 5.0 0.0
1 3549.75 2.0 68.6 73.6 6.2 0.0
2 3570.0625 0.0 56.8 69.0 8.6 0.0
3 1963.0 0.0 60.0 64.8 7.4 0.0
2 1599.58333333 0.0 59.6 71.2 8.4 0.0
1 2824.25 2.0 67.0 72.0 11.0 0.0
0 475.0 2.0 65.8 66.2 4.6 0.0
2 553.0 2.0 57.8 77.2 3.4 0.0
2 378.2 3.0 58.0 83.0 2.2 0.004
2 546.111111111 2.0 68.0 71.0 8.0 0.0
0 1033.5 2.0 68.6 68.8 5.8 0.0
0 344.0 0.0 56.0 75.0 6.0 0.0
0 334.0 2.0 54.0 55.0 5.0 0.0
2 564.625 2.0 57.4 81.8 4.0 0.0
1 2030.375 2.0 54.8 53.8 4.8 0.0
1 6729.28571429 3.0 52.2 66.4 1.2 0.0
2 541.5 3.0 48.8 71.8 3.8 0.0
1 772.571428571 2.0 76.2 52.8 4.2 0.0
1 905.2 2.0 68.0 65.8 9.0 0.0
3 533.0 2.0 56.4 79.2 4.6 0.208
1 534.785714286 0.0 73.0 42.8 5.2 0.0
0 391.0 0.0 52.8 70.0 1.8 0.0
1 5549.4 0.0 59.2 62.2 6.2 0.0
0 1004.0 2.0 54.6 66.8 1.6 0.0
2 1359.86666667 0.0 57.4 67.2 5.6 0.0
1 426.25 0.0 52.0 68.2 4.6 0.02
1 19972.3333333 2.0 67.2 35.6 2.4 0.0
1 544.857142857 0.0 52.0 72.0 13.0 0.69
3 487.875 0.0 67.2 36.4 7.4 0.0
3 545.333333333 0.0 58.4 58.2 8.2 0.0
3 289.5 1.0 64.0 66.0 10.0 0.0
0 410.0 2.0 56.4 79.2 4.6 0.208
3 537.75 0.0 57.4 67.2 5.6 0.0
2 909.222222222 1.0 62.0 67.0 9.0 0.0
0 282.0 1.0 72.8 64.2 7.4 0.0
1 1443.71428571 0.0 58.4 65.8 3.2 0.0
0 608.666666667 0.0 58.2 71.2 8.6 0.0
3 348.333333333 2.0 60.0 73.6 3.2 0.0
2 1848.5 0.0 61.4 65.8 4.2 0.0
1 6211.0 3.0 53.2 82.6 12.2 0.564
2 693.5 2.0 65.2 42.4 2.4 0.0
1 498.0 2.0 68.8 64.2 7.2 0.342
2 454.833333333 0.0 53.8 57.8 9.0 0.0
1 490.9 0.0 61.6 69.6 5.8 0.0
3 484.0 1.0 65.0 66.4 6.6 0.0
3 451.0 0.0 53.6 82.6 3.0 0.0
3 813.166666667 2.0 55.6 64.6 6.4 0.002
1 571.666666667 0.0 52.4 64.0 2.2 0.0
2 1689.9375 2.0 67.2 71.2 7.2 0.0
2 1996.42857143 0.0 62.4 62.8 4.4 0.0
2 385.5 1.0 68.0 66.8 7.8 0.0
1 2618.73333333 0.0 58.2 73.4 1.8 0.0
2 462.923076923 2.0 58.6 78.4 4.2 0.0
1 833.857142857 1.0 73.0 68.8 5.6 0.0
2 623.65 0.0 61.4 73.0 8.2 0.0
1 841.153846154 0.0 57.8 47.8 6.8 0.0
3 526.333333333 0.0 53.8 57.0 3.0 0.0
2 585.5 1.0 64.0 77.0 8.0 0.0
0 1236.0 0.0 58.6 66.0 5.2 0.0
2 491.0 2.0 55.8 67.0 1.8 0.0
3 34708.0 3.0 48.2 69.2 1.0 0.0
2 969.454545455 2.0 62.0 64.2 3.4 0.0
3 705.0 2.0 66.0 60.0 9.0 0.0
2 502.0 0.0 51.0 60.8 1.8 0.0
2 443.1 1.0 64.8 65.8 7.2 0.0
0 348.0 0.0 61.4 69.6 5.2 0.0
3 459.333333333 0.0 58.4 81.6 3.2 0.0
1 476.5 0.0 59.6 71.6 7.0 0.0
0 11238.5 2.0 52.2 67.0 2.0 0.0
3 448.0 0.0 53.0 86.0 8.0 0.096
3 329.0 2.0 55.8 67.0 1.8 0.0
0 760.0 2.0 55.2 75.8 7.8 0.002
0 619.0 2.0 72.2 63.6 5.0 0.0
3 373.833333333 1.0 69.8 70.8 6.6 0.0
0 5443.0 0.0 57.8 47.8 6.8 0.0
0 127.0 3.0 50.0 66.6 8.4 0.0
3 522.0 3.0 53.2 73.2 4.8 0.078
0 14415.0 1.0 64.8 65.8 7.2 0.0
3 705.333333333 0.0 68.6 59.6 3.6 0.0
3 676.777777778 2.0 68.0 66.0 5.0 0.0
2 763.375 0.0 49.2 58.0 1.6 0.0
1 580.666666667 2.0 55.8 67.0 1.8 0.0
1 4203.0 1.0 68.6 68.4 7.0 0.0
2 803.75 0.0 64.8 68.8 7.6 0.0
1 305.888888889 3.0 46.2 70.8 2.2 0.0
3 437.0 2.0 57.0 73.0 4.4 0.0
1 4650.0 0.0 41.0 64.0 4.0 0.0
1 366.818181818 2.0 57.8 61.4 2.4 0.0
2 501.0 1.0 67.6 66.8 6.2 0.0
3 472.25 0.0 59.0 89.0 8.0 0.0
0 439.0 0.0 60.4 78.8 7.2 0.0
2 524.333333333 2.0 56.0 85.8 3.4 0.184
0 282.0 3.0 58.0 83.0 2.2 0.004
2 467.928571429 0.0 51.4 71.6 3.0 0.0
2 825.466666667 2.0 65.4 76.0 6.2 0.32
3 331.8 1.0 66.4 74.8 8.0 0.0
1 749.0 0.0 54.4 85.4 3.6 0.002
2 372.0 3.0 55.0 78.2 7.2 0.024
1 529.866666667 1.0 64.2 69.0 7.8 0.0
0 7027.0 2.0 57.0 73.0 4.4 0.0
1 555.166666667 0.0 50.8 71.8 4.6 0.0
2 621.625 1.0 64.8 74.6 8.4 0.0
2 875.5 0.0 52.2 52.8 1.8 0.0
2 39381.0 0.0 60.0 64.8 7.4 0.0
2 634.0 0.0 59.6 82.4 7.8 0.09
1 512.333333333 0.0 64.8 46.8 8.4 0.0
2 574.4375 1.0 62.6 66.8 8.0 0.0
0 580.0 2.0 68.0 65.8 9.0 0.0
0 296.0 1.0 65.0 63.2 6.2 0.0
1 735.454545455 0.0 55.2 73.8 2.0 0.0
1 452.416666667 0.0 55.4 74.8 4.8 0.0
2 540.0625 0.0 57.4 71.2 5.6 0.0
2 584.875 0.0 52.4 60.8 2.2 0.0
0 1082.5 1.0 65.0 72.0 9.0 0.0
3 472.75 2.0 65.4 76.0 6.2 0.32
0 762.0 0.0 56.4 67.4 4.2 0.0
3 476.8 0.0 58.0 71.0 6.0 0.0
2 2837.83333333 0.0 63.0 66.2 7.2 0.0
1 11790.8 0.0 58.6 71.0 8.6 0.0
3 563.25 0.0 59.6 71.2 8.4 0.0
1 416.777777778 0.0 56.6 71.0 8.2 0.01
3 805.666666667 0.0 56.8 54.4 1.8 0.0
3 2556.41666667 2.0 59.8 85.6 5.8 0.194
1 618.777777778 0.0 59.2 77.0 6.4 0.008
1 394.8 3.0 50.4 66.2 1.4 0.0
2 843.636363636 0.0 60.8 74.8 3.2 0.0
2 1474.15384615 0.0 61.0 72.0 10.0 0.0
0 775.0 0.0 64.8 46.8 8.4 0.0
1 3427.46666667 2.0 63.0 60.2 6.4 0.0
1 827.222222222 0.0 61.0 56.4 6.0 0.0
3 547.666666667 2.0 70.0 64.0 9.0 0.0
2 1243.66666667 0.0 54.0 84.4 3.6 0.0
2 440.333333333 3.0 59.8 81.2 3.0 0.028
2 454.222222222 0.0 59.8 67.2 8.2 0.0
2 12589.6 1.0 64.2 70.6 8.0 0.0
3 261.0 0.0 59.4 77.0 4.6 0.0
2 578.625 1.0 64.2 69.0 7.8 0.0
2 444.0 0.0 59.4 64.2 8.6 0.0
1 1295.75 1.0 69.2 68.4 6.2 0.0
0 430.5 0.0 60.0 63.0 7.0 0.0
0 126.0 0.0 61.0 73.2 6.0 0.04
3 574.666666667 0.0 62.2 68.4 5.6 0.0
0 465.0 1.0 67.6 72.0 7.6 0.0
0 326.0 0.0 41.0 64.0 4.0 0.0
3 487.0 0.0 57.2 70.6 8.0 0.0
1 7200.4 3.0 54.6 69.6 2.0 0.0
3 579.666666667 2.0 60.8 76.4 3.0 0.0
1 451.3125 0.0 66.4 57.6 5.6 0.0
3 1606.33333333 3.0 48.0 71.2 2.2 0.0
2 1875.0 2.0 59.2 73.8 4.2 0.0
2 971.923076923 2.0 61.4 61.0 3.6 0.0
0 353.0 1.0 68.0 66.8 7.8 0.0
1 1235.28571429 0.0 72.8 36.6 5.0 0.0
3 635.333333333 0.0 62.2 60.0 5.8 0.0
3 450.777777778 0.0 66.6 64.0 3.6 0.0
3 513.666666667 0.0 52.6 72.0 5.2 0.032
1 1375.0 0.0 57.0 60.6 3.8 0.0
0 476.0 0.0 55.6 80.4 5.4 0.082
1 607.25 3.0 62.0 86.0 6.0 0.11
1 1337.5 0.0 58.0 69.0 9.0 0.0
0 478.0 0.0 47.8 69.0 1.0 0.0
2 574.615384615 0.0 58.4 65.8 3.2 0.0
1 488.55 2.0 65.0 70.0 9.0 0.0
1 449.416666667 2.0 65.0 64.6 9.6 0.0
3 637.0 0.0 47.0 70.0 4.2 0.0
3 336.0 2.0 65.8 70.4 7.4 0.0
1 1017.8 0.0 58.4 81.4 4.2 0.0
1 2234.41666667 1.0 65.6 57.4 6.6 0.0
3 613.545454545 2.0 56.0 64.8 3.4 0.0
3 314.5 1.0 66.8 68.8 7.4 0.0
2 2365.26666667 0.0 61.6 42.8 10.6 0.0
3 504.857142857 2.0 56.0 85.8 3.4 0.184
1 391.666666667 0.0 59.0 69.0 9.0 0.0
3 534.666666667 2.0 66.0 60.0 10.0 0.0
3 479.0 3.0 50.4 82.2 1.8 0.004
3 651.857142857 0.0 59.8 69.0 6.0 0.214
2 553.75 2.0 59.0 50.6 1.2 0.0
3 506.090909091 1.0 67.4 63.8 8.4 0.0
2 959.3 2.0 60.2 70.2 6.8 0.042
3 442.5 0.0 53.0 76.6 5.0 0.004
2 484.923076923 0.0 66.4 57.6 5.6 0.0
1 4793.0 0.0 56.0 71.0 9.0 0.0
0 441.0 1.0 73.0 68.8 5.6 0.0
3 792.75 2.0 76.2 52.8 4.2 0.0
2 517.923076923 0.0 53.4 81.8 4.6 0.004
1 2769.4 0.0 56.6 73.2 3.4 0.0
2 1600.6 2.0 52.2 73.6 3.2 0.0
1 422.307692308 3.0 60.4 82.8 6.4 0.028
3 736.6 0.0 61.8 67.6 10.8 0.0
2 565.444444444 1.0 72.4 64.6 6.6 0.0
0 406.5 0.0 64.6 67.0 8.2 0.0
1 1859.05882353 0.0 54.2 54.4 3.0 0.0
2 747.933333333 2.0 69.0 67.0 9.0 0.0
1 454.333333333 3.0 59.6 79.4 7.4 0.002
2 795.1 2.0 51.6 69.0 1.4 0.0
2 1110.35294118 1.0 66.2 62.2 7.6 0.0
2 1063.64285714 0.0 70.0 47.0 6.0 0.0
1 618.75 0.0 63.0 66.2 7.2 0.0
2 497.842105263 0.0 51.0 73.0 6.0 0.0
2 1033.53846154 0.0 50.8 48.6 1.8 0.0
1 487.736842105 1.0 63.2 65.0 7.2 0.0
1 3381.83333333 1.0 66.8 72.4 7.2 0.0
1 4466.625 0.0 57.4 68.2 7.0 0.0
1 2026.07692308 0.0 63.0 57.2 7.8 0.0
3 709.333333333 3.0 50.0 66.6 8.4 0.0
0 329.0 0.0 59.2 68.6 8.2 0.02
3 453.0 2.0 56.0 69.6 4.0 0.0
3 522.0 0.0 50.8 71.8 4.6 0.0
3 406.222222222 0.0 53.0 78.0 3.0 0.0
3 513.8 1.0 69.6 73.6 6.0 0.0
3 538.0 1.0 68.0 66.8 7.8 0.0
3 374.0 0.0 60.0 69.2 13.0 0.0
3 413.833333333 1.0 66.8 72.4 7.2 0.0
2 2983.66666667 1.0 69.0 69.0 8.0 0.0
3 603.0 2.0 74.0 41.4 3.6 0.0
3 397.8 3.0 57.0 89.0 4.0 0.0
1 835.8 2.0 72.2 70.0 7.6 0.0
2 463.454545455 0.0 57.0 63.0 12.0 0.0
3 424.0 1.0 69.8 71.2 6.6 0.0
0 775.0 1.0 65.8 72.0 9.0 0.0
1 1940.5 2.0 70.0 66.8 4.6 0.0
3 502.8 2.0 59.2 62.4 4.2 0.0
0 440.0 1.0 67.6 71.0 8.0 0.0
3 441.666666667 2.0 67.0 43.6 4.4 0.0
2 1953.5 0.0 57.0 68.0 8.0 0.01
1 13203.6666667 0.0 60.2 72.8 2.4 0.0
1 474.444444444 2.0 61.8 59.2 5.2 0.0
3 548.0 0.0 66.4 57.6 5.6 0.0
2 588.583333333 0.0 57.0 72.0 11.0 0.0
0 278.5 0.0 48.8 60.2 4.6 0.0
3 435.75 0.0 57.0 55.4 3.2 0.0
2 461.692307692 1.0 70.8 58.2 8.2 0.0
2 604.181818182 3.0 44.4 59.4 1.4 0.0
0 1353.0 0.0 59.6 82.4 7.8 0.09
2 1003.58333333 1.0 65.8 72.0 9.0 0.0
3 451.0 0.0 63.0 68.0 4.8 0.0
0 338.666666667 0.0 56.8 69.0 8.6 0.0
1 407.0 0.0 50.0 75.2 4.8 0.0
1 4049.71428571 1.0 69.6 73.6 6.0 0.0
2 804.727272727 2.0 62.8 51.0 3.2 0.0
1 638.5 2.0 72.2 63.6 5.0 0.0
3 530.833333333 1.0 63.0 73.0 10.0 0.0
3 390.888888889 1.0 69.6 66.0 7.0 0.0
3 530.0 0.0 50.8 48.6 1.8 0.0
3 500.5 0.0 61.6 42.8 10.6 0.0
3 394.857142857 2.0 60.6 58.2 2.0 0.0
1 547.818181818 0.0 60.2 60.0 5.4 0.0
3 780.5 2.0 64.6 79.4 5.4 0.0
3 532.857142857 3.0 51.4 60.0 1.0 0.0
1 7849.875 2.0 56.6 66.6 2.4 0.0
2 494.111111111 0.0 56.0 61.0 4.4 0.0
1 411.25 3.0 52.6 82.2 3.0 0.172
3 547.714285714 2.0 65.0 64.6 9.6 0.0
1 8993.5 0.0 54.2 59.2 7.8 0.0
1 428.2 3.0 58.8 83.0 2.8 0.0
1 2264.75 0.0 57.0 59.8 6.2 0.0
1 564.25 0.0 52.4 60.8 2.2 0.0
2 475.583333333 0.0 63.2 62.4 6.4 0.0
2 455.0 3.0 51.6 56.8 10.4 0.0
0 485.0 0.0 57.0 72.0 11.0 0.0
2 745.727272727 0.0 59.0 75.0 4.0 0.0
2 1178.53333333 1.0 67.2 69.8 9.4 0.004
3 542.166666667 0.0 61.6 77.2 18.0 0.696
3 380.0 3.0 53.2 82.6 12.2 0.564
3 437.75 0.0 55.6 85.8 5.0 0.006
1 530.363636364 2.0 67.0 43.6 4.4 0.0
1 5188.17647059 2.0 69.2 72.8 5.2 0.0
3 437.0 3.0 60.0 87.0 8.0 0.1
2 781.833333333 3.0 47.0 75.0 4.0 0.0
2 715.571428571 1.0 70.4 73.2 7.4 0.0
2 683.666666667 0.0 56.8 54.4 1.8 0.0
3 450.444444444 1.0 65.0 72.0 9.0 0.0
1 419.0 1.0 68.6 58.8 7.0 0.0
1 599.235294118 0.0 60.0 68.0 7.0 0.0
1 597.615384615 0.0 60.4 62.0 10.8 0.0
2 555.4 0.0 58.4 71.0 2.2 0.0
0 3691.0 1.0 66.4 65.0 9.0 0.0
2 3232.5 0.0 61.0 53.0 12.0 0.0
2 440.25 0.0 52.6 72.0 5.2 0.032
2 615.833333333 0.0 56.6 46.2 3.6 0.0
3 468.333333333 0.0 53.2 52.8 2.0 0.0
3 382.0 2.0 71.4 67.6 4.6 0.0
1 491.785714286 0.0 59.6 71.2 8.4 0.0
2 869.727272727 1.0 66.0 69.6 6.8 0.0
2 612.769230769 0.0 75.4 35.6 5.2 0.0
3 598.222222222 0.0 59.8 67.2 8.2 0.0
1 212.0 0.0 52.8 65.8 4.4 0.0
2 516.8 0.0 57.2 73.6 2.8 0.0
1 465.529411765 1.0 64.8 74.6 8.4 0.0
0 10620.5 2.0 56.0 64.8 3.4 0.0
3 359.5 2.0 70.0 66.8 4.6 0.0
1 356.0 0.0 53.2 55.0 1.8 0.0
0 263.5 1.0 70.4 48.2 6.0 0.0
1 1098.11111111 2.0 60.6 68.2 3.8 0.0
2 429.75 0.0 57.6 67.8 5.2 0.0
1 661.428571429 1.0 70.0 70.0 7.0 0.0
0 580.0 1.0 69.6 73.6 6.0 0.0
0 474.0 0.0 61.8 48.6 4.6 0.0
1 556.0 1.0 72.8 64.2 7.4 0.0
0 505.0 1.0 64.8 74.6 8.4 0.0
3 712.0 1.0 66.0 69.6 6.8 0.0
2 1309.18181818 2.0 69.0 32.0 6.6 0.0
1 432.0 3.0 58.0 83.0 2.2 0.004
2 1971.7 0.0 55.0 77.0 7.0 0.0
3 413.714285714 0.0 61.8 48.6 4.6 0.0
1 433.555555556 0.0 57.0 55.0 5.0 0.0
0 505.0 0.0 53.2 52.8 2.0 0.0
2 878.416666667 1.0 69.4 72.8 7.6 0.0
2 718.818181818 1.0 70.0 73.2 9.0 0.0
3 354.0 1.0 63.6 62.8 9.0 0.0
0 454.0 0.0 58.0 77.0 9.0 0.0
3 456.75 1.0 63.2 65.0 7.2 0.0
2 416.142857143 3.0 60.6 76.8 3.6 0.002
0 398.0 0.0 66.0 61.0 8.0 0.0
1 1925.46153846 0.0 52.6 66.8 2.6 0.0
1 517.142857143 0.0 56.6 46.2 3.6 0.0
1 428.666666667 3.0 50.4 63.0 1.8 0.0
1 1260.71428571 1.0 77.2 53.0 6.0 0.0
2 6427.6875 2.0 53.0 69.2 1.0 0.0
2 1029.5 0.0 50.8 80.8 2.8 0.0
1 3213.33333333 2.0 66.8 70.0 6.8 0.0
0 388.0 0.0 61.2 70.0 6.0 0.0
0 555.5 2.0 53.2 73.8 3.0 0.0
3 529.25 2.0 66.2 73.6 6.2 0.0
0 418.0 2.0 53.8 70.8 1.2 0.0
2 2568.0 0.0 56.0 63.0 8.0 0.0
3 504.25 1.0 67.6 71.8 6.0 0.0
1 3071.0 3.0 47.8 64.8 1.0 0.0
3 540.0 2.0 62.0 61.6 2.2 0.0
3 602.25 0.0 52.0 68.2 4.6 0.02
2 407.882352941 1.0 64.4 66.2 7.8 0.0
2 412.857142857 1.0 70.4 48.2 6.0 0.0
1 858.25 2.0 60.8 76.4 3.0 0.0
3 751.666666667 0.0 52.2 52.8 1.8 0.0
1 552.0 0.0 53.0 86.0 8.0 0.096
1 506.181818182 2.0 69.0 32.0 6.6 0.0
3 386.875 0.0 63.0 71.0 7.0 0.0
2 2240.58333333 0.0 53.8 84.8 3.0 0.0
1 873.235294118 0.0 60.0 45.0 7.8 0.0
3 310.2 0.0 67.8 60.8 6.6 0.0
3 510.4 0.0 51.8 77.6 1.6 0.0
2 501.071428571 1.0 68.0 70.4 8.0 0.0
2 345.0 1.0 66.6 73.2 7.4 0.0
3 470.875 2.0 69.8 67.6 6.6 0.0
1 419.9 3.0 55.0 78.2 7.2 0.024
0 246.0 1.0 72.6 66.6 7.4 0.0
3 441.5 0.0 59.8 65.2 3.4 0.0
3 968.333333333 1.0 62.4 67.4 8.0 0.0
2 630.75 2.0 65.4 46.8 3.6 0.0
2 473.5 1.0 77.2 53.0 6.0 0.0
2 508.0 0.0 62.2 60.0 5.8 0.0
0 402.0 1.0 68.6 66.4 7.4 0.0
3 527.0 0.0 56.0 61.0 4.4 0.0
1 663.666666667 0.0 58.8 65.8 6.2 0.006
2 605.25 0.0 62.2 68.4 5.6 0.0
0 525.0 0.0 60.0 64.8 7.4 0.0
2 548.0 0.0 46.4 51.4 13.6 0.0
3 722.5 0.0 52.4 60.8 2.2 0.0
3 665.5 0.0 54.2 59.2 7.8 0.0
0 423.5 3.0 56.0 74.6 6.2 0.0
1 746.0 0.0 48.8 60.2 4.6 0.0
3 442.5 0.0 57.4 60.6 4.4 0.0
0 390.0 0.0 56.8 79.6 10.8 0.544
1 879.333333333 2.0 56.2 82.2 4.8 0.0
3 456.4 2.0 58.4 70.0 2.8 0.0
0 241.0 1.0 73.4 60.8 5.4 0.0
2 5430.06666667 1.0 68.0 69.8 7.2 0.0
2 12450.0 2.0 61.8 73.6 1.4 0.0
3 322.0 0.0 52.6 72.0 3.2 0.0
3 10140.0 1.0 64.8 65.8 7.2 0.0
2 522.363636364 0.0 59.0 75.0 8.0 0.0
2 2591.54545455 1.0 65.2 63.8 10.2 0.0
1 429.4 0.0 70.0 48.0 5.2 0.0
1 490.25 0.0 62.8 67.0 3.4 0.0
2 3026.41666667 2.0 57.0 76.0 4.4 0.0
1 298.0 1.0 73.4 60.8 5.4 0.0
1 1435.5 0.0 53.8 84.8 3.0 0.0
0 496.0 2.0 56.2 69.6 4.2 0.0
0 316.333333333 2.0 55.0 93.0 4.0 0.66
2 2089.54545455 0.0 60.0 45.0 7.8 0.0
1 1873.91666667 0.0 61.0 72.0 10.0 0.0
0 385.0 0.0 62.0 62.2 5.6 0.0
0 252.0 0.0 49.2 58.0 1.6 0.0
2 555.705882353 1.0 72.6 70.4 7.2 0.0
0 352.0 1.0 68.6 58.8 7.0 0.0
3 444.0 0.0 51.2 61.6 0.8 0.0
1 553.3 0.0 55.6 85.8 5.0 0.006
0 399.0 1.0 61.2 63.2 9.4 0.0
2 1092.6 1.0 71.0 69.0 7.6 0.0
1 525.8 2.0 65.4 46.8 3.6 0.0
1 476.0 1.0 66.2 62.2 7.6 0.0
0 556.0 0.0 54.4 61.8 10.2 0.0
1 594.333333333 0.0 53.0 54.6 1.4 0.0
2 1071.5 1.0 69.0 71.2 7.6 0.0
3 211.0 0.0 61.0 66.0 5.0 0.0
1 1043.0 0.0 57.0 77.0 15.0 0.14
0 462.0 1.0 69.4 72.8 7.6 0.0
1 525.2 1.0 69.0 72.2 6.8 0.0
3 679.0 2.0 55.0 76.0 18.0 0.0
3 527.0 0.0 57.8 78.6 3.6 0.0
1 414.928571429 0.0 60.0 74.0 9.6 0.0
2 1284.0 2.0 58.4 78.2 3.8 0.0
2 1085.92857143 3.0 46.2 70.8 2.2 0.0
3 386.5 0.0 58.4 65.8 3.2 0.0
3 430.0 0.0 48.8 70.8 5.8 0.0
3 490.25 0.0 65.4 31.2 10.6 0.0
3 327.0 2.0 69.0 76.8 6.4 0.0
1 628.583333333 0.0 61.4 55.0 10.0 0.0
2 2725.85714286 0.0 64.2 44.2 9.0 0.0
3 441.0 2.0 55.2 57.6 3.0 0.0
1 476.777777778 0.0 59.8 69.0 6.0 0.214
2 3073.42857143 2.0 65.8 70.4 7.4 0.0
2 820.785714286 0.0 47.0 70.0 4.2 0.0
1 2550.66666667 1.0 62.0 68.4 8.0 0.0
2 714.875 0.0 61.6 64.8 8.2 0.004
3 409.2 1.0 74.2 60.2 6.0 0.0
3 470.375 2.0 64.8 78.0 6.2 0.0
2 4355.25 2.0 64.8 74.6 9.0 0.106
2 323.888888889 0.0 60.0 69.2 13.0 0.0
0 529.0 0.0 69.4 45.4 3.8 0.0
1 459.631578947 0.0 63.0 63.6 7.6 0.0
0 407.5 2.0 57.0 82.0 6.0 0.0
0 400.0 2.0 62.0 68.0 9.0 0.0
2 442.9 0.0 67.8 42.8 4.8 0.0
0 348.0 0.0 49.0 72.0 2.0 0.0
1 620.4 0.0 62.4 55.4 5.8 0.0
3 602.5 2.0 63.4 62.4 4.0 0.0
2 1060.6 0.0 58.4 68.8 5.0 0.0
0 827.0 0.0 65.2 58.0 5.2 0.0
1 1226.71428571 2.0 69.2 70.4 5.0 0.0
1 495.928571429 1.0 72.4 64.6 6.6 0.0
0 427.0 0.0 53.0 86.0 8.0 0.096
0 1538.0 2.0 52.2 73.6 3.2 0.0
1 414.055555556 0.0 52.0 76.0 2.0 0.0
1 441.916666667 2.0 65.6 74.6 4.4 0.0
2 382.0 0.0 60.6 83.2 11.4 0.456
3 495.0 0.0 60.4 55.0 10.6 0.0
1 378.333333333 0.0 57.4 71.2 5.6 0.0
0 251.5 2.0 67.4 74.0 6.8 0.0
0 594.0 2.0 60.8 76.4 3.0 0.0
1 462.0 2.0 55.0 63.0 5.0 0.0
0 578.5 0.0 54.6 80.0 2.4 0.0
1 2410.13333333 2.0 58.4 78.2 3.8 0.0
3 581.5 0.0 46.4 37.2 6.2 0.0
2 553.888888889 0.0 58.0 75.0 7.0 0.0
0 358.5 3.0 61.6 80.6 4.6 0.006
0 771.5 0.0 61.4 55.0 10.0 0.0
1 458.0 1.0 68.6 70.2 8.2 0.0
2 364.0 2.0 61.2 59.0 3.6 0.032
2 589.6875 1.0 62.0 68.4 8.0 0.0
2 376.0 0.0 47.4 70.4 4.6 0.022
2 438.384615385 0.0 58.0 68.4 9.0 0.0
1 3154.16666667 2.0 55.2 76.6 2.6 0.0
1 499.461538462 0.0 62.0 62.4 11.0 0.0
2 696.875 0.0 66.0 61.0 8.0 0.0
2 788.428571429 3.0 57.0 89.0 4.0 0.0
1 345.0 2.0 58.6 81.0 6.6 0.226
2 483.111111111 2.0 74.6 41.8 3.4 0.0
2 576.818181818 2.0 69.2 70.4 5.0 0.0
3 498.75 0.0 61.0 56.4 6.0 0.0
1 650.352941176 2.0 62.6 64.8 4.4 0.0
3 418.333333333 2.0 58.0 74.0 2.6 0.0
2 529.909090909 1.0 69.8 71.2 6.6 0.0
3 429.875 0.0 54.0 61.0 4.0 0.0
2 712.9 2.0 65.0 64.6 9.6 0.0
2 562.5 0.0 57.4 81.4 8.6 0.296
2 1749.0 0.0 62.4 85.8 6.6 0.086
1 1092.63636364 2.0 61.4 61.0 3.6 0.0
0 597.0 3.0 53.0 80.4 6.0 0.104
2 495.428571429 1.0 67.4 68.4 8.6 0.0
1 2430.70588235 0.0 50.4 78.8 2.6 0.0
3 444.333333333 0.0 59.2 77.0 6.4 0.008
1 886.083333333 2.0 57.6 65.8 9.6 0.0
2 208.0 2.0 56.2 61.6 3.8 0.002
1 389.166666667 2.0 63.6 79.6 5.0 0.0
2 496.333333333 0.0 51.2 78.0 9.0 0.302
0 502.0 2.0 65.8 70.4 7.4 0.0
3 353.0 3.0 41.0 60.2 1.2 0.0
0 507.0 0.0 57.4 68.2 7.0 0.0
1 2843.125 2.0 57.4 81.8 4.0 0.0
2 744.8 2.0 63.0 75.0 12.0 0.23
2 1080.76923077 0.0 61.4 70.4 3.8 0.0
3 428.3 2.0 58.8 46.6 3.0 0.0
3 502.0 3.0 56.0 84.0 3.0 0.0
0 1337.0 3.0 46.2 70.8 2.2 0.0
2 476.666666667 0.0 55.2 68.0 6.0 0.048
1 816.928571429 0.0 55.8 62.0 6.6 0.002
2 423.0 2.0 56.0 80.2 3.0 0.002
2 419.166666667 2.0 56.0 64.8 3.4 0.0
2 447.2 0.0 51.8 84.6 2.0 0.004
0 328.0 1.0 62.6 66.8 8.0 0.0
1 5273.0 2.0 56.6 69.0 5.2 0.0
2 554.941176471 1.0 70.6 65.4 8.0 0.002
0 410.0 3.0 60.0 80.0 4.0 0.0
2 676.1 1.0 66.8 72.4 7.2 0.0
1 391.461538462 0.0 61.0 73.2 6.0 0.04
1 478.333333333 1.0 68.0 71.0 10.0 0.0
0 456.0 1.0 68.6 68.4 7.0 0.0
1 422.333333333 3.0 50.6 61.4 7.4 0.0
3 480.75 2.0 64.8 64.6 2.4 0.0
3 711.0 0.0 44.6 45.4 3.8 0.0
1 3937.25 0.0 60.0 66.4 7.4 0.0
2 1057.33333333 2.0 60.8 58.6 3.2 0.0
1 900.8 2.0 52.2 67.0 2.0 0.0
2 747.142857143 2.0 53.8 54.2 2.2 0.0
1 466.0 3.0 60.6 76.8 3.6 0.002
1 4832.53846154 3.0 56.0 80.0 11.0 0.65
3 436.0 0.0 59.0 73.0 7.0 0.0
3 6156.2 2.0 57.0 75.2 5.8 0.01
2 1018.0 0.0 62.8 65.8 9.0 0.0
1 404.9375 2.0 69.2 53.0 4.8 0.0
1 2931.66666667 0.0 52.6 72.0 3.2 0.0
1 1847.125 0.0 61.0 69.0 6.0 0.0
3 386.0 2.0 60.6 68.2 3.8 0.0
1 981.692307692 0.0 53.8 57.8 9.0 0.0
1 463.083333333 3.0 40.2 49.2 4.2 0.0
1 484.666666667 0.0 57.6 67.8 5.2 0.0
2 2272.85714286 3.0 53.2 82.6 12.2 0.564
1 535.0 0.0 51.2 78.0 9.0 0.302
3 329.0 2.0 72.4 50.0 3.8 0.0
2 531.666666667 3.0 45.0 63.0 13.0 0.06
2 483.857142857 2.0 72.2 70.0 7.6 0.0
1 1361.65 2.0 56.0 80.2 3.0 0.002
1 656.846153846 0.0 61.4 72.8 6.2 0.0
2 1142.42857143 2.0 68.6 67.2 7.8 0.0
2 706.0 1.0 69.6 66.0 7.0 0.0
2 640.0 2.0 58.8 46.6 3.0 0.0
1 389.666666667 0.0 55.0 77.0 7.0 0.0
3 164.0 1.0 67.6 75.4 7.2 0.0
1 389.428571429 0.0 47.6 69.0 2.0 0.0
3 500.666666667 1.0 70.2 73.6 8.4 0.0
2 1955.75 1.0 66.0 69.4 7.6 0.0
1 1573.625 2.0 55.4 68.0 3.6 0.0
3 852.7 0.0 57.4 68.2 7.0 0.0
0 341.0 0.0 56.0 71.0 9.0 0.0
1 793.0 1.0 70.6 60.2 6.2 0.0
0 434.666666667 2.0 61.0 80.0 9.0 0.0
3 462.25 2.0 65.2 72.6 5.0 0.0
2 428.222222222 0.0 56.8 47.4 11.6 0.0
1 389.666666667 0.0 50.8 80.8 2.8 0.0
1 569.3 2.0 61.2 59.0 3.6 0.032
0 430.666666667 2.0 68.8 66.6 6.8 0.0
0 8292.25 0.0 52.8 65.8 4.4 0.0
2 11818.3333333 2.0 53.2 73.8 3.0 0.0
3 474.5 0.0 58.0 68.4 9.0 0.0
2 292.333333333 0.0 59.0 76.6 7.0 0.0
2 461.863636364 1.0 75.2 63.0 6.4 0.0
2 1482.15384615 0.0 67.4 59.0 6.8 0.0
2 483.428571429 0.0 53.0 68.0 8.0 0.0
2 458.666666667 2.0 62.6 64.8 4.4 0.0
1 6074.5 1.0 66.0 69.4 7.6 0.0
3 668.0 0.0 58.4 81.4 4.2 0.0
2 988.857142857 2.0 57.6 66.8 2.0 0.0
2 2979.33333333 2.0 61.0 84.6 6.6 0.088
1 620.5 1.0 68.0 70.4 8.0 0.0
2 510.666666667 0.0 58.8 70.0 6.8 0.0
0 783.0 0.0 62.4 62.8 4.4 0.0
3 398.5 0.0 59.6 71.6 7.0 0.0
1 7122.0 3.0 43.2 51.0 3.4 0.0
2 624.571428571 1.0 70.6 60.2 6.2 0.0
1 583.75 0.0 52.0 74.0 7.0 0.07
3 343.333333333 0.0 53.4 85.8 3.0 0.0
0 358.0 2.0 60.0 86.0 7.0 0.2
1 4572.42857143 0.0 60.4 55.0 10.6 0.0
3 420.5 2.0 52.0 84.0 6.0 0.0
2 1647.63636364 0.0 59.0 69.0 12.0 0.0
2 615.0 2.0 56.2 82.2 4.8 0.0
3 1814.66666667 0.0 65.0 62.0 6.0 0.0
2 1252.63636364 2.0 62.0 61.6 2.2 0.0
1 748.7 0.0 57.8 67.0 3.6 0.0
1 1745.5 1.0 66.0 69.6 6.8 0.0
1 4223.0 3.0 49.6 70.2 3.2 0.0
2 571.636363636 0.0 52.8 71.0 4.4 0.0
1 439.333333333 2.0 55.2 57.6 3.0 0.0
1 590.333333333 2.0 55.0 69.0 1.0 0.0
1 676.545454545 2.0 64.0 48.6 3.4 0.0
2 588.75 3.0 52.8 78.2 5.0 0.0
0 340.333333333 2.0 68.2 75.2 5.8 0.0
1 1726.625 0.0 59.6 63.6 2.0 0.0
1 579.470588235 0.0 58.8 61.6 12.2 0.016
0 515.0 1.0 67.6 71.8 6.0 0.0
2 516.714285714 0.0 48.8 70.8 5.8 0.0
3 365.333333333 0.0 51.0 73.0 5.0 0.0
3 457.166666667 0.0 72.8 36.6 5.0 0.0
2 457.8 1.0 65.0 63.2 6.2 0.0
1 360.777777778 0.0 54.4 66.8 4.8 0.0
2 363.428571429 3.0 55.8 80.6 9.4 0.114
1 435.5 1.0 68.8 70.2 7.2 0.0
1 453.0 0.0 59.0 76.6 7.0 0.0
1 319.5 0.0 53.0 63.0 10.0 0.0
0 2203.33333333 2.0 65.6 74.6 4.4 0.0
0 2880.33333333 2.0 66.2 73.6 6.2 0.0
3 401.285714286 0.0 56.0 76.0 6.0 0.0
3 543.333333333 2.0 60.2 78.4 3.2 0.004
1 540.923076923 0.0 57.0 72.0 14.0 0.0
0 393.0 1.0 66.0 69.4 7.6 0.0
0 432.5 0.0 58.0 70.0 10.0 0.0
2 546.125 3.0 52.6 82.2 3.0 0.172
0 197.0 3.0 59.8 81.2 3.0 0.028
2 445.8125 0.0 69.4 45.4 3.8 0.0
1 386.5 0.0 54.6 71.4 10.2 0.23
0 439.0 2.0 60.2 78.4 3.2 0.004
2 581.352941176 2.0 71.6 43.0 3.6 0.0
3 538.5 2.0 64.0 71.0 6.0 0.0
3 580.0 2.0 54.8 53.8 4.8 0.0
0 561.4 1.0 64.2 70.6 8.0 0.0
3 284.0 0.0 56.0 61.0 8.0 0.0
2 1968.5 2.0 53.8 70.8 1.2 0.0
2 637.6 0.0 56.6 71.0 8.2 0.01
2 657.125 0.0 63.0 71.0 7.0 0.0
3 533.75 0.0 70.0 48.0 5.2 0.0
1 624.0 0.0 50.6 85.6 7.2 0.458
2 527.5 0.0 56.2 47.0 1.8 0.0
1 457.894736842 1.0 66.4 65.0 9.0 0.0
3 661.666666667 0.0 60.8 72.8 5.4 0.0
3 678.25 0.0 63.8 72.2 7.8 0.0
2 464.916666667 0.0 52.4 69.2 1.2 0.0
3 555.090909091 2.0 65.2 72.2 3.2 0.002
0 379.0 1.0 70.8 58.2 8.2 0.0
3 872.0 2.0 53.0 72.2 2.0 0.0
1 1389.0 1.0 65.6 72.4 6.8 0.0
2 967.75 2.0 76.2 52.8 4.2 0.0
3 416.6 1.0 69.0 68.6 8.0 0.0
2 493.333333333 0.0 55.0 72.0 15.0 0.52
0 136.0 2.0 55.4 68.0 3.6 0.0
1 587.6 0.0 59.4 69.8 10.0 0.054
0 449.5 3.0 60.0 87.0 8.0 0.1
3 477.166666667 2.0 63.8 75.4 8.2 0.0
2 723.692307692 0.0 55.2 74.6 3.6 0.002
2 585.4 0.0 51.6 66.2 8.6 0.0
3 348.0 1.0 73.4 60.8 5.4 0.0
2 665.3 1.0 61.2 63.2 9.4 0.0
1 575.0 1.0 68.0 69.8 7.2 0.0
0 322.0 3.0 48.0 43.6 2.4 0.0
3 684.454545455 1.0 62.0 68.4 8.0 0.0
3 1164.71428571 0.0 58.4 50.0 4.4 0.0
1 495.933333333 2.0 58.2 70.0 4.0 0.0
0 292.0 2.0 58.6 81.0 6.6 0.226
2 2017.63636364 3.0 52.0 86.0 3.0 0.0
2 473.666666667 0.0 54.6 60.6 3.4 0.0
1 1368.0 2.0 64.6 79.4 5.4 0.0
1 370.142857143 0.0 63.0 60.4 4.2 0.0
2 2836.93333333 0.0 57.2 74.2 7.8 0.19
3 377.75 2.0 59.6 78.8 3.6 0.004
3 612.0 0.0 56.0 66.6 5.4 0.022
2 457.555555556 0.0 58.2 57.0 3.0 0.0
2 544.294117647 1.0 69.8 70.8 6.6 0.0
3 762.0 0.0 53.8 57.8 9.0 0.0
2 10519.125 1.0 65.6 72.4 6.8 0.0
3 416.428571429 2.0 69.6 68.4 7.0 0.0
1 374.727272727 0.0 56.2 80.4 3.6 0.0
2 522.75 2.0 57.4 72.2 3.0 0.0
0 626.5 2.0 71.6 65.2 6.4 0.0
3 492.0 0.0 56.2 47.0 1.8 0.0
2 4486.5 0.0 53.0 54.6 1.4 0.0
0 464.0 0.0 53.4 81.8 4.6 0.004
1 944.0 0.0 51.6 66.2 8.6 0.0
3 512.5 0.0 63.6 70.6 8.0 0.0
2 4910.88888889 1.0 68.6 66.4 7.4 0.0
3 722.5 2.0 65.4 46.8 3.6 0.0
1 395.65 0.0 66.6 64.0 3.6 0.0
1 655.5 3.0 44.8 62.4 2.4 0.0
3 378.0 0.0 59.0 84.0 4.0 0.0
3 495.0 0.0 53.8 76.8 3.4 0.0
1 9081.28571429 2.0 65.6 70.6 4.8 0.0
1 2434.75 2.0 65.8 70.4 7.4 0.0
2 534.0 0.0 61.8 48.6 4.6 0.0
0 434.0 1.0 62.0 68.4 8.0 0.0
1 417.5 2.0 65.4 70.0 6.8 0.0
2 494.0 2.0 58.0 80.0 7.0 0.28
1 409.571428571 2.0 71.0 74.0 9.0 0.01
2 525.454545455 0.0 48.2 76.0 1.6 0.0
3 291.666666667 0.0 60.0 45.0 7.8 0.0
3 384.0 0.0 59.0 72.0 13.0 0.0
3 30383.0 1.0 68.0 70.8 7.4 0.0
2 455.529411765 1.0 67.0 71.0 9.0 0.0
1 11390.3076923 2.0 70.0 66.8 7.2 0.0
1 604.545454545 3.0 43.6 65.4 5.4 0.122
3 411.0 2.0 62.0 64.2 3.4 0.0
3 962.5 3.0 52.0 64.0 1.2 0.0
0 333.0 0.0 51.4 77.6 9.6 0.268
2 577.8 0.0 56.0 84.6 5.2 0.0
3 397.333333333 0.0 55.6 61.4 3.8 0.0
0 291.5 0.0 57.4 60.6 4.4 0.0
0 552.5 1.0 68.4 65.0 6.0 0.0
1 531.666666667 0.0 55.2 68.0 6.0 0.048
0 352.0 0.0 56.0 72.0 15.0 0.0
2 1470.0 2.0 69.8 67.6 6.6 0.0
1 557.176470588 1.0 67.8 73.0 7.2 0.0
1 6780.2 1.0 65.0 66.4 6.6 0.0
2 589.75 2.0 60.0 66.0 7.0 0.0
2 457.0 0.0 55.2 73.8 2.0 0.0
3 1440.0 2.0 67.2 71.2 7.2 0.0
0 551.0 2.0 71.4 65.6 5.8 0.0
0 1618.0 0.0 57.8 75.4 10.6 0.762
0 450.0 0.0 55.8 62.0 6.6 0.002
1 1125.06666667 0.0 48.2 76.0 1.6 0.0
3 663.5 0.0 57.8 67.0 3.6 0.0
3 436.0 0.0 57.0 74.4 5.6 0.0
0 800.5 0.0 53.8 57.8 9.0 0.0
0 374.0 1.0 64.2 69.0 7.8 0.0
2 595.909090909 1.0 66.4 65.0 9.0 0.0
1 2528.83333333 0.0 56.0 73.0 12.0 0.0
3 388.25 0.0 59.6 70.2 7.8 0.004
2 399.75 0.0 54.0 72.0 4.4 0.0
3 372.0 1.0 65.0 73.0 7.0 0.0
3 535.75 1.0 64.6 71.4 6.4 0.0
3 468.333333333 2.0 71.4 65.6 5.8 0.0
3 270.0 1.0 70.4 73.2 7.4 0.0
2 800.142857143 2.0 68.6 71.2 7.2 0.0
3 354.5 3.0 62.0 86.0 6.0 0.11
2 520.142857143 2.0 64.6 73.0 4.4 0.0
3 417.5 0.0 55.0 69.0 3.0 0.0
1 416.0 2.0 60.2 70.2 6.8 0.042
2 761.0 2.0 54.6 59.4 5.2 0.0
2 900.5 2.0 70.0 66.8 4.6 0.0
2 921.9 0.0 59.0 84.0 4.0 0.0
2 526.0 2.0 68.6 73.6 6.2 0.0
2 851.25 2.0 67.0 43.6 4.4 0.0
1 494.777777778 0.0 47.4 70.4 4.6 0.022
3 437.571428571 2.0 70.6 73.4 6.6 0.002
0 578.0 0.0 55.6 61.4 3.8 0.0
3 559.666666667 1.0 65.6 69.8 8.6 0.0
3 424.25 2.0 59.8 80.6 8.6 0.056
1 614.272727273 2.0 63.2 68.8 8.8 0.0
0 493.0 0.0 60.6 79.8 5.0 0.0
2 472.2 3.0 56.0 76.6 8.6 0.306
0 401.0 0.0 50.6 85.6 7.2 0.458
0 391.0 0.0 59.6 71.6 7.0 0.0
2 483.909090909 2.0 67.4 74.0 6.8 0.0
1 11167.3333333 0.0 62.0 65.4 9.4 0.0
2 474.0 2.0 56.6 66.6 2.4 0.0
1 2327.6 1.0 67.4 68.4 8.6 0.0
2 566.555555556 0.0 58.2 62.0 6.8 0.0
2 5014.5 2.0 68.6 68.8 5.8 0.0
3 339.6 3.0 59.6 79.4 7.4 0.002
3 430.0 0.0 51.2 68.6 5.8 0.0
1 1010.52631579 0.0 61.4 70.4 3.8 0.0
2 509.875 0.0 57.0 59.8 6.2 0.0
1 425.625 3.0 60.0 84.0 4.0 0.0
0 125.0 3.0 50.4 66.2 1.4 0.0
0 331.0 0.0 60.4 70.4 2.0 0.0
3 20441.0 3.0 50.4 63.0 1.8 0.0
3 585.5 0.0 58.6 71.0 8.6 0.0
0 3180.0 2.0 64.6 79.4 5.4 0.0
3 305.0 3.0 58.0 90.0 9.0 1.18
3 590.8 0.0 56.6 46.2 3.6 0.0
1 443.5 2.0 63.4 76.6 6.2 0.35
2 364.5 3.0 40.6 50.8 2.2 0.0
2 2070.4375 1.0 66.2 71.4 8.4 0.0
1 9653.33333333 2.0 56.0 69.0 6.0 0.0
3 714.75 0.0 57.6 65.4 6.0 0.0
1 752.642857143 1.0 66.4 74.8 8.0 0.0
1 4812.21428571 3.0 53.0 80.4 6.0 0.104
2 805.7 0.0 58.0 64.0 12.0 0.0
1 491.222222222 0.0 58.6 66.0 5.2 0.0
1 513.333333333 2.0 64.8 78.0 6.2 0.0
1 550.0 3.0 51.4 60.0 1.0 0.0
2 679.0 0.0 57.8 73.4 11.2 0.178
1 402.545454545 2.0 68.6 64.0 5.8 0.0
1 663.5 0.0 61.8 67.6 10.8 0.0
3 701.333333333 2.0 66.0 67.0 7.0 0.0
1 2074.5 2.0 53.8 54.2 2.2 0.0
2 742.0 3.0 52.6 46.0 2.0 0.0
2 688.0 3.0 50.4 63.0 1.8 0.0
0 377.0 0.0 62.4 71.8 6.0 0.056
1 449.777777778 0.0 59.0 84.0 4.0 0.0
0 333.0 0.0 55.0 73.0 11.0 0.0
1 6785.0 2.0 69.6 68.8 4.8 0.0
3 376.0 0.0 57.8 73.4 11.2 0.178
0 413.0 1.0 68.0 70.4 8.0 0.0
0 352.0 3.0 39.2 60.2 4.6 0.0
2 534.875 1.0 67.6 71.0 8.0 0.0
2 460.727272727 1.0 71.2 70.2 9.0 0.0
2 480.666666667 0.0 62.4 62.2 5.4 0.0
3 687.0 2.0 62.0 80.0 15.0 0.0
1 486.25 1.0 64.4 66.2 7.8 0.0
3 394.0 0.0 61.0 65.2 7.0 0.002
2 943.5625 0.0 57.2 59.0 3.4 0.0
2 3942.875 0.0 58.0 74.0 9.0 0.0
3 248.571428571 2.0 52.2 73.6 3.2 0.0
0 900.5 2.0 62.8 61.0 6.2 0.0
2 621.090909091 0.0 58.6 66.0 5.2 0.0
0 338.0 0.0 53.4 70.4 7.4 0.0
3 513.6 0.0 52.0 66.0 3.0 0.0
1 424.333333333 2.0 68.8 66.6 6.8 0.0
2 498.866666667 0.0 60.2 70.0 6.6 0.0
0 422.0 1.0 67.2 67.6 9.0 0.0
3 469.666666667 2.0 61.0 84.6 6.6 0.088
0 456.0 2.0 57.8 61.4 2.4 0.0
1 5287.44444444 3.0 47.4 65.4 1.0 0.0
3 484.5 2.0 62.8 51.0 3.2 0.0
2 628.454545455 2.0 60.0 73.6 3.2 0.0
1 1193.15 2.0 69.6 68.4 7.0 0.0
2 430.333333333 0.0 50.8 69.2 1.4 0.0
1 468.583333333 0.0 69.4 45.4 3.8 0.0
3 478.0 3.0 44.4 63.8 1.4 0.0
3 447.0 1.0 72.6 70.4 7.2 0.0
1 517.4 2.0 66.4 71.8 6.0 0.0
2 510.0 2.0 64.8 64.6 2.4 0.0
1 1289.17391304 2.0 71.6 43.0 3.6 0.0
3 1004.83333333 0.0 57.6 83.4 3.0 0.0
3 392.0 2.0 61.4 61.0 3.6 0.0
2 521.666666667 0.0 52.4 62.2 7.0 0.002
1 518.5 0.0 59.8 69.0 9.0 0.0
1 1068.125 2.0 62.8 61.0 6.2 0.0
1 465.0 0.0 57.4 67.2 5.6 0.0
0 380.0 2.0 62.0 68.0 9.0 0.01
1 3731.41666667 1.0 62.4 67.4 8.0 0.0
1 838.875 0.0 74.8 35.2 4.2 0.0
1 511.916666667 0.0 66.0 64.0 9.0 0.0
1 956.333333333 0.0 60.8 72.8 5.4 0.0
0 775.0 2.0 68.6 56.8 5.0 0.0
2 579.0 1.0 67.6 75.4 7.2 0.0
3 267.0 3.0 44.8 62.4 2.4 0.0
3 449.166666667 1.0 66.0 69.4 7.6 0.0
2 1138.71428571 0.0 58.4 50.0 4.4 0.0
1 1497.0 1.0 66.8 68.8 7.4 0.0
0 565.0 0.0 60.8 67.4 6.6 0.0
3 317.666666667 0.0 58.8 61.6 12.2 0.016
2 640.866666667 0.0 60.2 60.0 5.4 0.0
3 443.8 2.0 65.4 70.0 6.8 0.0
3 410.5 0.0 56.8 69.0 8.6 0.0
3 416.666666667 1.0 64.8 74.6 8.4 0.0
1 2558.4 2.0 57.6 66.8 2.0 0.0
2 754.181818182 0.0 59.6 70.2 7.8 0.004
2 573.8 2.0 58.6 81.0 6.6 0.226
1 585.666666667 0.0 57.6 65.4 6.0 0.0
3 365.75 1.0 67.2 67.6 9.0 0.0
1 1186.83333333 0.0 47.8 69.0 1.0 0.0
1 405.0 2.0 71.0 55.0 5.0 0.0
3 752.142857143 0.0 50.6 85.6 7.2 0.458
3 491.0 0.0 54.0 64.0 7.0 0.0
3 280.5 0.0 51.2 78.0 9.0 0.302
2 49880.3333333 0.0 60.2 72.0 11.0 0.092
1 491.538461538 0.0 52.4 62.2 7.0 0.002
2 482.0 2.0 59.8 85.6 5.8 0.194
1 747.153846154 1.0 64.8 65.8 7.2 0.0
2 517.4 0.0 59.4 60.4 3.6 0.0
1 508.095238095 0.0 61.4 73.0 8.2 0.0
2 46287.1428571 0.0 41.8 64.6 2.0 0.0
2 973.111111111 2.0 72.2 63.6 5.0 0.0
3 444.375 0.0 67.8 42.8 4.8 0.0
1 7712.66666667 0.0 51.0 73.0 5.0 0.0
3 490.0 0.0 55.6 81.2 3.2 0.0
1 473.363636364 0.0 59.4 47.4 4.0 0.0
2 5365.21428571 3.0 50.4 66.2 1.4 0.0
1 360.9 0.0 52.8 71.0 4.4 0.0
2 716.6875 2.0 62.8 61.0 6.2 0.0
1 10368.3333333 1.0 63.6 62.8 9.0 0.0
0 466.0 2.0 66.0 67.0 7.0 0.0
3 800.2 1.0 69.0 71.2 7.6 0.0
1 598.6 3.0 53.2 63.8 1.6 0.0
0 442.0 3.0 57.8 82.0 3.2 0.0
3 875.2 0.0 55.0 56.0 9.0 0.0
3 810.5 2.0 66.8 70.6 6.2 0.0
1 422.444444444 2.0 55.0 93.0 4.0 0.66
0 452.0 1.0 69.8 70.8 6.6 0.0
2 3709.0 2.0 55.2 69.8 1.6 0.0
2 796.0 2.0 56.8 88.4 5.4 0.348
3 632.0 0.0 46.4 51.4 13.6 0.0
2 533.444444444 0.0 67.0 49.6 6.0 0.0
2 702.454545455 0.0 55.8 81.4 3.4 0.006
0 352.333333333 0.0 52.0 68.2 4.6 0.02
2 1881.0 0.0 63.0 68.0 4.8 0.0
1 502.947368421 1.0 61.0 74.0 9.0 0.0
3 299.0 2.0 60.6 66.4 6.6 0.0
3 306.0 2.0 59.0 50.6 1.2 0.0
2 11204.4285714 2.0 69.2 72.8 5.2 0.0
3 1417.0 2.0 68.0 65.8 9.0 0.0
0 404.0 1.0 70.6 65.4 8.0 0.002
1 3918.375 2.0 53.6 72.4 4.6 0.0
1 723.6 0.0 58.4 68.8 5.0 0.0
3 486.0 2.0 55.4 68.6 3.6 0.0
3 302.5 0.0 64.0 61.2 11.6 0.0
2 12072.9166667 0.0 58.8 65.8 6.2 0.006
1 5814.0 2.0 55.2 75.8 7.8 0.002
3 579.2 0.0 55.0 70.0 5.0 0.0
1 627.722222222 2.0 63.4 62.4 4.0 0.0
0 430.5 1.0 69.6 66.0 7.0 0.0
0 499.5 0.0 60.0 45.0 2.0 0.0
1 390.166666667 0.0 57.0 55.4 3.2 0.0
3 609.454545455 2.0 65.4 73.2 5.2 0.0
0 1326.33333333 0.0 51.2 78.0 9.0 0.302
1 2613.07692308 3.0 58.0 76.2 2.8 0.004
1 12626.0 2.0 62.8 64.0 3.0 0.0
3 430.0 2.0 60.6 63.0 4.2 0.0
3 412.0 2.0 63.0 61.0 13.0 0.0
0 4717.25 2.0 55.4 66.0 6.0 0.0
3 714.5 2.0 61.4 68.4 4.2 0.0
3 541.428571429 0.0 54.6 71.4 10.2 0.23
3 461.5 1.0 68.0 74.0 14.0 0.0
2 1183.9 3.0 57.8 82.0 3.2 0.0
2 1419.66666667 0.0 65.6 60.0 4.0 0.0
1 398.833333333 1.0 71.2 70.2 9.0 0.0
1 3830.63636364 1.0 68.2 68.8 8.0 0.0
0 411.0 0.0 65.4 31.2 10.6 0.0
1 575.333333333 0.0 46.4 51.4 13.6 0.0
3 555.636363636 3.0 56.0 74.6 6.2 0.0
3 455.25 2.0 70.0 71.0 9.0 0.0
1 1803.42857143 0.0 56.2 47.0 1.8 0.0
0 753.0 2.0 61.8 59.2 5.2 0.0
0 140.0 2.0 69.2 70.4 5.0 0.0
1 432.363636364 0.0 60.6 85.0 4.2 0.004
2 700.0625 1.0 66.4 74.8 8.0 0.0
3 533.5 3.0 57.8 82.0 3.2 0.0
1 1098.71428571 1.0 68.0 70.8 7.4 0.0
1 1768.47058824 2.0 60.0 66.8 5.2 0.0
1 524.538461538 1.0 71.0 69.0 7.6 0.0
3 322.0 0.0 54.0 72.0 4.4 0.0
1 471.461538462 2.0 70.6 65.6 4.4 0.0
1 509.153846154 0.0 60.8 74.8 3.2 0.0
0 530.0 2.0 59.0 50.6 1.2 0.0
1 3627.29411765 1.0 69.8 70.8 6.6 0.0
1 11262.7142857 2.0 65.2 72.6 5.0 0.0
1 558.842105263 1.0 61.4 66.2 8.8 0.0
2 456.0 0.0 46.4 37.2 6.2 0.0
1 3244.0625 2.0 60.8 58.6 3.2 0.0
2 578.6 2.0 57.6 65.8 9.6 0.0
1 1638.83333333 2.0 64.8 74.6 9.0 0.106
2 2578.08333333 2.0 57.0 75.2 5.8 0.01
3 604.0 0.0 62.0 62.4 11.0 0.0
1 640.75 0.0 56.0 66.6 5.4 0.022
0 241.0 1.0 69.6 56.8 6.8 0.0
1 596.166666667 1.0 68.0 66.0 7.4 0.0
1 483.933333333 0.0 55.4 72.6 2.8 0.0
2 1173.0 0.0 65.2 58.0 5.2 0.0
2 433.538461538 0.0 53.6 46.8 4.2 0.0
3 258.0 0.0 50.0 87.0 3.0 0.0
3 2731.0 1.0 61.4 66.2 8.8 0.0
0 981.333333333 0.0 59.8 65.2 3.4 0.0
2 1909.7 0.0 63.0 63.6 7.6 0.0
2 451.818181818 0.0 52.8 70.0 1.8 0.0
1 359.388888889 0.0 57.0 64.0 4.0 0.0
3 317.0 3.0 46.2 70.8 2.2 0.0
1 414.333333333 0.0 50.8 69.2 1.4 0.0
0 891.833333333 2.0 69.6 68.8 4.8 0.0
2 553.333333333 3.0 41.0 60.2 1.2 0.0
2 1041.25 2.0 62.6 71.4 6.2 0.002
1 587.55 2.0 59.6 78.8 3.6 0.004
1 459.083333333 1.0 67.6 66.8 6.2 0.0
0 2360.0 2.0 74.0 41.4 3.6 0.0
3 404.0 0.0 56.8 47.4 11.6 0.0
1 389.5 0.0 58.0 78.2 4.4 0.0
2 658.0 0.0 54.6 52.0 3.4 0.0
3 467.25 0.0 60.2 60.6 9.2 0.0
0 306.0 0.0 53.0 92.0 9.0 0.0
3 448.0 0.0 57.0 92.0 9.0 0.35
2 1085.70588235 2.0 55.2 57.6 3.0 0.0
3 368.0 0.0 52.8 71.0 4.4 0.0
0 182.0 0.0 57.6 82.4 11.0 0.104
0 506.0 0.0 57.0 75.0 9.0 0.0
0 394.0 0.0 56.0 63.0 7.0 0.0
0 422.0 1.0 75.2 63.0 6.4 0.0
2 510.153846154 2.0 54.8 63.2 2.4 0.0
2 241.0 0.0 56.4 67.4 4.2 0.0
0 91479.3333333 0.0 50.8 71.8 4.6 0.0
3 401.333333333 1.0 70.4 48.2 6.0 0.0
1 510.0 1.0 67.4 63.8 8.4 0.0
1 552.25 0.0 63.2 62.4 6.4 0.0
3 478.444444444 1.0 64.0 77.0 8.0 0.0
2 500.384615385 0.0 55.8 62.0 6.6 0.002
2 1513.27272727 2.0 67.2 67.8 5.6 0.0
3 568.0 0.0 64.0 55.0 8.0 0.0
1 422.933333333 0.0 67.0 49.6 6.0 0.0
1 578.5 3.0 43.8 63.8 8.6 0.064
3 507.5 2.0 56.6 69.0 5.2 0.0
2 877.210526316 2.0 68.6 64.0 5.8 0.0
3 346.666666667 0.0 59.0 71.0 10.0 0.05
1 3620.4 2.0 68.6 67.2 7.8 0.0
1 1408.0 0.0 56.8 54.4 1.8 0.0
2 1413.4 0.0 60.0 70.0 7.0 0.0
2 898.6875 2.0 68.0 65.8 9.0 0.0
2 459.2 1.0 65.0 66.4 6.6 0.0
3 729.0 3.0 50.4 66.2 1.4 0.0
2 540.916666667 2.0 55.6 64.6 6.4 0.002
1 353.444444444 0.0 58.4 71.0 2.2 0.0
1 559.181818182 2.0 52.2 73.6 3.2 0.0
1 2080.25 2.0 65.0 64.0 6.0 0.0
1 473.5 2.0 65.8 68.8 5.6 0.0
3 380.571428571 2.0 67.2 73.2 5.6 0.0
3 573.0 2.0 68.4 73.0 8.4 0.0
3 1035.4 2.0 74.6 41.8 3.4 0.0
1 452.583333333 1.0 69.8 67.8 7.6 0.0
1 674.1 0.0 58.2 71.2 8.6 0.0
3 330.0 1.0 67.2 69.0 6.2 0.0
2 521.583333333 0.0 74.8 35.2 4.2 0.0
1 14102.5714286 2.0 62.6 71.4 6.2 0.002
1 407.333333333 3.0 55.8 80.6 9.4 0.114
3 343.0 2.0 56.2 69.6 4.2 0.0
3 424.0 0.0 73.0 42.8 5.2 0.0
2 9165.4 0.0 57.4 68.2 7.0 0.0
1 4660.07142857 2.0 65.2 42.4 2.4 0.0
1 451.5 2.0 67.2 67.8 5.6 0.0
3 194.0 0.0 56.6 73.2 3.4 0.0
2 532.071428571 2.0 57.0 73.0 4.4 0.0
0 17271.5 2.0 62.0 46.6 8.4 0.0
1 682.5 0.0 56.4 67.4 4.2 0.0
1 2896.25 2.0 54.0 69.2 6.0 0.0
1 446.111111111 2.0 55.2 78.6 4.0 0.0
3 460.666666667 2.0 55.4 66.0 6.0 0.0
2 774.6 3.0 47.4 65.4 1.0 0.0
3 353.5 2.0 71.6 65.2 6.4 0.0
3 400.857142857 3.0 43.2 51.0 3.4 0.0
3 416.333333333 1.0 65.8 72.0 9.0 0.0
1 537.307692308 1.0 70.6 65.4 8.0 0.002
1 465.230769231 2.0 57.0 50.0 6.0 0.0
1 459.2 3.0 51.4 61.8 1.2 0.0
2 13789.3333333 0.0 67.8 57.8 6.6 0.0
2 473.454545455 0.0 53.8 57.0 3.0 0.0
2 506.875 2.0 60.4 64.8 5.6 0.0
0 3476.0 0.0 54.4 85.4 3.6 0.002
2 480.4 0.0 61.0 65.2 7.0 0.002
3 714.5 1.0 68.6 70.2 8.2 0.0
1 466.0 3.0 44.4 59.4 1.4 0.0
0 563.0 2.0 55.6 64.6 6.4 0.002
2 487.692307692 3.0 50.6 61.4 7.4 0.0
3 594.333333333 2.0 67.4 64.2 5.6 0.0
0 733.0 2.0 67.0 43.6 4.4 0.0
1 441.428571429 2.0 62.0 46.6 8.4 0.0
1 496.111111111 2.0 67.2 73.2 5.6 0.0
1 403.866666667 1.0 70.2 73.6 8.4 0.0
1 9682.0 2.0 66.8 70.6 6.2 0.0
1 4815.6 0.0 55.4 68.6 7.4 0.008
0 399.0 0.0 57.2 59.0 3.4 0.0
0 384.0 0.0 57.0 63.0 12.0 0.0
1 3889.41176471 2.0 68.6 56.8 5.0 0.0
3 715.0 0.0 52.4 64.0 2.2 0.0
2 592.333333333 2.0 56.0 67.0 14.0 0.0
2 585.0 1.0 68.0 70.0 7.8 0.0
1 444.533333333 0.0 56.0 53.4 8.0 0.0
3 360.666666667 0.0 63.2 62.4 6.4 0.0
2 897.272727273 2.0 60.6 63.0 4.2 0.0
1 670.333333333 0.0 42.8 69.4 2.0 0.0
3 534.083333333 0.0 74.8 35.2 4.2 0.0
3 318.333333333 2.0 70.2 64.4 4.2 0.0
1 347.4 0.0 53.0 83.0 2.6 0.0
1 814.615384615 1.0 70.0 63.0 9.0 0.0
1 9830.66666667 0.0 65.6 60.0 4.0 0.0
1 423.0 0.0 53.6 46.8 4.2 0.0
0 511.333333333 2.0 59.8 85.6 5.8 0.194
2 435.666666667 1.0 62.2 65.6 6.4 0.0
3 336.0 3.0 60.0 84.0 4.0 0.0
3 473.0 0.0 62.2 64.0 11.6 0.0
3 170.0 0.0 55.4 68.6 7.4 0.008
3 510.333333333 1.0 65.2 65.6 9.8 0.0
3 321.5 1.0 69.0 64.0 9.0 0.0
1 2115.35714286 1.0 65.2 63.8 10.2 0.0
0 578.5 1.0 67.4 63.8 8.4 0.0
2 582.833333333 1.0 64.0 53.4 7.2 0.0
2 611.666666667 0.0 54.2 59.2 7.8 0.0
3 381.0 0.0 53.8 84.8 3.0 0.0
3 563.0 1.0 64.0 76.0 9.0 0.0
0 404.0 1.0 62.0 67.0 9.0 0.0
1 415.846153846 0.0 54.0 83.0 3.0 0.0
2 415.0 3.0 58.0 90.0 9.0 1.18
2 470.3 0.0 59.8 57.8 6.2 0.0
1 532.181818182 0.0 52.8 70.2 6.6 0.008
3 556.666666667 0.0 42.8 69.4 2.0 0.0
2 2638.125 2.0 68.8 64.2 7.2 0.342
3 466.0 0.0 62.4 66.2 5.8 0.0
0 387.333333333 0.0 55.0 63.0 6.0 0.0
2 2789.5 0.0 42.8 69.4 2.0 0.0
2 505.0 0.0 59.2 60.6 9.4 0.0
2 440.25 2.0 53.4 63.6 3.2 0.0
0 408.0 0.0 57.4 67.2 5.6 0.0
3 532.857142857 1.0 69.2 67.4 8.4 0.0
2 465.0 0.0 52.4 64.0 2.2 0.0
1 934.133333333 0.0 54.0 68.6 5.8 0.0
2 1577.9 1.0 74.2 60.2 6.0 0.0
0 683.0 2.0 72.2 70.0 7.6 0.0
2 3672.33333333 0.0 53.2 55.0 1.8 0.0
1 650.333333333 2.0 65.8 55.4 5.0 0.0
1 8561.6 2.0 74.0 41.4 3.6 0.0
1 15403.0 0.0 57.4 60.6 4.4 0.0
2 1233.73333333 2.0 64.6 79.4 5.4 0.0
0 436.0 1.0 65.6 72.4 6.8 0.0
1 399.6 2.0 51.6 69.0 1.4 0.0
3 568.75 2.0 60.8 58.6 3.2 0.0
0 524.0 3.0 53.2 82.6 12.2 0.564
2 580.666666667 2.0 63.4 62.4 4.0 0.0
2 1619.25 3.0 52.0 64.0 1.2 0.0
2 544.857142857 1.0 67.2 67.6 9.0 0.0
0 255.5 2.0 62.6 64.8 4.4 0.0
3 741.25 1.0 73.0 68.8 5.6 0.0
3 696.666666667 2.0 62.6 64.8 4.4 0.0
2 612.8 0.0 60.8 56.6 8.4 0.0
1 514.090909091 2.0 53.0 69.2 1.0 0.0
0 300.0 0.0 59.6 71.2 8.4 0.0
1 1028.33333333 3.0 48.0 71.2 2.2 0.0
1 3432.07692308 3.0 50.4 82.2 1.8 0.004
3 494.142857143 0.0 52.8 70.0 1.8 0.0
2 500.0 2.0 65.8 66.2 4.6 0.0
2 409.25 2.0 60.2 78.4 3.2 0.004
0 1325.0 2.0 67.2 35.6 2.4 0.0
1 504.333333333 0.0 50.0 60.8 1.2 0.0
3 621.5 0.0 62.0 62.2 5.6 0.0
2 502.7 0.0 53.2 52.8 2.0 0.0
3 518.0 2.0 59.8 70.0 3.0 0.0
2 397.083333333 0.0 53.0 81.0 3.0 0.0
2 469.6 2.0 58.0 74.0 2.6 0.0
1 3912.58333333 3.0 57.8 82.0 3.2 0.0
2 878.181818182 0.0 62.4 71.8 6.0 0.056
1 308.0 0.0 52.2 52.8 1.8 0.0
1 267.0 0.0 58.0 83.0 15.0 0.99
1 11720.0 3.0 57.6 81.4 2.0 0.014
2 606.2 1.0 69.0 72.2 6.8 0.0
1 918.0 0.0 59.4 60.4 3.6 0.0
2 524.727272727 2.0 68.0 58.0 4.0 0.0
3 1161.0 0.0 59.2 62.2 6.2 0.0
2 433.5 0.0 54.4 85.4 3.6 0.002
2 3303.0 0.0 61.2 70.0 6.0 0.0
3 720.5 2.0 56.2 82.2 4.8 0.0
3 448.0 0.0 55.6 80.4 5.4 0.082
3 342.0 0.0 54.6 80.0 2.4 0.0
2 352.5 2.0 70.0 66.8 7.2 0.0
3 562.375 2.0 62.0 77.0 7.0 0.0
1 1186.5 0.0 55.8 81.4 3.4 0.006
2 702.0 0.0 53.0 62.0 3.0 0.0
0 369.0 2.0 53.0 72.2 2.0 0.0
0 340.0 0.0 66.0 64.0 9.0 0.0
0 550.0 0.0 58.8 61.6 12.2 0.016
2 595.0 0.0 56.8 79.6 10.8 0.544
2 172.0 1.0 63.0 73.0 7.0 0.0
2 1156.0 1.0 73.4 60.8 5.4 0.0
1 399.538461538 2.0 62.6 74.2 6.0 0.006
0 431.0 0.0 62.2 68.4 5.6 0.0
1 461.714285714 0.0 54.6 52.0 3.4 0.0
2 470.235294118 1.0 68.0 66.0 7.4 0.0
0 417.0 1.0 77.2 53.0 6.0 0.0
3 456.375 3.0 55.8 80.6 9.4 0.114
2 549.9 1.0 68.6 68.4 7.0 0.0
0 288.0 2.0 64.0 73.6 6.2 0.0
1 488.444444444 0.0 56.0 84.0 5.0 0.0
1 2179.81818182 0.0 60.6 79.8 5.0 0.0
3 793.4 2.0 68.8 64.2 7.2 0.342
1 380.076923077 0.0 59.8 67.2 8.2 0.0
3 394.5 0.0 60.0 73.0 10.0 0.0
2 465.1 0.0 55.6 61.4 3.8 0.0
1 583.0 3.0 50.0 49.0 7.0 0.0
3 670.5 0.0 57.4 81.4 8.6 0.296
2 1625.55555556 0.0 55.4 74.8 4.8 0.0
2 519.142857143 0.0 60.2 60.6 9.2 0.0
3 333.5 3.0 44.4 59.4 1.4 0.0
0 388.333333333 1.0 69.8 67.8 7.6 0.0
1 697.0 0.0 59.6 82.4 7.8 0.09
1 806.875 0.0 53.4 52.6 2.2 0.0
2 467.6 0.0 50.4 78.8 2.6 0.0
2 391.4 3.0 54.6 69.6 2.0 0.0
2 1270.93333333 1.0 64.6 71.4 6.4 0.0
2 652.25 1.0 65.6 69.8 8.6 0.0
1 29137.0 3.0 57.0 76.6 12.4 1.982
2 1037.22222222 0.0 53.0 76.6 5.0 0.004
1 6428.375 0.0 53.4 70.4 7.4 0.0
2 1921.81818182 2.0 70.8 74.0 7.4 0.0
3 315.0 0.0 52.6 66.8 2.6 0.0
3 480.25 0.0 58.2 62.0 6.8 0.0
0 309.5 1.0 63.6 62.8 9.0 0.0
3 525.25 0.0 59.8 57.8 6.2 0.0
3 626.333333333 0.0 47.8 69.0 1.0 0.0
2 763.714285714 0.0 50.0 84.0 3.0 0.0
1 406.461538462 2.0 60.2 78.4 3.2 0.004
2 409.882352941 1.0 68.6 70.4 7.0 0.0
3 393.714285714 0.0 57.2 74.2 7.8 0.19
3 729.0 0.0 58.6 57.6 3.4 0.0
1 3004.23076923 1.0 68.4 75.0 6.2 0.0
2 644.3 0.0 58.2 65.2 4.4 0.0
3 138.0 0.0 48.2 76.0 1.6 0.0
1 658.769230769 0.0 56.0 73.0 7.0 0.036
2 547.666666667 2.0 74.0 41.4 3.6 0.0
0 2008.5 1.0 69.8 71.2 6.6 0.0
2 1058.2 2.0 60.4 62.6 4.4 0.0
2 423.5 0.0 58.0 72.0 5.0 0.02
2 669.5 0.0 60.6 85.0 4.2 0.004
1 2446.375 0.0 60.2 60.6 9.2 0.0
0 404.0 2.0 61.0 56.0 4.0 0.11
0 297.0 2.0 69.0 32.0 6.6 0.0
2 1133.83333333 1.0 68.0 70.8 7.4 0.0
3 491.857142857 2.0 57.4 72.2 3.0 0.0
2 528.0 0.0 55.6 81.2 3.2 0.0
3 420.75 0.0 60.4 62.0 10.8 0.0
3 358.8 1.0 71.0 69.0 7.6 0.0
1 829.125 2.0 62.8 51.0 3.2 0.0
0 1325.0 1.0 71.0 68.0 6.2 0.0
1 700.25 0.0 58.4 63.4 8.4 0.0
2 559.181818182 2.0 68.0 66.0 5.0 0.0
3 447.0 3.0 58.0 83.0 2.2 0.004
0 89.0 0.0 58.2 57.0 3.0 0.0
2 2473.85714286 1.0 70.6 67.2 7.0 0.0
3 429.75 2.0 65.8 66.2 4.6 0.0
1 604.375 0.0 52.8 67.2 3.2 0.0
2 1189.91666667 2.0 67.2 40.2 2.8 0.002
0 423.0 2.0 68.6 64.0 5.8 0.0
2 518.25 0.0 57.0 70.0 13.0 0.0
2 398.5 2.0 63.6 79.6 5.0 0.0
0 928.0 1.0 65.6 57.4 6.6 0.0
0 397.0 0.0 54.0 83.0 3.0 0.0
1 589.166666667 2.0 59.8 70.0 3.0 0.0
1 319.5 0.0 54.0 69.0 11.0 0.11
3 216.0 2.0 57.4 81.8 4.0 0.0
1 453.0 2.0 59.2 62.4 4.2 0.0
1 1137.5 0.0 59.4 67.6 8.2 0.0
3 385.666666667 1.0 67.6 71.0 8.0 0.0
2 459.285714286 0.0 57.8 68.0 9.0 0.0
0 13974.25 0.0 53.0 64.2 7.4 0.028
1 443.75 3.0 61.0 86.0 12.0 1.43
1 507.357142857 1.0 65.0 70.0 5.8 0.0
1 521.846153846 3.0 41.0 60.2 1.2 0.0
0 443.0 0.0 67.8 57.8 6.6 0.0
2 645.846153846 2.0 61.8 59.2 5.2 0.0
3 336.8 0.0 59.4 69.8 10.0 0.054
2 803.769230769 2.0 64.8 78.0 6.2 0.0
2 1837.25 0.0 59.4 66.8 7.6 0.0
3 1356.5 2.0 69.0 32.0 6.6 0.0
3 263.0 0.0 58.0 82.0 9.0 0.0
2 3662.53333333 0.0 57.8 78.6 3.6 0.0
2 604.933333333 0.0 52.0 68.2 4.6 0.02
2 2209.0 0.0 63.0 57.2 7.8 0.0
3 450.888888889 2.0 62.0 80.0 9.0 0.0
2 2210.0 0.0 60.8 72.8 5.4 0.0
1 592.428571429 0.0 58.4 81.6 3.2 0.0
2 606.2 0.0 52.0 66.0 3.0 0.0
1 3406.25 0.0 51.2 68.6 5.8 0.0
1 530.785714286 2.0 53.4 63.6 3.2 0.0
3 350.0 0.0 48.8 60.2 4.6 0.0
3 502.571428571 0.0 50.4 78.8 2.6 0.0
1 391.6 0.0 62.4 62.2 5.4 0.0
0 445.0 0.0 52.8 67.2 3.2 0.0
2 2845.5 2.0 63.8 75.4 8.2 0.0
0 252.0 0.0 50.0 67.0 7.0 0.0
0 631.0 0.0 58.2 62.0 6.8 0.0
1 9111.8 0.0 58.8 72.6 8.6 0.0
1 307.0 2.0 62.0 60.0 7.0 0.0
2 844.0 0.0 63.6 70.6 8.0 0.0
3 2403.66666667 0.0 55.8 81.4 3.4 0.006
1 2848.33333333 0.0 62.0 63.4 4.6 0.0
2 3604.0 0.0 56.0 75.0 8.0 0.0
3 1224.0 0.0 53.0 64.2 7.4 0.028
3 397.142857143 0.0 55.8 62.0 6.6 0.002
1 518.8 0.0 55.4 72.2 8.0 0.132
1 1125.54545455 2.0 67.4 64.2 5.6 0.0
1 412.928571429 1.0 68.0 66.8 7.8 0.0
3 365.0 1.0 68.6 66.4 7.4 0.0
2 440.25 0.0 54.0 35.0 7.0 0.0
1 588.833333333 0.0 64.0 68.6 5.0 0.0
2 1202.81818182 0.0 60.6 58.2 6.8 0.0
2 1009.63157895 0.0 65.0 47.0 8.0 0.0
0 840.0 0.0 65.0 47.0 8.0 0.0
1 523.454545455 2.0 55.6 64.6 6.4 0.002
3 410.5 1.0 66.4 65.0 9.0 0.0
3 633.375 1.0 69.0 68.0 11.0 0.0
3 1156.75 2.0 61.8 73.6 1.4 0.0
0 219.0 0.0 63.0 64.0 16.0 0.0
0 575.0 3.0 44.4 59.4 1.4 0.0
3 450.714285714 1.0 68.4 65.0 6.0 0.0
2 859.0 3.0 49.6 70.2 3.2 0.0
2 2995.55555556 2.0 57.6 71.6 5.6 0.0
1 1315.42857143 2.0 72.0 57.2 3.6 0.0
2 4518.30769231 2.0 64.0 48.6 3.4 0.0
2 707.166666667 1.0 69.6 73.6 6.0 0.0
1 515.333333333 2.0 56.2 61.6 3.8 0.002
3 600.222222222 2.0 57.0 75.0 6.0 0.15
1 407.142857143 0.0 58.2 62.0 6.8 0.0
0 502.0 0.0 57.0 65.0 6.0 0.0
1 587.3 0.0 60.2 76.8 6.4 0.0
3 543.0 2.0 66.4 71.8 6.0 0.0
1 690.0 0.0 62.8 67.0 6.4 0.0
1 1976.5 2.0 69.0 76.8 6.4 0.0
2 587.8 0.0 53.4 52.6 2.2 0.0
2 699.0 0.0 61.4 69.6 5.2 0.0
2 702.727272727 0.0 57.8 75.4 10.6 0.762
2 1197.3125 1.0 70.0 68.0 9.0 0.0
0 250.0 1.0 68.0 70.8 7.4 0.0
1 483.0 0.0 60.6 58.2 6.8 0.0
3 391.666666667 0.0 57.4 57.6 8.6 0.0
1 6446.0 0.0 60.2 72.0 11.0 0.092
2 1176.45454545 2.0 66.2 73.6 6.2 0.0
0 419.0 2.0 55.0 73.0 3.0 0.0
0 469.0 2.0 61.8 69.2 3.4 0.0
0 409.0 2.0 71.6 43.0 3.6 0.0
1 14121.0 2.0 67.2 71.2 7.2 0.0
0 364.0 2.0 65.6 70.6 4.8 0.0
0 440.0 0.0 58.4 63.4 8.4 0.0
0 502.0 2.0 62.6 71.4 6.2 0.002
0 807.0 2.0 60.6 58.2 2.0 0.0
1 8121.16666667 3.0 52.6 46.0 2.0 0.0
2 742.9375 1.0 65.0 70.0 5.8 0.0
0 387.0 0.0 62.8 67.0 3.4 0.0
2 804.0 2.0 72.4 50.0 3.8 0.0
2 659.111111111 3.0 53.2 73.2 4.8 0.078
1 624.833333333 2.0 57.0 76.0 4.4 0.0
1 429.428571429 0.0 56.8 47.4 11.6 0.0
2 1386.4 2.0 67.2 35.6 2.4 0.0
2 994.2 0.0 59.8 65.2 3.4 0.0
3 804.333333333 0.0 58.4 71.0 2.2 0.0
2 387.0 1.0 69.6 56.8 6.8 0.0
1 702.357142857 0.0 59.6 66.8 6.2 0.0
2 550.444444444 2.0 64.0 73.6 6.2 0.0
2 500.5 1.0 69.2 67.4 8.4 0.0
2 429.2 3.0 60.0 93.0 3.0 0.0
2 552.285714286 0.0 59.4 47.4 4.0 0.0
3 464.5 1.0 65.0 70.0 5.8 0.0
2 355.0 2.0 69.0 76.8 6.4 0.0
1 517.222222222 0.0 48.8 70.8 5.8 0.0
1 360.9 0.0 49.6 73.2 3.0 0.0
3 1121.0 0.0 55.4 74.8 4.8 0.0
1 440.428571429 2.0 65.8 66.2 4.6 0.0
3 718.6 0.0 50.0 75.2 4.8 0.0
2 727.0 0.0 50.0 87.0 3.0 0.0
2 538.769230769 2.0 54.8 53.8 4.8 0.0
2 585.090909091 0.0 54.0 69.0 8.0 0.0
1 434.75 0.0 51.8 84.6 2.0 0.004
3 459.0 2.0 62.8 50.8 6.4 0.0
2 3295.77777778 1.0 65.6 57.4 6.6 0.0
2 660.4 2.0 54.6 66.8 1.6 0.0
3 2530.66666667 0.0 60.2 72.8 2.4 0.0
3 349.75 1.0 72.8 64.2 7.4 0.0
3 443.0 1.0 69.4 72.2 6.4 0.0
0 541.0 0.0 61.6 64.8 8.2 0.004
1 827.875 0.0 57.6 55.8 14.2 0.0
1 456.857142857 3.0 52.8 78.2 5.0 0.0
2 1822.875 2.0 57.8 61.4 2.4 0.0
2 1114.16666667 0.0 52.0 74.2 2.6 0.0
2 410.333333333 2.0 61.4 68.4 4.2 0.0
3 284.0 0.0 59.2 60.6 9.4 0.0
2 761.0 3.0 50.0 49.0 7.0 0.0
1 2145.72727273 3.0 44.4 63.8 1.4 0.0
1 478.153846154 2.0 65.4 73.2 5.2 0.0
3 683.0 0.0 58.6 75.4 4.8 0.0
3 699.0 1.0 68.0 71.0 8.0 0.0
0 360.5 3.0 61.0 86.0 12.0 1.43
0 438.0 1.0 66.4 74.8 8.0 0.0
2 474.5 0.0 53.8 76.8 3.4 0.0
1 856.611111111 0.0 60.4 78.8 7.2 0.0
1 681.692307692 1.0 69.0 73.0 6.8 0.0
0 409.0 2.0 60.8 58.6 3.2 0.0
3 567.6 0.0 60.0 68.0 7.0 0.0
3 571.5 0.0 55.4 72.2 8.0 0.132
1 883.5 0.0 52.8 62.6 2.4 0.0
1 765.0 2.0 56.8 88.4 5.4 0.348
2 2046.0 2.0 64.0 75.0 4.0 0.01
2 492.777777778 0.0 59.0 73.0 9.0 0.0
1 383.5 0.0 51.2 61.6 0.8 0.0
1 399.0 2.0 71.8 53.2 3.8 0.0
2 549.714285714 1.0 67.6 71.8 6.0 0.0
2 3717.0 1.0 66.8 68.8 7.4 0.0
1 3748.5 1.0 69.0 71.2 7.6 0.0
1 4021.0 2.0 67.6 72.2 7.0 0.0
1 2307.125 2.0 54.6 66.8 1.6 0.0
1 762.0 0.0 63.0 68.0 4.8 0.0
1 393.7 3.0 50.0 66.6 8.4 0.0
2 157.0 3.0 44.8 62.4 2.4 0.0
2 442.6 0.0 50.0 70.0 4.0 0.0
3 437.666666667 0.0 41.8 64.6 2.0 0.0
2 526.421052632 2.0 65.2 72.6 5.0 0.0
1 412.75 1.0 65.6 69.8 8.6 0.0
3 399.166666667 1.0 67.0 70.0 9.0 0.0
2 2309.85714286 2.0 60.8 76.4 3.0 0.0
1 746.6 0.0 55.4 89.2 2.6 0.0
1 364.833333333 0.0 55.0 74.0 12.0 0.57
3 408.0 1.0 68.0 70.0 7.8 0.0
3 784.666666667 1.0 70.6 65.4 8.0 0.002
2 933.357142857 0.0 58.8 75.6 6.4 0.004
3 636.6 0.0 52.0 74.2 2.6 0.0
2 1742.0 1.0 61.4 66.2 8.8 0.0
2 472.375 3.0 60.8 84.2 10.8 0.93
0 302.0 0.0 57.4 81.4 8.6 0.296
1 377.0 0.0 54.0 84.4 3.6 0.0
3 393.666666667 0.0 60.6 58.2 6.8 0.0
3 382.0 0.0 50.0 58.0 5.0 0.0
3 486.0 0.0 58.2 73.4 1.8 0.0
2 445.214285714 1.0 71.4 69.4 5.8 0.0
3 601.0 0.0 61.4 70.4 3.8 0.0
0 729.0 2.0 62.8 51.0 3.2 0.0
1 389.333333333 2.0 59.2 73.8 4.2 0.0
1 1162.76190476 0.0 59.4 64.2 8.6 0.0
3 516.25 3.0 53.0 52.0 12.0 0.0
2 383.0 0.0 56.2 80.4 3.6 0.0
1 469.133333333 0.0 66.0 61.0 8.0 0.0
0 451.0 2.0 54.0 69.2 6.0 0.0
0 442.0 0.0 55.4 72.6 2.8 0.0
1 677.5625 0.0 57.0 71.0 6.0 0.0
1 425.75 0.0 57.8 68.0 9.0 0.0
0 415.5 0.0 62.4 66.2 5.8 0.0
1 711.142857143 2.0 70.8 74.0 7.4 0.0
2 5785.35714286 0.0 57.4 57.6 8.6 0.0
0 539.0 0.0 50.0 60.8 1.2 0.0
1 383.875 2.0 56.4 79.2 4.6 0.208
3 407.0 0.0 55.2 68.0 6.0 0.048
2 2193.0 0.0 50.8 71.8 4.6 0.0
2 1218.375 1.0 68.6 70.2 8.2 0.0
3 439.4 2.0 60.4 64.8 5.6 0.0
2 573.2 2.0 62.6 74.2 6.0 0.006
2 527.157894737 2.0 63.0 79.6 6.4 0.0
1 1815.84615385 2.0 71.4 67.6 4.6 0.0
3 496.666666667 1.0 69.8 67.8 7.6 0.0
3 399.0 0.0 59.0 71.8 8.2 0.0
1 1650.8 0.0 57.2 70.6 8.0 0.0
3 385.0 0.0 57.8 75.4 10.6 0.762
1 2695.26666667 2.0 70.2 64.4 4.2 0.0
1 470.8 0.0 52.8 70.0 1.8 0.0
2 845.125 0.0 64.6 67.0 8.2 0.0
1 759.6 2.0 54.6 59.4 5.2 0.0
0 630.0 0.0 60.6 85.0 4.2 0.004
1 468.470588235 2.0 71.6 65.2 6.4 0.0
3 528.888888889 2.0 64.0 48.6 3.4 0.0
1 574.727272727 0.0 61.6 64.8 8.2 0.004
2 641.333333333 1.0 63.2 70.4 9.6 0.0
2 532.882352941 3.0 59.0 86.0 10.0 0.0
3 1047.14285714 0.0 62.0 65.4 9.4 0.0
3 446.166666667 0.0 75.4 35.6 5.2 0.0
2 422.714285714 2.0 61.0 69.0 4.0 0.0
1 1190.75 2.0 68.6 68.8 5.8 0.0
2 552.2 0.0 62.0 65.4 9.4 0.0
3 412.666666667 0.0 55.8 76.6 2.2 0.0
2 548.5 0.0 59.0 75.0 9.0 0.0
0 984.0 3.0 47.8 64.8 1.0 0.0
1 446.4 0.0 60.8 68.2 6.8 0.0
2 1537.66666667 0.0 51.8 77.6 1.6 0.0
3 484.333333333 0.0 65.6 60.0 4.0 0.0
1 431.090909091 0.0 54.6 34.4 9.4 0.0
1 402.333333333 3.0 40.6 50.8 2.2 0.0
3 460.25 0.0 51.6 66.2 8.6 0.0
1 501.6 2.0 57.8 77.2 3.4 0.0
2 568.909090909 0.0 61.4 55.0 10.0 0.0
2 427.25 2.0 66.0 64.0 9.6 0.0
3 319.0 3.0 51.4 61.8 1.2 0.0
1 686.230769231 2.0 62.0 53.0 11.0 0.0
3 434.25 0.0 63.0 57.2 7.8 0.0
2 482.333333333 2.0 71.4 65.6 5.8 0.0
1 516.071428571 0.0 56.4 45.6 2.4 0.0
3 587.75 0.0 58.2 57.0 3.0 0.0
2 734.6 0.0 64.0 61.2 11.6 0.0
2 396.2 3.0 53.0 80.4 6.0 0.104
2 420.583333333 0.0 60.4 60.0 12.8 0.0
1 8086.0 1.0 69.8 71.2 6.6 0.0
2 483.642857143 1.0 64.0 66.0 10.0 0.0
2 415.666666667 2.0 67.6 72.2 7.0 0.0
3 640.0 0.0 54.0 84.4 3.6 0.0
3 437.0 2.0 67.2 40.2 2.8 0.002
2 658.769230769 0.0 65.4 31.2 10.6 0.0
2 10598.1875 2.0 63.2 68.8 8.8 0.0
1 404.375 0.0 69.4 63.8 5.0 0.0
2 1295.71428571 2.0 55.2 52.2 3.6 0.0
1 460.642857143 0.0 53.6 70.2 3.0 0.0
1 451.333333333 2.0 55.0 71.0 4.0 0.0
2 721.461538462 3.0 62.8 79.4 5.0 0.094
3 439.0 2.0 68.0 67.0 7.0 0.0
2 1436.0 2.0 62.0 47.0 13.0 0.0
0 185.0 2.0 57.0 75.2 5.8 0.01
3 534.75 0.0 57.0 67.0 6.0 0.0
1 5549.94117647 0.0 61.6 42.8 10.6 0.0
3 409.333333333 0.0 58.8 65.8 6.2 0.006
0 470.0 2.0 69.8 54.2 4.2 0.0
3 693.0 2.0 55.0 80.0 9.0 0.0
0 5902.33333333 0.0 62.0 62.4 11.0 0.0
0 155.0 0.0 58.8 75.6 6.4 0.004
3 270.0 0.0 65.4 49.4 6.4 0.0
0 813.0 0.0 65.0 45.0 10.0 0.0
3 408.6 0.0 60.2 60.0 5.4 0.0
2 755.8 0.0 59.4 67.6 8.2 0.0
3 452.333333333 0.0 47.6 69.0 2.0 0.0
3 423.0 0.0 61.0 73.2 6.0 0.04
1 839.4375 0.0 61.0 65.2 7.0 0.002
1 360.769230769 0.0 58.8 70.0 6.8 0.0
0 466.0 0.0 56.6 73.2 3.4 0.0
0 547.333333333 0.0 51.4 71.6 3.0 0.0
1 379.0 0.0 67.8 57.8 6.6 0.0
0 276.333333333 0.0 58.0 78.2 4.4 0.0
1 15421.8333333 0.0 61.4 65.8 4.2 0.0
3 431.166666667 0.0 62.4 62.8 4.4 0.0
0 473.0 2.0 56.0 80.2 3.0 0.002
2 449.6 3.0 40.2 49.2 4.2 0.0
2 7735.5 2.0 52.2 67.0 2.0 0.0
0 451.0 0.0 60.4 62.0 10.8 0.0
1 414.526315789 0.0 56.0 61.0 4.4 0.0
1 439.666666667 3.0 61.6 80.6 4.6 0.006
2 537.444444444 0.0 58.4 81.6 3.2 0.0
3 569.75 1.0 67.2 69.8 9.4 0.004
3 968.5 1.0 65.6 72.4 6.8 0.0
3 299.0 0.0 55.2 74.6 3.6 0.002
3 513.333333333 3.0 60.6 76.8 3.6 0.002
0 448.0 0.0 67.0 49.6 6.0 0.0
1 589.75 0.0 50.8 48.6 1.8 0.0
3 470.1 1.0 65.6 57.4 6.6 0.0
2 786.2 2.0 57.8 36.0 6.0 0.0
2 536.285714286 2.0 64.2 43.4 3.2 0.0
0 376.0 1.0 69.0 68.6 8.0 0.0
2 1579.57142857 2.0 65.0 64.0 6.0 0.0
0 91.0 0.0 60.0 73.0 10.0 0.0
0 464.0 1.0 67.4 68.4 8.6 0.0
1 486.5 0.0 58.0 65.8 7.8 0.0
3 438.0 1.0 67.8 68.8 6.8 0.0
1 6133.0 0.0 67.4 59.0 6.8 0.0
2 3532.27272727 0.0 53.6 82.6 3.0 0.0
1 452.714285714 2.0 58.6 73.2 3.4 0.0
2 3889.0 0.0 59.0 71.8 8.2 0.0
2 568.8 0.0 49.6 73.2 3.0 0.0
2 505.6 0.0 58.0 63.0 7.0 0.0
3 457.6 1.0 68.0 66.0 7.4 0.0
0 901.0 0.0 69.4 63.8 5.0 0.0
2 1030.0 0.0 49.0 75.8 8.0 0.22
0 449.0 2.0 64.8 78.0 6.2 0.0
0 1994.5 0.0 52.4 64.0 2.2 0.0
1 2990.66666667 1.0 65.8 72.0 9.0 0.0
0 437.0 1.0 67.8 72.0 8.6 0.0
3 569.8 3.0 52.6 82.2 3.0 0.172
1 1106.0625 0.0 56.0 65.6 5.8 0.014
2 1707.0 0.0 59.0 52.0 10.0 0.0
3 419.875 2.0 65.0 70.0 9.0 0.0
0 516.5 1.0 69.0 73.0 6.8 0.0
2 394.428571429 1.0 63.6 62.8 9.0 0.0
3 1058.875 0.0 62.8 67.0 3.4 0.0
0 749.333333333 1.0 67.8 68.8 6.8 0.0
1 410.428571429 0.0 58.4 58.2 8.2 0.0
1 1315.2 1.0 75.2 63.0 6.4 0.0
3 367.0 0.0 59.8 69.0 9.0 0.0
3 335.0 0.0 56.6 71.0 8.2 0.01
2 1228.76923077 2.0 63.0 60.2 6.4 0.0
3 549.333333333 0.0 53.4 52.6 2.2 0.0
2 423.733333333 2.0 68.2 75.2 5.8 0.0
3 592.5 3.0 48.0 43.6 2.4 0.0
1 437.75 0.0 57.2 59.0 3.4 0.0
1 382.714285714 0.0 52.4 69.2 1.2 0.0
2 497.5 0.0 55.2 76.8 8.4 0.22
3 17895.6 2.0 62.8 61.0 6.2 0.0
3 393.0 0.0 60.2 76.8 6.4 0.0
3 446.333333333 0.0 63.0 63.6 7.6 0.0
2 2863.92857143 2.0 69.6 68.8 4.8 0.0
1 6486.55555556 2.0 67.2 40.2 2.8 0.002
1 1845.0 0.0 60.0 64.8 7.4 0.0
3 477.0 0.0 57.4 75.6 7.0 0.014
3 435.4 0.0 51.8 84.6 2.0 0.004
2 1838.9 2.0 71.8 53.2 3.8 0.0
3 559.75 0.0 54.6 34.4 9.4 0.0
3 330.25 0.0 54.4 85.4 3.6 0.002
1 6069.44444444 0.0 60.8 56.6 8.4 0.0
3 410.142857143 1.0 68.0 70.4 8.0 0.0
3 578.0 0.0 62.4 85.8 6.6 0.086
3 553.333333333 2.0 67.2 35.6 2.4 0.0
1 322.0 0.0 59.0 71.8 8.2 0.0
3 494.0 0.0 57.0 59.8 6.2 0.0
1 428.75 1.0 69.6 56.8 6.8 0.0
1 4411.05882353 0.0 60.2 70.0 6.6 0.0
3 466.8 2.0 53.0 69.2 1.0 0.0
1 636.6 0.0 64.2 44.2 9.0 0.0
1 12723.25 1.0 67.2 69.0 6.2 0.0
1 1025.46153846 1.0 64.0 53.4 7.2 0.0
0 386.0 0.0 58.0 60.0 18.0 0.0
3 500.333333333 0.0 61.4 72.8 6.2 0.0
2 531.6 0.0 50.6 85.6 7.2 0.458
2 424.65 2.0 68.8 66.6 6.8 0.0
2 662.2 0.0 62.4 66.2 5.8 0.0
1 708.0 0.0 62.4 85.8 6.6 0.086
0 369.0 0.0 57.4 71.2 5.6 0.0
0 499.0 1.0 64.6 71.4 6.4 0.0
2 559.857142857 0.0 56.0 71.0 8.0 0.32
3 418.0 2.0 55.2 78.6 4.0 0.0
1 1701.2 1.0 72.6 66.6 7.4 0.0
1 822.833333333 2.0 66.2 73.6 6.2 0.0
1 348.333333333 3.0 52.0 64.0 1.2 0.0
1 2423.33333333 1.0 67.2 67.6 9.0 0.0
2 482.523809524 2.0 60.0 66.8 5.2 0.0
3 744.0 0.0 75.4 45.6 4.4 0.0
2 770.875 2.0 56.0 69.6 4.0 0.0
3 467.666666667 0.0 60.0 74.0 9.6 0.0
2 4166.4 0.0 62.0 62.2 5.6 0.0
2 449.125 3.0 44.4 63.8 1.4 0.0
1 1915.6 1.0 68.6 66.4 7.4 0.0
2 524.7 2.0 62.0 60.2 11.8 0.0
2 687.625 0.0 51.4 77.6 9.6 0.268
1 465.2 0.0 52.0 74.2 2.6 0.0
0 880.5 2.0 69.2 72.8 5.2 0.0
2 1965.58333333 3.0 46.0 46.0 5.0 0.0
2 423.0 0.0 53.0 86.0 8.0 0.096
2 418.142857143 2.0 62.8 50.8 6.4 0.0
2 2451.44444444 3.0 53.2 63.8 1.6 0.0
2 690.571428571 3.0 48.2 69.2 1.0 0.0
2 442.555555556 0.0 62.8 67.0 6.4 0.0
3 652.0 0.0 67.8 57.8 6.6 0.0
1 308.0 0.0 55.2 74.6 3.6 0.002
1 23118.0 1.0 66.2 71.4 8.4 0.0
3 612.333333333 2.0 63.0 79.6 6.4 0.0
2 2693.5625 0.0 66.4 59.8 4.0 0.0
0 431.0 1.0 65.0 70.0 5.8 0.0
2 625.2 0.0 63.0 60.4 4.2 0.0
0 319.0 0.0 60.8 56.6 8.4 0.0
2 427.0 3.0 50.6 72.8 4.2 0.0
3 632.25 0.0 57.8 47.8 6.8 0.0
3 544.5 2.0 56.2 61.6 3.8 0.002
3 498.0 2.0 58.2 70.0 4.0 0.0
3 298.75 1.0 66.2 62.2 7.6 0.0
2 1120.45 1.0 66.2 73.2 7.8 0.0
3 5950.0 1.0 66.2 71.4 8.4 0.0
2 2996.22222222 0.0 60.6 79.8 5.0 0.0
0 670.5 0.0 56.0 84.6 5.2 0.0
3 510.2 2.0 57.8 61.4 2.4 0.0
3 478.0 0.0 55.4 72.6 2.8 0.0
2 5223.08333333 1.0 72.6 66.6 7.4 0.0
3 326.666666667 0.0 62.4 62.2 5.4 0.0
1 414.7 2.0 66.0 64.0 9.6 0.0
2 599.5 0.0 66.6 64.0 3.6 0.0
2 1013.06666667 0.0 59.2 77.0 6.4 0.008
1 351.5 1.0 69.0 68.6 8.0 0.0
1 1053.46666667 0.0 75.4 35.6 5.2 0.0
3 430.0 2.0 64.8 74.6 9.0 0.106
3 528.6 2.0 71.6 43.0 3.6 0.0
1 994.611111111 2.0 62.0 60.2 11.8 0.0
0 528.0 2.0 64.0 48.6 3.4 0.0
3 592.0 0.0 55.4 89.2 2.6 0.0
1 404.529411765 1.0 63.2 70.4 9.6 0.0
1 446.333333333 0.0 47.0 70.0 4.2 0.0
2 1999.92307692 1.0 72.8 64.2 7.4 0.0
2 1026.61538462 0.0 58.4 81.4 4.2 0.0
2 975.642857143 2.0 60.6 58.2 2.0 0.0
0 226.0 0.0 63.0 66.2 7.2 0.0
3 7731.5 0.0 50.0 84.0 3.0 0.0
3 447.4 0.0 60.8 67.4 6.6 0.0
2 426.0 0.0 57.0 57.0 13.0 0.0
1 407.666666667 0.0 57.2 74.2 7.8 0.19
1 592.866666667 0.0 60.8 67.4 6.6 0.0
1 328.833333333 3.0 48.2 69.2 1.0 0.0
0 564.0 2.0 61.4 61.0 3.6 0.0
3 325.75 0.0 60.4 70.4 2.0 0.0
2 1227.93333333 0.0 59.2 68.6 8.2 0.02
0 362.5 0.0 60.0 74.0 9.6 0.0
1 752.333333333 2.0 56.0 72.0 9.0 0.0
1 4365.28571429 0.0 53.4 81.8 4.6 0.004
2 515.5 0.0 57.6 82.4 11.0 0.104
2 491.4 0.0 62.8 67.0 3.4 0.0
0 363.5 1.0 61.0 78.0 11.0 0.0
3 412.0 0.0 64.8 68.8 7.6 0.0
1 498.833333333 0.0 56.8 79.6 10.8 0.544
3 617.25 1.0 69.2 68.4 6.2 0.0
2 623.4 0.0 64.8 46.8 8.4 0.0
0 412.0 2.0 57.6 66.8 2.0 0.0
1 486.176470588 0.0 59.4 77.0 4.6 0.0
2 749.5 1.0 68.8 70.2 7.2 0.0
2 463.272727273 0.0 62.4 55.4 5.8 0.0
2 801.461538462 0.0 51.2 68.6 5.8 0.0
3 354.75 0.0 60.8 74.8 3.2 0.0
0 467.0 0.0 58.0 68.0 9.0 0.0
3 519.375 1.0 69.0 73.0 6.8 0.0
1 2512.75 0.0 62.2 68.4 5.6 0.0
1 473.0 0.0 53.8 76.8 3.4 0.0
2 481.0 0.0 57.0 74.4 5.6 0.0
1 482.357142857 1.0 65.2 65.6 9.8 0.0
3 433.25 2.0 54.8 63.2 2.4 0.0
2 1269.0 0.0 58.6 71.0 8.6 0.0
3 299.0 1.0 62.2 65.6 6.4 0.0
3 396.333333333 0.0 58.2 65.2 4.4 0.0
3 499.0 0.0 60.6 79.8 5.0 0.0
1 496.19047619 2.0 60.4 64.8 5.6 0.0
3 670.0 0.0 57.2 59.0 3.4 0.0
1 439.555555556 2.0 60.0 86.0 7.0 0.2
0 502.0 2.0 68.6 73.6 6.2 0.0
2 1640.66666667 0.0 62.0 63.4 4.6 0.0
2 529.666666667 2.0 59.2 62.4 4.2 0.0
3 8676.2 0.0 49.6 73.2 3.0 0.0
1 636.333333333 1.0 68.0 71.2 8.4 0.0
2 406.4 0.0 58.0 78.2 4.4 0.0
1 659.0 2.0 60.0 66.0 7.0 0.0
3 495.166666667 1.0 64.2 70.6 8.0 0.0
3 551.666666667 1.0 68.8 70.2 7.2 0.0
0 101.0 2.0 62.0 61.6 2.2 0.0
3 419.5 1.0 72.4 64.6 6.6 0.0
3 596.0 2.0 72.0 57.2 3.6 0.0
3 301.5 3.0 49.6 70.2 3.2 0.0
3 500.0 2.0 68.0 68.0 9.0 0.0
3 543.142857143 0.0 64.8 46.8 8.4 0.0
2 1302.0 0.0 45.8 74.0 2.4 0.0
0 596.0 0.0 61.6 69.6 5.8 0.0
3 523.875 0.0 54.6 52.0 3.4 0.0
2 832.75 2.0 65.6 70.6 4.8 0.0
3 538.5 2.0 62.0 46.6 8.4 0.0
2 999.941176471 2.0 55.4 66.0 6.0 0.0
1 441.533333333 0.0 57.0 74.4 5.6 0.0
0 449.75 1.0 60.0 73.0 10.0 0.0
3 339.666666667 1.0 64.2 69.0 7.8 0.0
3 535.5 0.0 62.8 65.8 9.0 0.0
3 1129.5 0.0 60.0 66.4 7.4 0.0
0 1239.0 2.0 67.8 68.6 4.0 0.0
3 316.0 0.0 58.0 83.0 15.0 0.99
0 452.0 0.0 57.6 55.8 14.2 0.0
1 444.428571429 0.0 58.0 68.4 9.0 0.0
3 402.0 3.0 53.0 80.4 6.0 0.104
2 525.818181818 0.0 59.8 69.0 9.0 0.0
2 946.666666667 2.0 55.4 68.0 3.6 0.0
0 365.0 0.0 63.0 57.2 7.8 0.0
1 634.555555556 2.0 71.4 65.6 5.8 0.0
3 588.0 0.0 56.0 80.0 6.0 0.0
2 745.2 0.0 54.2 54.4 3.0 0.0
1 3005.28571429 1.0 62.2 65.6 6.4 0.0
2 721.0 2.0 53.0 72.2 2.0 0.0
3 428.5 3.0 60.0 87.0 5.0 0.01
3 553.0 3.0 52.8 78.2 5.0 0.0
1 429.0 0.0 62.0 64.0 16.0 0.0
2 1084.16666667 0.0 58.6 57.6 3.4 0.0
0 333.0 1.0 72.6 70.4 7.2 0.0
2 842.8 0.0 47.6 69.0 2.0 0.0
3 351.0 2.0 56.8 88.4 5.4 0.348
3 7000.14285714 2.0 62.0 59.0 10.0 0.0
2 1758.28571429 0.0 56.0 65.6 5.8 0.014
3 460.111111111 1.0 64.4 66.2 7.8 0.0
1 56124.3333333 0.0 68.6 59.6 3.6 0.0
1 482.166666667 0.0 59.8 65.2 3.4 0.0
3 433.25 0.0 52.8 70.2 6.6 0.008
2 447.3125 2.0 63.0 72.0 8.0 0.0
0 483.5 2.0 69.8 67.6 6.6 0.0
0 680.0 0.0 57.0 55.4 3.2 0.0
1 2889.125 0.0 60.4 70.4 2.0 0.0
3 374.0 0.0 55.2 76.8 8.4 0.22
3 435.0 2.0 55.2 52.2 3.6 0.0
0 917.0 2.0 61.4 68.4 4.2 0.0
1 1781.75 1.0 70.0 73.2 9.0 0.0
3 580.25 2.0 67.0 40.0 5.0 0.0
1 2107.47619048 2.0 68.2 75.2 5.8 0.0
1 429.583333333 1.0 69.4 72.2 6.4 0.0
3 420.5 0.0 53.4 81.8 4.6 0.004
2 1237.9375 0.0 61.6 69.6 5.8 0.0
1 424.2 1.0 67.6 72.0 7.6 0.0
1 675.8 0.0 50.2 91.2 2.2 0.0
0 1258.0 1.0 72.4 64.6 6.6 0.0
2 3257.8 0.0 57.8 67.0 3.6 0.0
1 1717.9 2.0 62.0 64.2 3.4 0.0
1 1638.66666667 1.0 65.0 73.0 10.0 0.0
0 256.0 2.0 60.6 63.0 4.2 0.0
2 1154.0 3.0 51.4 61.8 1.2 0.0
0 179.0 0.0 62.0 63.0 10.0 0.03
3 417.142857143 0.0 56.0 65.6 5.8 0.014
0 488.0 0.0 66.4 57.6 5.6 0.0
1 755.583333333 2.0 57.8 36.0 6.0 0.0
3 632.5 1.0 68.2 68.8 8.0 0.0
2 1372.0 2.0 59.0 80.0 10.0 0.26
2 523.555555556 3.0 61.6 80.6 4.6 0.006
2 457.857142857 0.0 52.0 61.0 2.0 0.0
3 357.25 0.0 61.6 64.8 8.2 0.004
2 474.75 2.0 68.6 56.8 5.0 0.0
3 372.75 0.0 57.6 55.8 14.2 0.0
1 595.5 2.0 64.2 43.4 3.2 0.0
1 370.666666667 0.0 57.8 75.4 10.6 0.762
2 734.789473684 1.0 69.0 73.0 6.8 0.0
1 348.333333333 1.0 65.0 63.2 6.2 0.0
1 786.166666667 0.0 61.4 69.6 5.2 0.0
0 421.333333333 0.0 57.4 53.0 6.2 0.0
2 495.071428571 2.0 65.4 70.0 6.8 0.0
1 1630.77777778 1.0 71.0 68.0 6.2 0.0
2 487.909090909 0.0 55.6 80.4 5.4 0.082
1 3282.53846154 2.0 55.4 68.6 3.6 0.0
0 874.5 1.0 70.6 67.2 7.0 0.0
3 406.666666667 1.0 70.0 73.2 9.0 0.0
1 441.0 0.0 59.2 60.6 9.4 0.0
0 1187.5 2.0 57.0 50.0 6.0 0.0
0 464.0 0.0 54.6 52.0 3.4 0.0
1 482.0 0.0 59.6 70.2 7.8 0.004
2 401.125 0.0 58.2 73.4 1.8 0.0
3 410.0 0.0 64.2 44.2 9.0 0.0
3 458.4 2.0 66.0 73.0 8.0 0.0
1 501.8 2.0 60.0 73.6 3.2 0.0
0 295.0 0.0 63.8 72.2 7.8 0.0
1 205.0 0.0 59.0 66.8 7.6 0.0
0 2628.0 0.0 55.2 76.8 8.4 0.22
2 738.714285714 0.0 52.8 65.8 4.4 0.0
0 728.0 1.0 68.6 70.2 8.2 0.0
3 424.0 2.0 68.6 73.6 6.2 0.0
0 471.0 2.0 69.2 53.0 4.8 0.0
1 402.1 0.0 53.6 82.6 3.0 0.0
3 453.5 0.0 56.8 79.6 10.8 0.544
1 493.454545455 2.0 65.6 75.0 8.0 0.0
2 464.428571429 0.0 70.0 48.0 5.2 0.0
3 435.5 0.0 58.4 63.4 8.4 0.0
2 470.545454545 2.0 64.0 73.0 5.0 0.0
3 598.666666667 2.0 62.6 71.4 6.2 0.002
2 679.2 0.0 51.2 61.6 0.8 0.0
3 578.333333333 2.0 63.2 68.8 8.8 0.0
2 519.533333333 2.0 59.6 78.8 3.6 0.004
3 469.142857143 0.0 57.0 57.0 13.0 0.0
2 689.2 3.0 58.0 76.2 2.8 0.004
1 477.888888889 0.0 55.6 80.4 5.4 0.082
1 3709.9 0.0 66.4 59.8 4.0 0.0
3 506.25 1.0 61.0 70.0 14.0 0.0
2 816.6 2.0 55.4 68.6 3.6 0.0
3 655.75 2.0 70.0 66.8 7.2 0.0
0 286.0 0.0 61.4 71.8 6.4 0.012
1 897.533333333 2.0 58.6 78.4 4.2 0.0
3 38540.75 2.0 62.6 74.2 6.0 0.006
1 853.0 2.0 57.6 71.6 5.6 0.0
3 348.0 0.0 54.4 61.8 10.2 0.0
3 441.0 0.0 56.4 67.4 4.2 0.0
1 410.2 1.0 71.4 69.4 5.8 0.0
2 510.7 0.0 56.0 84.0 5.0 0.0
1 509.083333333 0.0 75.4 45.6 4.4 0.0
1 382.888888889 2.0 56.2 69.6 4.2 0.0
0 421.0 0.0 61.0 56.4 6.0 0.0
1 1537.23076923 2.0 67.4 74.0 6.8 0.0
1 311.444444444 0.0 61.6 77.2 18.0 0.696
2 2594.25 0.0 60.0 78.0 9.0 0.02
2 3096.85714286 0.0 52.6 66.8 2.6 0.0
3 537.0 0.0 59.0 69.0 12.0 0.0
2 485.25 0.0 57.6 55.8 14.2 0.0
1 2060.4 0.0 59.2 68.6 8.2 0.02
3 371.0 0.0 58.2 71.2 8.6 0.0
0 575.0 2.0 61.0 79.0 2.0 0.0
0 478.0 1.0 69.4 72.2 6.4 0.0
3 793.857142857 2.0 64.0 73.6 6.2 0.0
1 974.409090909 0.0 60.0 69.2 13.0 0.0
2 456.0 0.0 55.6 85.8 5.0 0.006
2 1649.22222222 0.0 61.0 69.0 16.0 0.0
1 736.0 2.0 61.0 80.0 8.0 0.32
1 1798.4375 0.0 62.4 71.8 6.0 0.056
0 334.0 0.0 60.4 60.0 12.8 0.0
2 562.571428571 1.0 69.4 72.2 6.4 0.0
3 546.333333333 1.0 63.2 70.4 9.6 0.0
1 2559.90909091 0.0 64.8 68.8 7.6 0.0
3 303.333333333 2.0 69.2 53.0 4.8 0.0
3 513.857142857 2.0 69.8 54.2 4.2 0.0
0 319.0 2.0 57.0 76.0 4.4 0.0
0 377.0 2.0 65.0 70.0 9.0 0.0
1 14528.6666667 0.0 60.0 68.0 8.0 0.0
3 806.333333333 1.0 73.0 63.0 7.0 0.0
2 598.0 0.0 59.4 77.0 4.6 0.0
2 457.444444444 3.0 50.0 66.6 8.4 0.0
1 418.571428571 0.0 49.2 58.0 1.6 0.0
3 387.0 3.0 50.6 72.8 4.2 0.0
1 505.222222222 0.0 67.8 42.8 4.8 0.0
1 408.166666667 0.0 52.4 81.0 2.6 0.0
1 559.388888889 2.0 61.8 69.2 3.4 0.0
1 358.4 0.0 54.6 80.0 2.4 0.0
3 458.5 2.0 65.6 70.6 4.8 0.0
3 320.0 0.0 63.0 66.2 7.2 0.0
2 471.75 3.0 51.4 60.0 1.0 0.0
3 385.0 1.0 72.6 66.6 7.4 0.0
2 555.5 0.0 55.4 89.2 2.6 0.0
1 459.230769231 2.0 67.8 68.6 4.0 0.0
2 2389.0 0.0 56.6 57.2 7.0 0.0
3 622.0 0.0 57.4 53.0 6.2 0.0
3 484.4 0.0 62.4 71.8 6.0 0.056
2 530.9375 1.0 67.8 73.0 7.2 0.0
1 469.545454545 1.0 67.8 72.0 8.6 0.0
3 474.0 1.0 64.0 53.4 7.2 0.0
2 3274.71428571 2.0 65.8 68.8 5.6 0.0
1 1301.5 2.0 57.4 72.2 3.0 0.0
3 434.666666667 0.0 60.2 70.0 6.6 0.0
2 812.777777778 0.0 57.6 65.4 6.0 0.0
3 441.25 3.0 59.0 83.0 2.0 0.0
0 892.0 0.0 67.0 55.0 6.0 0.0
0 452.5 0.0 65.4 49.4 6.4 0.0
0 549.666666667 0.0 57.6 65.4 6.0 0.0
3 385.25 2.0 66.8 70.0 6.8 0.0
1 563.888888889 0.0 57.8 78.6 3.6 0.0
1 535.9375 2.0 61.4 68.4 4.2 0.0
3 752.666666667 0.0 50.8 80.8 2.8 0.0
0 373.5 0.0 56.0 53.4 8.0 0.0
3 531.333333333 2.0 61.8 69.2 3.4 0.0
3 442.666666667 2.0 62.0 64.0 20.0 0.0
1 490.777777778 0.0 53.8 57.0 3.0 0.0
2 461.0 0.0 75.4 45.6 4.4 0.0
1 5063.66666667 0.0 58.2 57.0 3.0 0.0
3 454.125 2.0 51.6 69.0 1.4 0.0
3 406.6 0.0 61.6 69.6 5.8 0.0
1 454.125 0.0 54.0 72.0 4.4 0.0
3 1022.0 2.0 57.8 36.0 6.0 0.0
2 524.25 0.0 53.6 70.2 3.0 0.0
2 792.5 0.0 73.0 42.8 5.2 0.0
1 362.2 1.0 72.6 70.4 7.2 0.0
3 343.714285714 0.0 58.8 75.6 6.4 0.004
0 1169.0 0.0 60.6 83.2 11.4 0.456
1 2990.2 0.0 63.6 70.6 8.0 0.0
3 608.0 0.0 47.4 70.4 4.6 0.022
0 291.5 0.0 58.0 65.0 6.0 0.0
1 2751.25 0.0 64.0 61.2 11.6 0.0
3 794.142857143 2.0 57.6 71.6 5.6 0.0
1 381.5 0.0 55.8 76.6 2.2 0.0
1 704.0 2.0 64.6 73.0 4.4 0.0
0 499.0 0.0 52.2 52.8 1.8 0.0
0 449.0 2.0 58.8 46.6 3.0 0.0
3 598.714285714 2.0 69.6 68.8 4.8 0.0
0 663.0 2.0 65.4 73.2 5.2 0.0
3 500.0 1.0 70.6 67.2 7.0 0.0
3 478.5 3.0 60.0 83.4 4.4 0.018
1 359.625 3.0 48.0 43.6 2.4 0.0
0 456.0 0.0 62.2 64.0 11.6 0.0
3 197.0 2.0 55.4 68.0 3.6 0.0
2 3507.6 2.0 55.2 76.6 2.6 0.0
1 422.181818182 1.0 68.4 65.0 6.0 0.0
2 462.7 0.0 60.2 76.8 6.4 0.0
0 282.5 3.0 48.8 71.8 3.8 0.0
3 461.714285714 0.0 57.8 68.0 9.0 0.0
1 473.5 2.0 54.8 63.2 2.4 0.0
1 477.0 0.0 48.0 41.0 7.0 0.0
2 518.583333333 0.0 60.4 70.4 2.0 0.0
2 696.833333333 3.0 39.2 60.2 4.6 0.0
3 440.857142857 1.0 64.0 72.0 11.0 0.0
2 430.0 2.0 65.6 74.6 4.4 0.0
3 621.8 1.0 67.0 73.0 12.0 0.0
1 548.571428571 0.0 61.8 48.6 4.6 0.0
0 396.5 0.0 60.8 74.8 3.2 0.0
1 486.928571429 2.0 67.6 59.4 5.4 0.0
2 671.428571429 2.0 65.4 73.2 5.2 0.0
1 417.2 2.0 66.0 67.0 7.0 0.0
0 366.5 0.0 54.6 60.6 3.4 0.0
3 336.2 0.0 53.0 83.0 2.6 0.0
1 430.0 2.0 56.8 83.0 4.4 0.272
1 2611.72222222 0.0 67.2 36.4 7.4 0.0
3 416.166666667 0.0 58.0 65.8 7.8 0.0
0 453.0 2.0 74.6 41.8 3.4 0.0
0 288.0 2.0 64.6 73.0 4.4 0.0
2 474.461538462 0.0 57.0 72.0 13.0 0.0
2 476.222222222 1.0 68.0 71.2 8.4 0.0
1 527.555555556 0.0 65.4 31.2 10.6 0.0
1 28605.7777778 0.0 56.6 57.2 7.0 0.0
