3 164816.0 0.0 57.8 75.4 10.6 0.762
3 334.0 0.0 54.0 35.0 7.0 0.0
1 523.2 0.0 63.0 68.0 4.8 0.0
2 3360.57142857 2.0 66.0 67.0 7.0 0.0
3 714.333333333 0.0 57.4 67.2 5.6 0.0
3 756.5 0.0 67.4 59.0 6.8 0.0
2 4060.375 0.0 55.8 81.4 3.4 0.006
1 553.333333333 3.0 58.0 83.0 2.2 0.004
1 476.8 3.0 57.6 81.4 2.0 0.014
1 1555.75 3.0 50.4 63.0 1.8 0.0
3 570.0 1.0 65.0 70.0 5.8 0.0
3 517.0 2.0 53.2 73.8 3.0 0.0
1 1790.3 2.0 65.4 70.0 6.8 0.0
1 548.055555556 2.0 54.8 53.8 4.8 0.0
0 511.333333333 0.0 65.4 31.2 10.6 0.0
0 210.333333333 0.0 59.8 69.0 9.0 0.0
3 376.666666667 0.0 51.8 84.6 2.0 0.004
0 994.333333333 2.0 62.0 64.2 3.4 0.0
0 227.333333333 2.0 62.6 74.2 6.0 0.006
2 1254.5 2.0 62.8 50.8 6.4 0.0
1 2982.5 3.0 52.6 46.0 2.0 0.0
3 609.333333333 0.0 58.0 45.0 2.0 0.0
3 758.0 0.0 60.4 55.0 10.6 0.0
0 302.0 3.0 58.0 76.2 2.8 0.004
0 343.0 2.0 72.2 70.0 7.6 0.0
1 619.083333333 2.0 69.2 70.4 5.0 0.0
3 488.5 3.0 40.2 49.2 4.2 0.0
0 1036.5 2.0 65.6 75.0 8.0 0.0
0 581.0 0.0 60.0 74.0 9.6 0.0
2 520.75 0.0 62.4 66.2 5.8 0.0
3 786.0 2.0 55.4 68.6 3.6 0.0
3 493.5 2.0 66.0 67.0 7.0 0.0
2 394.0 3.0 60.6 76.8 3.6 0.002
2 795.0 2.0 62.8 51.0 3.2 0.0
0 639.25 3.0 46.2 70.8 2.2 0.0
3 561.5 0.0 48.8 70.8 5.8 0.0
1 917.0 0.0 62.0 62.2 5.6 0.0
1 523.866666667 1.0 71.2 70.2 9.0 0.0
2 469.333333333 1.0 68.0 67.0 10.0 0.0
1 512.571428571 2.0 60.8 58.6 3.2 0.0
0 655.666666667 2.0 63.0 60.2 6.4 0.0
3 469.0 0.0 60.0 68.0 7.0 0.0
1 751.636363636 2.0 65.4 73.2 5.2 0.0
1 548.6 3.0 51.4 60.0 1.0 0.0
1 532.666666667 0.0 53.0 81.0 3.0 0.0
1 470.866666667 2.0 65.8 68.8 5.6 0.0
2 969.0 3.0 53.2 82.6 12.2 0.564
0 939.714285714 2.0 71.6 65.2 6.4 0.0
1 673.0 1.0 65.6 72.4 6.8 0.0
1 5119.66666667 2.0 76.2 52.8 4.2 0.0
1 991.833333333 2.0 71.8 53.2 3.8 0.0
3 530.0 2.0 60.0 72.0 8.0 0.0
2 4565.0 2.0 70.6 73.4 6.6 0.002
2 3484.46666667 2.0 70.0 66.8 7.2 0.0
0 416.5 2.0 70.6 73.4 6.6 0.002
2 715.428571429 0.0 58.4 81.4 4.2 0.0
0 499.333333333 0.0 53.8 76.8 3.4 0.0
3 620.0 0.0 73.0 53.0 5.0 0.0
3 734.0 3.0 44.4 59.4 1.4 0.0
2 371.0 0.0 60.8 68.2 6.8 0.0
3 424.5 0.0 53.8 57.8 9.0 0.0
2 325.0 0.0 67.8 60.8 6.6 0.0
3 758.0 0.0 56.0 77.0 9.0 0.0
1 3213.0 0.0 62.8 65.8 9.0 0.0
1 530.533333333 1.0 66.4 65.0 9.0 0.0
1 2520.7 3.0 57.8 82.0 3.2 0.0
1 509.666666667 0.0 55.4 68.6 7.4 0.008
3 312.0 3.0 51.4 61.8 1.2 0.0
3 750.833333333 0.0 53.0 54.6 1.4 0.0
0 599.0 0.0 61.6 64.8 8.2 0.004
1 487.666666667 2.0 58.6 81.0 6.6 0.226
0 573.666666667 0.0 57.6 55.8 14.2 0.0
3 365.5 2.0 68.6 56.8 5.0 0.0
1 435.909090909 2.0 57.8 77.2 3.4 0.0
3 622.0 2.0 61.8 59.2 5.2 0.0
3 632.0 0.0 57.0 80.0 15.0 0.43
2 4741.0 1.0 68.0 71.2 8.4 0.0
1 891.142857143 0.0 60.2 72.8 2.4 0.0
3 545.0 0.0 51.2 78.0 9.0 0.302
1 599.625 0.0 69.4 63.8 5.0 0.0
1 496.153846154 0.0 53.8 57.0 3.0 0.0
3 605.666666667 0.0 51.0 60.8 1.8 0.0
3 617.5 0.0 63.8 72.2 7.8 0.0
1 1149.17647059 2.0 69.6 68.8 4.8 0.0
2 1443.125 2.0 65.6 75.0 8.0 0.0
1 442.666666667 3.0 60.0 83.4 4.4 0.018
2 508.666666667 0.0 55.6 80.4 5.4 0.082
2 2682.22222222 0.0 56.0 66.6 5.4 0.022
2 546.8 3.0 43.2 51.0 3.4 0.0
1 993.357142857 2.0 53.2 73.8 3.0 0.0
0 226.0 0.0 62.0 63.4 4.6 0.0
0 804.0 2.0 59.8 80.6 8.6 0.056
1 1777.33333333 0.0 55.4 89.2 2.6 0.0
1 693.538461538 2.0 60.6 58.2 2.0 0.0
3 167.0 3.0 60.0 92.0 6.0 0.09
2 678.333333333 0.0 59.6 71.6 7.0 0.0
1 639.0 0.0 56.8 54.4 1.8 0.0
2 654.857142857 0.0 58.4 50.0 4.4 0.0
2 1704.5 2.0 55.2 52.2 3.6 0.0
0 427.6 0.0 56.8 69.0 8.6 0.0
2 1133.25 0.0 56.0 84.6 5.2 0.0
1 580.285714286 0.0 56.6 71.0 8.2 0.01
1 533.5 1.0 65.6 71.4 9.4 0.0
0 691.333333333 0.0 52.2 52.8 1.8 0.0
2 491.0 0.0 58.4 71.0 2.2 0.0
0 263.0 3.0 60.8 84.2 10.8 0.93
1 3466.7 2.0 70.8 74.0 7.4 0.0
0 252.0 0.0 75.4 35.6 5.2 0.0
2 897.666666667 1.0 70.0 67.0 11.0 0.0
3 1308.33333333 3.0 50.6 72.8 4.2 0.0
2 681.857142857 1.0 64.2 70.6 8.0 0.0
0 227.0 1.0 69.0 73.0 6.8 0.0
3 9470.75 1.0 63.0 79.0 13.0 0.0
2 426.5 1.0 69.6 66.0 7.0 0.0
1 579.9375 1.0 64.8 74.6 8.4 0.0
2 809.75 0.0 59.0 66.8 7.6 0.0
0 208.666666667 0.0 52.8 70.0 1.8 0.0
1 600.5 0.0 55.0 81.0 8.0 0.0
3 807.0 1.0 69.2 68.4 6.2 0.0
2 806.166666667 1.0 64.2 69.0 7.8 0.0
3 630.0 0.0 56.6 71.0 8.2 0.01
0 564.0 2.0 62.8 61.0 6.2 0.0
2 590.666666667 0.0 60.4 60.0 12.8 0.0
2 578.777777778 0.0 68.0 68.0 8.0 0.0
3 861.5 2.0 61.4 61.0 3.6 0.0
2 1445.5 0.0 62.8 65.8 9.0 0.0
3 800.0 2.0 64.6 79.4 5.4 0.0
3 591.0 2.0 72.2 70.0 7.6 0.0
0 515.166666667 1.0 68.0 66.0 10.0 0.0
3 979.0 0.0 57.8 67.0 3.6 0.0
3 550.5 0.0 75.0 43.0 6.0 0.0
2 48256.6666667 1.0 60.0 67.0 12.0 0.0
2 3961.8 0.0 59.8 69.0 6.0 0.214
1 505.333333333 0.0 55.6 81.2 3.2 0.0
0 609.4 0.0 62.2 60.0 5.8 0.0
1 5820.18181818 0.0 58.0 69.0 9.0 0.0
0 380.0 1.0 70.6 60.2 6.2 0.0
2 654.444444444 3.0 61.6 80.6 4.6 0.006
1 2074.29411765 0.0 75.4 35.6 5.2 0.0
2 1252.0 0.0 54.0 67.0 11.0 0.0
2 614.4 0.0 53.8 57.0 3.0 0.0
2 2953.5 3.0 52.2 66.4 1.2 0.0
1 4587.66666667 2.0 70.0 66.8 7.2 0.0
0 3394.0 2.0 61.8 69.2 3.4 0.0
3 489.0 2.0 53.4 63.6 3.2 0.0
3 556.5 2.0 57.6 66.8 2.0 0.0
3 314.0 2.0 55.2 69.8 1.6 0.0
3 613.5 0.0 59.2 60.6 9.4 0.0
0 455.5 2.0 68.6 64.0 5.8 0.0
1 571.375 1.0 68.0 53.0 7.0 0.0
3 387.666666667 0.0 61.0 65.2 7.0 0.002
1 691.8 0.0 57.0 80.0 15.0 0.43
1 518.714285714 3.0 51.4 61.8 1.2 0.0
1 497.5 2.0 57.4 81.8 4.0 0.0
3 723.0 0.0 60.2 60.6 9.2 0.0
3 471.0 0.0 58.0 78.2 4.4 0.0
0 223.0 0.0 59.0 84.0 4.0 0.0
3 2285.28571429 2.0 63.4 62.4 4.0 0.0
3 649.333333333 1.0 75.2 63.0 6.4 0.0
0 1306.5 2.0 67.2 71.2 7.2 0.0
3 581.833333333 1.0 68.6 68.4 7.0 0.0
3 20649.0 0.0 50.8 48.6 1.8 0.0
3 962.714285714 0.0 54.0 75.0 6.0 0.0
0 260.5 0.0 63.0 57.2 7.8 0.0
2 593.5 0.0 52.6 66.8 2.6 0.0
2 659.75 0.0 54.6 80.0 2.4 0.0
2 1851.6 0.0 60.6 58.2 6.8 0.0
0 109.0 2.0 69.6 68.4 7.0 0.0
2 680.666666667 2.0 62.0 64.2 3.4 0.0
0 508.5 1.0 69.6 66.0 7.0 0.0
3 395.0 0.0 58.4 81.6 3.2 0.0
0 827.5 2.0 53.0 69.2 1.0 0.0
1 3265.57142857 1.0 69.4 72.2 6.4 0.0
2 1080.41666667 0.0 65.6 60.0 4.0 0.0
3 404.0 2.0 65.8 66.2 4.6 0.0
0 711.0 2.0 64.0 73.6 6.2 0.0
1 544.0 2.0 53.0 72.2 2.0 0.0
0 367.0 0.0 56.0 61.0 8.0 0.0
3 1060.33333333 2.0 60.0 60.0 8.0 0.0
0 122.0 2.0 63.2 68.8 8.8 0.0
2 755.5 2.0 53.8 70.8 1.2 0.0
0 419.25 0.0 57.8 78.6 3.6 0.0
2 817.4 2.0 56.2 61.6 3.8 0.002
1 568.4375 0.0 58.0 65.8 7.8 0.0
1 600.0 3.0 57.0 80.0 14.0 3.12
3 628.0 2.0 60.8 58.6 3.2 0.0
1 565.416666667 0.0 70.0 48.0 5.2 0.0
2 438.0 0.0 57.8 75.4 10.6 0.762
3 776.5 0.0 62.0 62.2 5.6 0.0
0 255.5 1.0 65.2 63.8 10.2 0.0
0 518.0 2.0 55.6 64.6 6.4 0.002
3 805.0 1.0 66.8 72.4 7.2 0.0
1 644.739130435 1.0 67.6 72.0 7.6 0.0
3 567.25 0.0 57.0 74.4 5.6 0.0
3 435.0 0.0 57.8 73.4 11.2 0.178
2 434.75 2.0 58.2 70.0 4.0 0.0
3 603.0 0.0 64.0 68.6 5.0 0.0
2 651.0 0.0 57.2 74.2 7.8 0.19
2 4198.25 3.0 42.0 53.0 10.0 0.0
3 740.0 0.0 60.0 66.4 7.4 0.0
2 780.333333333 3.0 40.6 50.8 2.2 0.0
2 517.0 3.0 58.2 86.0 7.0 0.94
1 5418.33333333 0.0 62.0 65.4 9.4 0.0
1 759.285714286 0.0 53.4 70.4 7.4 0.0
3 398.0 2.0 60.6 63.0 4.2 0.0
2 1161.83333333 0.0 65.2 58.0 5.2 0.0
2 367.0 2.0 63.4 62.4 4.0 0.0
2 5945.66666667 3.0 53.2 73.2 4.8 0.078
2 648.857142857 0.0 57.4 53.0 6.2 0.0
0 467.4 1.0 70.6 65.4 8.0 0.002
3 608.5 2.0 62.0 61.6 2.2 0.0
0 221.0 1.0 66.8 72.4 7.2 0.0
2 342.5 2.0 71.6 43.0 3.6 0.0
2 546.5 0.0 57.4 60.6 4.4 0.0
2 468.5 0.0 57.0 74.4 5.6 0.0
0 469.0 0.0 60.6 79.8 5.0 0.0
1 447.2 0.0 57.2 74.2 7.8 0.19
1 609.391304348 2.0 59.6 78.8 3.6 0.004
0 503.666666667 0.0 61.8 48.6 4.6 0.0
2 9005.9 3.0 51.4 63.4 1.2 0.0
1 761.944444444 0.0 58.2 57.0 3.0 0.0
1 614.523809524 1.0 68.0 70.4 8.0 0.0
0 557.5 0.0 55.6 61.4 3.8 0.0
1 583.647058824 2.0 65.4 46.8 3.6 0.0
1 2218.08333333 1.0 72.6 70.4 7.2 0.0
0 889.0 2.0 56.4 79.2 4.6 0.208
2 1583.57142857 1.0 65.6 57.4 6.6 0.0
0 607.166666667 0.0 55.4 72.6 2.8 0.0
1 533.8 2.0 57.6 65.8 9.6 0.0
1 337.0 0.0 49.0 75.8 8.0 0.22
2 921.555555556 2.0 62.0 77.0 16.0 0.0
2 735.0 2.0 68.0 65.8 9.0 0.0
0 243.5 3.0 59.8 81.2 3.0 0.028
3 304.0 2.0 57.0 75.2 5.8 0.01
1 834.4 2.0 60.6 63.0 4.2 0.0
2 811.333333333 0.0 50.6 85.6 7.2 0.458
2 1814.27272727 2.0 62.0 60.2 11.8 0.0
2 862.75 2.0 67.6 59.4 5.4 0.0
1 663.9 3.0 48.2 69.2 1.0 0.0
1 574.117647059 0.0 60.8 67.4 6.6 0.0
1 452.333333333 2.0 66.8 70.6 6.2 0.0
0 227.333333333 1.0 65.6 57.4 6.6 0.0
3 844.0 0.0 60.6 85.0 4.2 0.004
3 477.0 2.0 66.0 69.0 9.0 0.0
2 2566.8 0.0 53.0 58.0 1.0 0.0
3 615.0 0.0 58.0 75.0 7.0 0.0
2 446.333333333 0.0 57.0 57.0 13.0 0.0
3 800.75 3.0 48.2 69.2 1.0 0.0
1 372.5 3.0 53.2 73.2 4.8 0.078
3 619.0 1.0 64.0 53.4 7.2 0.0
0 430.0 2.0 57.0 73.0 13.0 0.0
3 957.0 2.0 68.0 72.0 19.0 0.0
2 469.666666667 0.0 55.6 85.8 5.0 0.006
0 297.0 0.0 57.6 67.8 5.2 0.0
3 1371.5 0.0 68.6 59.6 3.6 0.0
2 1463.75 3.0 48.8 71.8 3.8 0.0
2 2199.5 2.0 56.0 85.8 3.4 0.184
3 425.0 0.0 58.6 57.6 3.4 0.0
2 328.5 1.0 66.6 73.2 7.4 0.0
0 709.333333333 0.0 56.4 45.6 2.4 0.0
3 485.0 2.0 68.6 64.0 5.8 0.0
0 52062.0 2.0 57.6 66.8 2.0 0.0
1 683.466666667 3.0 48.0 43.6 2.4 0.0
2 585.25 1.0 68.0 69.0 9.0 0.0
0 850.166666667 1.0 66.4 74.8 8.0 0.0
2 677.0 0.0 55.0 78.0 6.0 0.0
1 815.857142857 0.0 59.4 77.0 4.6 0.0
0 610.666666667 3.0 43.6 65.4 5.4 0.122
0 362.0 2.0 63.4 76.6 6.2 0.35
2 1112.66666667 1.0 67.2 67.6 9.0 0.0
1 432.0 0.0 59.6 82.4 7.8 0.09
2 1705.0 1.0 68.0 66.8 7.8 0.0
0 742.333333333 2.0 61.2 59.0 3.6 0.032
0 378.0 1.0 64.8 65.8 7.2 0.0
0 384.333333333 0.0 60.2 76.8 6.4 0.0
2 398.5 0.0 48.2 76.0 1.6 0.0
1 617.0 0.0 53.4 81.8 4.6 0.004
3 520.0 0.0 59.6 70.2 7.8 0.004
1 587.583333333 0.0 54.0 70.0 4.0 0.0
2 411.142857143 3.0 62.8 79.4 5.0 0.094
3 476.0 0.0 57.0 55.4 3.2 0.0
3 560.0 0.0 59.0 52.0 10.0 0.0
2 776.0 0.0 62.4 62.2 5.4 0.0
3 3123.5 0.0 66.0 61.0 8.0 0.0
0 445.0 2.0 63.6 79.6 5.0 0.0
3 409.5 2.0 64.2 43.4 3.2 0.0
2 1064.28571429 1.0 67.4 63.8 8.4 0.0
2 666.0 2.0 55.2 75.8 7.8 0.002
2 465.5 0.0 54.4 85.4 3.6 0.002
2 642.6 2.0 57.4 72.2 3.0 0.0
2 14935.7777778 0.0 60.2 72.0 11.0 0.092
1 511.111111111 0.0 62.0 72.0 11.0 0.0
2 964.142857143 2.0 57.8 36.0 6.0 0.0
2 1264.54545455 2.0 66.8 70.6 6.2 0.0
1 643.5 2.0 65.6 70.6 4.8 0.0
3 627.0 0.0 50.0 90.0 7.0 0.64
2 1767.33333333 2.0 69.6 68.4 7.0 0.0
0 236.0 3.0 55.8 80.6 9.4 0.114
2 501.333333333 0.0 58.4 65.8 3.2 0.0
2 394.0 2.0 53.6 72.4 4.6 0.0
1 365.75 2.0 59.2 73.8 4.2 0.0
2 996.75 0.0 44.6 45.4 3.8 0.0
1 648.545454545 2.0 67.8 68.6 4.0 0.0
2 1781.63636364 0.0 53.0 54.6 1.4 0.0
1 581.0 0.0 60.2 60.0 5.4 0.0
2 1183.0 0.0 46.4 37.2 6.2 0.0
3 759.5 3.0 51.4 60.0 1.0 0.0
3 188.0 0.0 49.0 72.0 2.0 0.0
0 465.8 0.0 59.4 66.8 7.6 0.0
2 3494.91666667 2.0 65.6 70.6 4.8 0.0
2 627.666666667 1.0 66.2 73.2 7.8 0.0
1 459.0 1.0 72.6 66.6 7.4 0.0
3 500.0 0.0 60.4 62.0 10.8 0.0
3 500.0 3.0 58.2 86.0 7.0 0.94
2 605.0 3.0 57.8 82.0 3.2 0.0
1 1820.94444444 0.0 60.4 78.8 7.2 0.0
1 6541.4 0.0 61.4 65.8 4.2 0.0
0 1001.0 2.0 65.0 64.6 9.6 0.0
2 720.6 1.0 67.6 71.8 6.0 0.0
3 907.0 1.0 67.0 73.0 9.0 0.0
3 538.666666667 0.0 63.0 57.2 7.8 0.0
0 738.5 0.0 52.0 74.2 2.6 0.0
2 607.0 2.0 55.4 68.0 3.6 0.0
1 525.863636364 2.0 65.2 42.4 2.4 0.0
3 857.0 2.0 64.0 49.0 5.0 0.0
0 837.0 0.0 57.0 68.0 8.0 0.01
1 710.538461538 2.0 64.8 64.6 2.4 0.0
2 529.571428571 2.0 66.0 64.0 9.6 0.0
2 530.5 2.0 66.4 71.8 6.0 0.0
1 616.666666667 1.0 62.0 56.0 7.0 0.0
3 3977.76923077 2.0 67.2 35.6 2.4 0.0
0 570.75 0.0 58.0 78.2 4.4 0.0
1 636.777777778 0.0 48.8 70.8 5.8 0.0
1 571.4 0.0 49.6 73.2 3.0 0.0
1 518.75 0.0 53.8 57.8 9.0 0.0
0 254.5 0.0 51.2 78.0 9.0 0.302
1 589.666666667 0.0 58.4 50.0 4.4 0.0
2 516.833333333 1.0 61.0 71.0 8.0 0.0
0 205.0 1.0 67.6 71.8 6.0 0.0
1 581.444444444 1.0 62.0 68.4 8.0 0.0
3 453.0 1.0 70.6 60.2 6.2 0.0
1 776.5 2.0 54.6 66.8 1.6 0.0
2 876.333333333 2.0 55.2 69.8 1.6 0.0
0 477.0 2.0 61.4 61.0 3.6 0.0
2 751.555555556 3.0 50.4 66.2 1.4 0.0
2 820.0 2.0 64.6 73.0 4.4 0.0
0 215.0 1.0 70.8 58.2 8.2 0.0
1 638.333333333 0.0 50.8 48.6 1.8 0.0
0 528.0 1.0 67.0 69.0 11.0 0.0
2 538.8 3.0 58.0 76.2 2.8 0.004
2 984.4 0.0 59.0 71.8 8.2 0.0
0 326.0 0.0 56.0 53.4 8.0 0.0
2 356.0 2.0 60.0 73.6 3.2 0.0
2 838.0 0.0 50.0 60.8 1.2 0.0
1 492.444444444 2.0 65.6 74.6 4.4 0.0
0 524.2 2.0 58.4 70.0 2.8 0.0
1 517.47826087 0.0 58.4 71.0 2.2 0.0
1 572.333333333 2.0 56.4 79.2 4.6 0.208
3 672.0 1.0 65.0 74.0 12.0 0.0
1 611.636363636 2.0 66.0 64.0 9.6 0.0
1 535.428571429 2.0 60.0 73.6 3.2 0.0
1 1121.25 0.0 53.0 64.2 7.4 0.028
0 727.333333333 3.0 50.6 72.8 4.2 0.0
0 401.0 0.0 52.4 81.0 2.6 0.0
1 656.9 0.0 53.2 52.8 2.0 0.0
3 608.0 0.0 50.0 87.0 3.0 0.0
0 438.333333333 2.0 58.2 70.0 4.0 0.0
3 587.0 2.0 58.4 70.0 2.8 0.0
2 365.5 2.0 67.8 68.6 4.0 0.0
0 8720.0 0.0 53.2 55.0 1.8 0.0
1 524.941176471 2.0 63.0 79.6 6.4 0.0
1 701.214285714 2.0 58.0 74.0 2.6 0.0
3 491.0 1.0 67.8 68.8 6.8 0.0
3 854.0 2.0 65.6 75.0 8.0 0.0
3 803.0 0.0 56.0 53.4 8.0 0.0
1 466.8 0.0 58.6 75.4 4.8 0.0
1 1008.0 0.0 44.6 45.4 3.8 0.0
2 2429.4 0.0 52.0 68.2 4.6 0.02
0 384.833333333 0.0 57.8 47.8 6.8 0.0
3 539.5 1.0 65.6 71.4 9.4 0.0
1 630.6875 0.0 53.4 52.6 2.2 0.0
1 593.333333333 0.0 58.0 65.0 6.0 0.0
3 900.571428571 1.0 70.8 58.2 8.2 0.0
0 261.0 0.0 59.6 70.2 7.8 0.004
0 410.25 0.0 50.0 75.2 4.8 0.0
3 391.0 2.0 61.2 59.0 3.6 0.032
3 902.5 0.0 67.0 49.6 6.0 0.0
1 548.823529412 2.0 70.2 64.4 4.2 0.0
1 2885.41176471 0.0 74.8 35.2 4.2 0.0
1 540.272727273 0.0 57.0 57.0 13.0 0.0
2 686.9 2.0 69.2 70.4 5.0 0.0
0 550.333333333 2.0 57.0 73.0 4.4 0.0
2 1040.0 0.0 46.4 51.4 13.6 0.0
2 511.0 0.0 53.4 85.8 3.0 0.0
3 26611.5555556 0.0 59.6 63.6 2.0 0.0
1 1387.36363636 2.0 63.8 75.4 8.2 0.0
3 318.0 0.0 56.4 45.6 2.4 0.0
3 653.0 1.0 67.0 69.0 11.0 0.0
1 554.470588235 1.0 66.2 73.2 7.8 0.0
1 605.8125 1.0 67.2 67.6 9.0 0.0
1 1142.41176471 0.0 55.4 74.8 4.8 0.0
3 885.0 0.0 64.0 61.2 11.6 0.0
1 7055.57142857 3.0 51.6 56.8 10.4 0.0
3 361.0 1.0 68.6 58.8 7.0 0.0
0 202.666666667 0.0 58.2 62.0 6.8 0.0
1 586.5 2.0 67.4 64.2 5.6 0.0
1 570.695652174 0.0 58.4 63.4 8.4 0.0
0 339.0 1.0 71.0 68.0 6.2 0.0
2 570.333333333 0.0 60.0 73.0 6.0 0.26
0 641.333333333 0.0 62.4 71.8 6.0 0.056
0 278.0 1.0 64.4 66.2 7.8 0.0
1 644.631578947 0.0 47.6 69.0 2.0 0.0
3 454.5 2.0 59.8 85.6 5.8 0.194
3 495.5 2.0 71.6 65.2 6.4 0.0
2 521.272727273 0.0 59.4 64.2 8.6 0.0
1 709.25 1.0 66.6 73.2 7.4 0.0
1 511.428571429 0.0 60.2 70.0 6.6 0.0
1 586.333333333 0.0 60.2 72.0 11.0 0.092
2 497.666666667 3.0 56.0 74.6 6.2 0.0
2 462.0 0.0 57.4 81.4 8.6 0.296
1 697.428571429 2.0 55.2 75.8 7.8 0.002
2 1291.2 1.0 67.6 66.8 6.2 0.0
3 606.0 2.0 60.4 64.8 5.6 0.0
2 1681.75 0.0 60.8 67.4 6.6 0.0
3 469.0 0.0 61.6 42.8 10.6 0.0
2 575.0 3.0 48.2 69.2 1.0 0.0
3 742.0 0.0 61.8 48.6 4.6 0.0
2 1341.6 1.0 69.2 68.4 6.2 0.0
1 616.0 0.0 54.6 60.6 3.4 0.0
3 6102.0 1.0 65.0 73.0 7.0 0.0
2 431.5 0.0 57.8 78.6 3.6 0.0
0 1189.0 2.0 53.8 70.8 1.2 0.0
1 435.833333333 0.0 57.4 53.0 6.2 0.0
1 515.894736842 3.0 41.0 60.2 1.2 0.0
0 575.0 2.0 62.0 61.6 2.2 0.0
2 506.833333333 0.0 73.0 42.8 5.2 0.0
2 3144.55555556 1.0 66.8 68.8 7.4 0.0
1 516.789473684 0.0 56.2 80.4 3.6 0.0
2 1137.0 3.0 50.4 63.0 1.8 0.0
3 312.0 2.0 65.4 76.0 6.2 0.32
3 430.0 3.0 39.2 60.2 4.6 0.0
1 570.631578947 2.0 66.0 67.0 7.0 0.0
3 617.0 2.0 62.6 74.2 6.0 0.006
2 1808.07692308 2.0 66.0 46.0 7.0 0.0
2 1005.83333333 0.0 50.8 71.8 4.6 0.0
1 473.5625 1.0 70.0 70.0 7.0 0.0
3 448.5 1.0 66.4 74.8 8.0 0.0
1 497.941176471 0.0 54.2 54.4 3.0 0.0
3 877.5 2.0 56.0 80.2 3.0 0.002
1 654.25 0.0 67.2 36.4 7.4 0.0
2 718.0 2.0 60.6 68.2 3.8 0.0
0 328.0 1.0 65.0 70.0 5.8 0.0
3 585.0 0.0 64.8 68.8 7.6 0.0
2 324.0 3.0 52.8 78.2 5.0 0.0
3 682.0 2.0 69.2 70.4 6.8 0.0
1 644.529411765 3.0 52.8 78.2 5.0 0.0
0 311.0 0.0 57.2 59.0 3.4 0.0
1 629.647058824 2.0 65.0 64.6 9.6 0.0
0 251.5 0.0 57.4 67.2 5.6 0.0
2 510.0 1.0 62.6 66.8 8.0 0.0
1 3286.5 3.0 46.2 70.8 2.2 0.0
0 919.0 2.0 62.8 50.8 6.4 0.0
0 514.0 2.0 68.6 67.2 7.8 0.0
2 577.0 1.0 64.8 65.8 7.2 0.0
0 710.666666667 0.0 53.0 76.6 5.0 0.004
3 2877.33333333 2.0 62.8 61.0 6.2 0.0
1 737.0 3.0 56.0 85.0 12.0 0.25
0 691.0 0.0 61.4 71.8 6.4 0.012
0 518.2 0.0 59.4 64.2 8.6 0.0
3 848.0 0.0 57.0 76.0 3.0 0.0
0 783.75 2.0 60.8 58.6 3.2 0.0
0 3979.5 2.0 64.6 73.0 4.4 0.0
3 528.0 2.0 67.4 64.2 5.6 0.0
0 461.5 0.0 60.6 85.0 4.2 0.004
2 611.5 0.0 62.4 62.8 4.4 0.0
2 507.0 1.0 68.0 70.4 8.0 0.0
0 1159.33333333 2.0 65.8 68.8 5.6 0.0
0 603.5 2.0 56.8 88.4 5.4 0.348
1 597.0 3.0 58.8 83.0 2.8 0.0
2 585.0 0.0 70.0 48.0 5.2 0.0
0 501.666666667 2.0 62.0 46.6 8.4 0.0
0 133.0 3.0 58.2 86.0 7.0 0.94
1 518.047619048 0.0 51.8 84.6 2.0 0.004
2 3376.6 2.0 67.0 69.0 8.0 0.0
2 634.333333333 0.0 48.8 60.2 4.6 0.0
1 861.285714286 0.0 57.4 60.6 4.4 0.0
3 775.0 0.0 58.4 63.4 8.4 0.0
2 1026.0 3.0 46.2 70.8 2.2 0.0
1 585.466666667 2.0 71.6 43.0 3.6 0.0
3 134.0 0.0 55.0 69.0 3.0 0.0
0 629.25 0.0 62.4 62.8 4.4 0.0
0 938.0 2.0 65.8 55.4 5.0 0.0
3 547.0 3.0 52.2 66.4 1.2 0.0
1 624.823529412 2.0 67.2 67.8 5.6 0.0
1 4634.83333333 0.0 65.2 58.0 5.2 0.0
0 271.0 0.0 52.4 60.8 2.2 0.0
1 611.5 0.0 63.6 70.6 8.0 0.0
3 629.0 1.0 64.4 66.2 7.8 0.0
3 577.333333333 2.0 67.2 71.2 7.2 0.0
0 624.0 2.0 63.4 62.4 4.0 0.0
3 875.0 0.0 62.8 67.0 6.4 0.0
1 533.125 2.0 62.0 64.2 3.4 0.0
0 496.666666667 0.0 54.0 84.4 3.6 0.0
3 510.0 0.0 73.0 42.8 5.2 0.0
3 477.5 0.0 58.0 61.0 7.0 0.0
2 587.333333333 0.0 47.0 70.0 4.2 0.0
3 1886.5 2.0 68.6 71.2 7.2 0.0
3 891.0 2.0 61.8 69.2 3.4 0.0
1 665.75 2.0 56.2 61.6 3.8 0.002
3 4656.25 2.0 57.0 70.0 9.0 0.0
1 545.266666667 1.0 67.8 72.0 8.6 0.0
1 823.666666667 2.0 56.6 69.0 5.2 0.0
2 541.4 1.0 67.6 72.0 7.6 0.0
3 285.0 0.0 50.8 71.8 4.6 0.0
2 584.666666667 3.0 41.0 60.2 1.2 0.0
2 745.0 2.0 64.2 43.4 3.2 0.0
0 211.5 2.0 60.6 68.2 3.8 0.0
0 104.0 0.0 67.0 49.6 6.0 0.0
2 384.0 0.0 53.0 83.0 2.6 0.0
1 681.444444444 1.0 68.0 67.0 11.0 0.0
2 607.833333333 3.0 51.4 61.8 1.2 0.0
1 477.0 1.0 73.4 60.8 5.4 0.0
2 563.5 1.0 70.4 48.2 6.0 0.0
3 419.0 2.0 65.6 74.6 4.4 0.0
1 604.833333333 1.0 69.4 72.8 7.6 0.0
0 233.0 0.0 53.2 52.8 2.0 0.0
0 737.25 0.0 57.0 74.4 5.6 0.0
1 498.833333333 0.0 57.2 70.6 8.0 0.0
2 526.0 0.0 74.8 35.2 4.2 0.0
0 1613.0 1.0 65.6 71.4 9.4 0.0
3 602.666666667 1.0 65.2 63.8 10.2 0.0
3 709.0 0.0 58.0 72.0 11.0 0.0
0 244.0 1.0 69.2 68.4 6.2 0.0
0 302.0 2.0 70.6 65.6 4.4 0.0
2 386.0 2.0 67.4 74.0 6.8 0.0
3 1192.0 1.0 62.0 76.0 9.0 0.0
1 756.0 0.0 57.4 81.4 8.6 0.296
2 437.0 1.0 69.4 72.2 6.4 0.0
3 556.333333333 0.0 55.0 72.0 15.0 0.52
0 421.0 3.0 47.0 62.0 5.0 0.0
1 631.052631579 0.0 52.0 68.2 4.6 0.02
2 874.0 2.0 68.6 73.6 6.2 0.0
2 1364.66666667 2.0 64.8 71.0 7.6 0.0
2 726.333333333 2.0 60.0 66.8 5.2 0.0
1 553.888888889 0.0 61.4 70.4 3.8 0.0
2 791.0 0.0 56.6 73.2 3.4 0.0
2 3870.28571429 2.0 57.0 75.2 5.8 0.01
2 642.5 0.0 55.6 61.4 3.8 0.0
1 873.0 0.0 60.0 69.2 13.0 0.0
0 270.0 1.0 66.2 62.2 7.6 0.0
2 748.0 0.0 64.0 68.6 5.0 0.0
0 10071.0 3.0 52.6 82.2 3.0 0.172
2 649.0 0.0 56.8 79.6 10.8 0.544
0 291.0 0.0 41.8 64.6 2.0 0.0
2 1482.5 2.0 56.0 71.0 13.0 0.0
2 2442.875 0.0 57.0 60.6 3.8 0.0
0 611.8 2.0 65.4 73.2 5.2 0.0
0 255.5 1.0 66.4 65.0 9.0 0.0
2 1182.41666667 0.0 56.0 61.0 4.4 0.0
0 199.0 1.0 68.6 68.4 7.0 0.0
0 208.5 2.0 53.4 63.6 3.2 0.0
3 356.0 0.0 60.2 72.0 11.0 0.092
2 2629.77777778 2.0 76.2 52.8 4.2 0.0
1 569.789473684 3.0 61.6 80.6 4.6 0.006
3 528.0 0.0 55.6 80.4 5.4 0.082
1 602.428571429 2.0 53.8 54.2 2.2 0.0
0 280.0 0.0 60.2 60.6 9.2 0.0
3 922.25 0.0 59.0 84.0 4.0 0.0
3 629.0 2.0 61.8 73.6 1.4 0.0
2 844.8 0.0 61.2 70.0 6.0 0.0
0 285.75 0.0 63.8 72.2 7.8 0.0
2 769.0 0.0 57.4 67.2 5.6 0.0
2 597.666666667 3.0 60.0 83.4 4.4 0.018
1 647.153846154 0.0 50.0 60.8 1.2 0.0
3 1223.5 1.0 67.6 71.0 8.0 0.0
0 235.0 1.0 62.6 66.8 8.0 0.0
0 530.833333333 0.0 56.2 80.4 3.6 0.0
2 12132.1428571 0.0 67.4 59.0 6.8 0.0
0 364.0 0.0 56.8 79.6 10.8 0.544
0 621.2 0.0 52.4 69.2 1.2 0.0
0 551.666666667 0.0 67.8 42.8 4.8 0.0
0 2148.66666667 0.0 46.4 37.2 6.2 0.0
1 1311.46153846 0.0 66.4 59.8 4.0 0.0
3 609.0 3.0 57.6 81.4 2.0 0.014
1 468.818181818 0.0 63.0 66.2 7.2 0.0
0 846.25 0.0 56.6 71.0 8.2 0.01
2 950.333333333 2.0 54.6 66.8 1.6 0.0
1 1638.71428571 2.0 64.6 79.4 5.4 0.0
1 531.6875 1.0 64.2 70.6 8.0 0.0
1 599.764705882 0.0 57.2 59.0 3.4 0.0
2 594.4 3.0 44.4 63.8 1.4 0.0
1 669.5 0.0 60.8 68.2 6.8 0.0
1 608.363636364 3.0 60.6 76.8 3.6 0.002
1 721.6875 1.0 69.0 68.6 8.0 0.0
1 449.166666667 0.0 57.8 75.4 10.6 0.762
2 826.555555556 0.0 58.8 61.6 12.2 0.016
1 611.846153846 0.0 54.0 73.0 6.0 0.0
2 591.0 2.0 65.6 74.6 4.4 0.0
1 688.2 0.0 58.4 81.4 4.2 0.0
2 874.0 0.0 56.8 54.4 1.8 0.0
1 484.8 0.0 59.6 71.6 7.0 0.0
1 517.791666667 0.0 62.4 66.2 5.8 0.0
1 715.833333333 2.0 70.6 73.4 6.6 0.002
0 595.75 0.0 50.8 69.2 1.4 0.0
2 1890.55555556 0.0 60.4 78.8 7.2 0.0
0 273.0 1.0 67.2 69.8 9.4 0.004
1 516.333333333 0.0 61.6 69.6 5.8 0.0
2 363.5 2.0 64.6 79.4 5.4 0.0
2 511.25 0.0 58.8 65.8 6.2 0.006
2 4088.42857143 3.0 51.4 60.0 1.0 0.0
1 580.6 0.0 55.2 68.0 6.0 0.048
2 750.5 0.0 62.4 85.8 6.6 0.086
2 405.0 0.0 69.4 63.8 5.0 0.0
0 269.0 2.0 64.2 43.4 3.2 0.0
2 1109.41666667 2.0 62.6 71.4 6.2 0.002
3 10073.3333333 2.0 59.8 80.6 8.6 0.056
1 561.0 2.0 60.0 66.8 5.2 0.0
0 550.333333333 3.0 56.0 74.6 6.2 0.0
1 532.4 2.0 65.2 72.6 5.0 0.0
2 655.272727273 2.0 58.6 73.2 3.4 0.0
2 581.0 1.0 60.0 73.0 11.0 0.0
2 429.5 1.0 66.8 72.4 7.2 0.0
1 704.235294118 0.0 61.4 72.8 6.2 0.0
0 813.0 3.0 40.2 49.2 4.2 0.0
0 274.5 0.0 51.0 60.8 1.8 0.0
1 460.611111111 0.0 53.6 70.2 3.0 0.0
1 505.230769231 0.0 54.4 85.4 3.6 0.002
2 766.75 0.0 60.2 70.0 6.6 0.0
3 917.0 2.0 60.0 70.0 6.0 0.0
3 483.5 0.0 55.0 56.0 3.0 0.0
0 613.0 2.0 61.8 59.2 5.2 0.0
3 1108.0 2.0 62.0 64.2 3.4 0.0
1 552.058823529 0.0 56.2 47.0 1.8 0.0
0 887.5 2.0 68.6 56.8 5.0 0.0
1 650.5 2.0 69.2 70.4 6.8 0.0
3 574.666666667 0.0 59.0 60.0 19.0 0.0
2 2795.09090909 2.0 60.2 78.4 3.2 0.004
0 409.0 2.0 53.2 73.8 3.0 0.0
1 1748.91304348 0.0 62.2 68.4 5.6 0.0
1 979.863636364 2.0 61.4 68.4 4.2 0.0
1 554.8 0.0 57.0 60.6 3.8 0.0
3 363.0 0.0 58.0 80.0 8.0 0.01
2 948.833333333 0.0 59.2 62.2 6.2 0.0
3 736.0 1.0 73.0 68.8 5.6 0.0
2 630.4 2.0 54.8 53.8 4.8 0.0
1 3306.21052632 1.0 71.4 69.4 5.8 0.0
3 410.0 0.0 57.0 68.0 8.0 0.01
0 752.0 0.0 60.8 67.4 6.6 0.0
0 629.0 3.0 51.4 60.0 1.0 0.0
3 641.5 0.0 58.0 68.4 9.0 0.0
3 214.0 0.0 51.0 73.0 6.0 0.0
0 434.25 0.0 60.0 68.0 7.0 0.0
3 608.0 2.0 63.0 60.2 6.4 0.0
2 420.5 3.0 50.6 72.8 4.2 0.0
3 345.0 0.0 57.2 74.2 7.8 0.19
0 603.4 0.0 53.6 70.2 3.0 0.0
1 756.88 2.0 58.2 70.0 4.0 0.0
3 530.25 0.0 59.0 89.0 6.0 0.03
3 587.333333333 3.0 50.4 82.2 1.8 0.004
2 786.714285714 0.0 50.2 91.2 2.2 0.0
3 545.5 1.0 68.4 75.0 6.2 0.0
0 442.75 0.0 55.8 62.0 6.6 0.002
0 887.0 0.0 60.2 70.0 6.6 0.0
0 1029.0 0.0 57.4 53.0 6.2 0.0
2 570.0 0.0 52.8 67.2 3.2 0.0
1 1261.23529412 0.0 60.4 70.4 2.0 0.0
0 651.333333333 1.0 67.6 75.4 7.2 0.0
3 929.0 2.0 62.0 80.0 9.0 0.0
3 809.0 3.0 44.8 62.4 2.4 0.0
1 394.0 1.0 62.4 67.4 8.0 0.0
0 704.0 1.0 65.0 66.4 6.6 0.0
0 601.0 2.0 55.4 68.6 3.6 0.0
2 4451.3 0.0 49.6 73.2 3.0 0.0
1 670.636363636 0.0 62.8 67.0 3.4 0.0
2 418.0 0.0 52.4 81.0 2.6 0.0
2 511.8 2.0 62.0 61.6 2.2 0.0
1 620.555555556 0.0 61.0 73.2 6.0 0.04
0 658.0 2.0 55.2 69.8 1.6 0.0
1 527.733333333 3.0 59.6 79.4 7.4 0.002
2 917.333333333 2.0 68.6 64.0 5.8 0.0
3 12538.0 0.0 52.8 62.6 2.4 0.0
3 498.0 1.0 64.8 65.8 7.2 0.0
2 1521.8125 3.0 48.0 71.2 2.2 0.0
1 524.055555556 1.0 64.8 65.8 7.2 0.0
1 1163.16666667 0.0 58.8 70.0 6.8 0.0
3 902.0 2.0 63.4 76.6 6.2 0.35
0 221.0 0.0 57.2 73.6 2.8 0.0
2 1105.16666667 2.0 68.2 75.2 5.8 0.0
2 565.0 1.0 69.4 72.8 7.6 0.0
0 425.0 0.0 60.0 66.4 7.4 0.0
1 971.6 0.0 56.4 67.4 4.2 0.0
3 1458.0 2.0 62.8 50.8 6.4 0.0
0 214.5 2.0 59.6 78.8 3.6 0.004
1 516.6 0.0 58.6 71.0 8.6 0.0
2 586.5 2.0 52.2 73.6 3.2 0.0
2 1326.2 2.0 61.8 69.2 3.4 0.0
3 548.0 0.0 52.0 72.0 13.0 0.69
0 390.25 0.0 54.6 34.4 9.4 0.0
0 847.0 2.0 55.2 76.6 2.6 0.0
1 862.666666667 0.0 53.8 84.8 3.0 0.0
0 753.333333333 2.0 57.8 61.4 2.4 0.0
0 643.0 0.0 57.8 75.4 10.6 0.762
1 535.5 2.0 67.6 59.4 5.4 0.0
0 461.0 1.0 69.4 72.2 6.4 0.0
2 357.0 0.0 60.0 69.2 13.0 0.0
2 4455.33333333 0.0 61.4 71.8 6.4 0.012
3 722.0 2.0 58.8 46.6 3.0 0.0
1 540.5 2.0 68.0 65.8 9.0 0.0
0 256.5 0.0 57.4 57.6 8.6 0.0
3 1181.0 1.0 68.0 66.0 7.4 0.0
0 301.5 3.0 48.2 69.2 1.0 0.0
2 990.25 2.0 65.0 64.6 9.6 0.0
0 353.166666667 0.0 59.6 71.2 8.4 0.0
0 616.0 2.0 65.4 46.8 3.6 0.0
1 1693.0 1.0 71.0 68.0 6.2 0.0
2 737.571428571 2.0 60.6 66.4 6.6 0.0
2 738.0 2.0 65.2 72.6 5.0 0.0
2 510.25 0.0 54.0 71.0 4.0 0.0
1 609.692307692 0.0 57.8 78.6 3.6 0.0
2 480.666666667 0.0 53.8 84.8 3.0 0.0
0 541.0 1.0 63.2 70.4 9.6 0.0
2 442.4 2.0 64.0 73.6 6.2 0.0
2 653.6 0.0 64.8 46.8 8.4 0.0
2 866.0 0.0 56.6 57.2 7.0 0.0
0 584.75 2.0 60.2 70.2 6.8 0.042
2 6609.5 0.0 57.2 59.0 3.4 0.0
3 466.0 1.0 65.2 65.6 9.8 0.0
0 276.5 0.0 66.4 57.6 5.6 0.0
1 486.615384615 2.0 62.8 51.0 3.2 0.0
0 551.333333333 0.0 55.2 74.6 3.6 0.002
0 1765.0 0.0 42.8 69.4 2.0 0.0
0 780.0 0.0 58.4 81.6 3.2 0.0
1 570.538461538 1.0 75.2 63.0 6.4 0.0
0 613.5 0.0 51.8 77.6 1.6 0.0
3 1272.4 0.0 55.6 61.4 3.8 0.0
1 936.0 0.0 57.6 82.4 11.0 0.104
1 524.5 0.0 57.8 68.0 9.0 0.0
0 526.666666667 1.0 72.4 64.6 6.6 0.0
2 3118.11111111 0.0 58.6 71.0 8.6 0.0
1 3159.08333333 3.0 50.4 66.2 1.4 0.0
0 284.333333333 0.0 69.4 45.4 3.8 0.0
3 334.0 0.0 57.2 70.6 8.0 0.0
2 717.333333333 0.0 54.2 54.4 3.0 0.0
0 675.666666667 2.0 67.4 64.2 5.6 0.0
2 675.0 2.0 67.6 72.2 7.0 0.0
0 4686.85714286 0.0 62.0 65.4 9.4 0.0
1 694.833333333 0.0 59.8 69.0 9.0 0.0
2 652.375 1.0 68.6 66.4 7.4 0.0
3 2123.66666667 0.0 60.6 58.2 6.8 0.0
1 492.333333333 0.0 73.0 42.8 5.2 0.0
2 646.0 1.0 68.0 71.0 7.0 0.0
2 815.0 1.0 62.2 65.6 6.4 0.0
2 576.666666667 0.0 62.8 67.0 3.4 0.0
0 793.333333333 2.0 69.2 70.4 5.0 0.0
3 663.0 0.0 61.4 72.8 6.2 0.0
2 1007.0 0.0 51.6 66.2 8.6 0.0
3 367.0 0.0 62.2 60.0 5.8 0.0
2 544.333333333 2.0 57.4 81.8 4.0 0.0
2 632.333333333 0.0 57.0 55.4 3.2 0.0
1 445.730769231 0.0 56.0 53.4 8.0 0.0
3 598.0 3.0 54.0 72.0 6.0 0.19
3 833.5 3.0 60.4 82.8 6.4 0.028
1 4623.09090909 2.0 66.4 71.8 6.0 0.0
1 1032.0 0.0 62.0 62.0 5.0 0.0
2 5432.875 2.0 69.8 54.2 4.2 0.0
2 479.666666667 0.0 55.2 76.8 8.4 0.22
0 460.25 0.0 67.8 60.8 6.6 0.0
2 716.428571429 0.0 58.0 65.8 7.8 0.0
3 1812.0 2.0 63.0 75.0 9.0 0.0
3 591.5 2.0 69.0 66.0 9.0 0.0
3 653.333333333 2.0 71.6 43.0 3.6 0.0
0 922.0 2.0 60.0 73.6 3.2 0.0
2 418.0 0.0 52.4 62.2 7.0 0.002
2 490.25 0.0 54.6 52.0 3.4 0.0
2 529.25 0.0 54.0 69.0 8.0 0.0
1 614.75 2.0 55.2 57.6 3.0 0.0
1 471.318181818 0.0 62.0 64.0 16.0 0.0
2 490.2 0.0 57.4 57.6 8.6 0.0
3 610.333333333 0.0 57.8 78.6 3.6 0.0
0 238.333333333 2.0 56.0 64.8 3.4 0.0
0 584.5 2.0 59.2 62.4 4.2 0.0
2 382.5 1.0 61.2 63.2 9.4 0.0
0 641.2 0.0 58.0 65.8 7.8 0.0
0 271.5 1.0 64.8 74.6 8.4 0.0
3 219.0 0.0 60.8 68.2 6.8 0.0
3 502.5 2.0 57.0 73.0 9.0 0.0
2 548.0 2.0 58.0 74.0 2.6 0.0
0 221.0 0.0 58.8 75.6 6.4 0.004
3 554.0 3.0 55.8 80.6 9.4 0.114
2 2033.0 0.0 58.0 64.0 12.0 0.0
3 423.0 0.0 59.6 66.8 6.2 0.0
1 798.090909091 0.0 59.0 66.8 7.6 0.0
1 3001.36363636 0.0 59.2 62.2 6.2 0.0
1 700.5 0.0 48.8 60.2 4.6 0.0
3 656.5 0.0 59.0 50.0 8.0 0.0
0 707.6 3.0 46.0 67.0 4.0 0.0
3 611.75 1.0 69.6 66.0 7.0 0.0
2 1725.4 2.0 53.0 72.2 2.0 0.0
2 3451.4 0.0 59.6 63.6 2.0 0.0
2 652.5 2.0 68.6 67.2 7.8 0.0
3 408.25 0.0 69.4 63.8 5.0 0.0
2 494.0 0.0 53.0 64.2 7.4 0.028
0 306.0 3.0 52.0 64.0 1.2 0.0
0 209.0 2.0 68.6 73.6 6.2 0.0
2 778.0 1.0 67.0 71.0 10.0 0.0
1 667.1 2.0 60.2 78.4 3.2 0.004
2 756.571428571 0.0 59.8 65.2 3.4 0.0
2 656.25 0.0 51.0 60.8 1.8 0.0
0 707.0 0.0 62.8 65.8 9.0 0.0
0 1177.0 0.0 66.6 64.0 3.6 0.0
2 4211.3 0.0 53.0 76.6 5.0 0.004
1 2543.26666667 3.0 56.0 76.6 8.6 0.306
0 273.0 0.0 61.0 65.2 7.0 0.002
1 625.0 0.0 60.6 85.0 4.2 0.004
2 687.5 0.0 55.6 81.2 3.2 0.0
0 304.0 0.0 46.4 51.4 13.6 0.0
1 590.125 0.0 53.0 86.0 8.0 0.096
0 474.5 1.0 64.2 70.6 8.0 0.0
2 783.5 0.0 62.2 68.4 5.6 0.0
3 658.0 0.0 58.8 70.0 6.8 0.0
3 921.5 0.0 61.0 56.4 6.0 0.0
1 474.095238095 0.0 58.4 58.2 8.2 0.0
3 349.5 1.0 67.6 72.0 7.6 0.0
2 1007.875 0.0 62.0 65.4 9.4 0.0
1 1970.66666667 2.0 67.2 35.6 2.4 0.0
2 417.75 0.0 51.4 71.6 3.0 0.0
1 636.230769231 2.0 65.6 75.0 8.0 0.0
0 314.5 2.0 61.4 68.4 4.2 0.0
3 545.0 1.0 77.2 53.0 6.0 0.0
0 317.0 0.0 57.0 87.0 4.0 0.0
0 295512.0 3.0 60.0 83.4 4.4 0.018
2 514.5 0.0 62.2 60.0 5.8 0.0
3 647.0 0.0 54.0 67.0 11.0 0.0
0 542.333333333 0.0 53.8 57.8 9.0 0.0
2 356.0 2.0 70.6 65.6 4.4 0.0
3 1043.0 0.0 57.0 57.0 13.0 0.0
2 1595.66666667 2.0 58.6 81.0 6.6 0.226
1 520.076923077 1.0 69.6 66.0 7.0 0.0
1 4999.85714286 2.0 60.4 64.8 5.6 0.0
1 591.952380952 0.0 58.8 75.6 6.4 0.004
1 521.388888889 0.0 58.2 71.2 8.6 0.0
3 1377.0 0.0 54.4 66.8 4.8 0.0
0 286.0 0.0 53.0 84.0 5.0 0.0
1 593.947368421 0.0 54.0 72.0 4.4 0.0
1 534.545454545 3.0 60.8 84.2 10.8 0.93
2 1013.41666667 2.0 60.4 62.6 4.4 0.0
3 881.111111111 2.0 68.0 65.8 9.0 0.0
2 486.0 2.0 71.4 65.6 5.8 0.0
0 723.0 0.0 58.2 65.2 4.4 0.0
1 439.076923077 0.0 58.8 61.6 12.2 0.016
1 836.052631579 0.0 67.8 60.8 6.6 0.0
2 1004.08333333 0.0 60.2 76.8 6.4 0.0
1 499.125 0.0 50.0 75.2 4.8 0.0
0 394.0 2.0 67.0 72.0 11.0 0.0
2 699.5 0.0 48.8 70.8 5.8 0.0
2 700.8 1.0 64.0 69.0 12.0 0.0
2 513.0 2.0 61.0 84.6 6.6 0.088
1 741.285714286 0.0 50.6 85.6 7.2 0.458
2 2527.0 0.0 58.0 63.0 7.0 0.0
1 540.0 2.0 55.2 52.2 3.6 0.0
3 1072.0 0.0 65.6 60.0 4.0 0.0
3 365.0 0.0 58.4 58.2 8.2 0.0
0 269.0 3.0 60.6 76.8 3.6 0.002
2 521.285714286 0.0 54.6 71.4 10.2 0.23
0 565.4 0.0 52.8 71.0 4.4 0.0
2 797.0 2.0 53.2 73.8 3.0 0.0
1 637.352941176 1.0 67.6 71.8 6.0 0.0
2 512.166666667 2.0 61.4 68.4 4.2 0.0
1 2173.0 0.0 56.0 66.6 5.4 0.022
1 599.333333333 0.0 57.6 67.8 5.2 0.0
2 545.833333333 2.0 53.0 69.2 1.0 0.0
1 630.045454545 2.0 68.6 64.0 5.8 0.0
0 400.0 1.0 64.0 53.4 7.2 0.0
3 918.5 1.0 67.2 67.6 9.0 0.0
1 473.4 0.0 61.4 69.6 5.2 0.0
2 3329.66666667 0.0 63.0 66.2 7.2 0.0
2 2300.22222222 1.0 73.4 60.8 5.4 0.0
0 397.6 0.0 70.0 48.0 5.2 0.0
1 824.5 1.0 67.4 63.8 8.4 0.0
0 501.2 2.0 66.0 67.0 7.0 0.0
1 682.25 0.0 58.6 66.0 5.2 0.0
2 612.4 0.0 58.0 78.2 4.4 0.0
1 578.363636364 0.0 55.8 76.6 2.2 0.0
3 825.0 2.0 71.4 67.6 4.6 0.0
2 611.5 3.0 50.0 66.6 8.4 0.0
1 696.576923077 2.0 68.8 66.6 6.8 0.0
0 458.5 0.0 59.4 77.0 4.6 0.0
0 174.5 1.0 70.0 70.0 7.0 0.0
2 745.333333333 1.0 70.0 73.2 9.0 0.0
2 776.75 2.0 61.8 73.6 1.4 0.0
1 653.631578947 1.0 65.0 70.0 5.8 0.0
1 7299.0 2.0 68.8 64.2 7.2 0.342
2 6492.2 3.0 52.6 82.2 3.0 0.172
1 684.0 2.0 56.6 66.6 2.4 0.0
3 1520.0 0.0 53.4 52.6 2.2 0.0
3 2144.5 0.0 61.6 64.8 8.2 0.004
0 797.2 1.0 70.4 48.2 6.0 0.0
0 733.666666667 3.0 51.4 61.8 1.2 0.0
2 1468.125 1.0 66.2 71.4 8.4 0.0
1 558.714285714 2.0 68.6 67.2 7.8 0.0
2 916.0 2.0 59.0 54.0 4.0 0.0
0 1242.0 2.0 61.0 84.6 6.6 0.088
2 691.75 0.0 53.4 81.8 4.6 0.004
2 3696.5 1.0 72.8 64.2 7.4 0.0
0 461.666666667 0.0 73.0 42.8 5.2 0.0
3 893.0 2.0 63.0 79.6 6.4 0.0
2 718.0 1.0 66.4 74.8 8.0 0.0
1 727.571428571 3.0 53.0 85.0 14.0 1.09
3 1270.5 0.0 63.0 63.6 7.6 0.0
0 359.0 2.0 59.8 70.0 3.0 0.0
0 569.333333333 3.0 44.4 59.4 1.4 0.0
2 669.714285714 0.0 64.6 67.0 8.2 0.0
1 414.333333333 2.0 57.0 75.2 5.8 0.01
2 767.2 0.0 58.6 66.0 5.2 0.0
1 644.333333333 2.0 68.6 73.6 6.2 0.0
2 560.0 2.0 59.2 73.8 4.2 0.0
1 639.05 0.0 55.2 73.8 2.0 0.0
2 647.428571429 0.0 62.0 62.2 5.6 0.0
3 1062.0 2.0 62.8 64.0 3.0 0.0
3 152.0 1.0 61.4 66.2 8.8 0.0
2 570.0 0.0 51.4 77.6 9.6 0.268
3 533.0 1.0 69.0 68.6 8.0 0.0
1 681.272727273 0.0 53.2 55.0 1.8 0.0
0 11306.5 2.0 58.0 74.0 2.6 0.0
1 502.944444444 0.0 55.2 74.6 3.6 0.002
2 18776.0 0.0 58.8 75.6 6.4 0.004
1 551.684210526 2.0 67.4 74.0 6.8 0.0
0 401.4 1.0 68.2 68.8 8.0 0.0
2 606.0 0.0 65.4 31.2 10.6 0.0
3 314.0 0.0 59.4 67.6 8.2 0.0
0 1079.8 0.0 48.8 70.8 5.8 0.0
3 984.0 3.0 46.2 70.8 2.2 0.0
0 959.5 2.0 67.2 67.8 5.6 0.0
3 660.0 0.0 59.0 52.0 6.0 0.0
0 683.333333333 0.0 72.8 36.6 5.0 0.0
0 256.0 1.0 61.2 63.2 9.4 0.0
2 522.166666667 2.0 59.0 50.6 1.2 0.0
1 953.0 2.0 68.6 68.8 5.8 0.0
1 4366.42857143 2.0 62.0 60.2 11.8 0.0
0 483.0 0.0 58.4 50.0 4.4 0.0
2 971.7 3.0 52.6 46.0 2.0 0.0
0 19808.3333333 3.0 56.0 76.6 8.6 0.306
0 227.0 2.0 68.8 66.6 6.8 0.0
0 259.8 0.0 56.0 65.6 5.8 0.014
1 630.263157895 2.0 69.0 32.0 6.6 0.0
3 735.0 0.0 54.0 93.0 10.0 0.0
3 191.0 0.0 53.4 70.4 7.4 0.0
1 526.052631579 1.0 65.2 65.6 9.8 0.0
3 261.0 0.0 57.4 53.0 6.2 0.0
2 778.0 3.0 47.0 62.0 5.0 0.0
2 3736.71428571 2.0 66.2 73.6 6.2 0.0
1 386.0 3.0 53.2 63.8 1.6 0.0
3 933.0 2.0 57.0 71.0 4.0 0.0
3 1326.33333333 1.0 62.0 68.4 8.0 0.0
1 596.2 1.0 67.8 73.0 7.2 0.0
0 510.25 0.0 53.6 82.6 3.0 0.0
2 2759.57142857 0.0 62.8 67.0 6.4 0.0
2 464.333333333 2.0 58.8 46.6 3.0 0.0
2 1102.90909091 2.0 54.6 59.4 5.2 0.0
1 597.333333333 3.0 43.6 65.4 5.4 0.122
1 619.833333333 0.0 55.8 81.4 3.4 0.006
0 727.0 0.0 56.6 46.2 3.6 0.0
2 2930.42857143 0.0 59.0 84.0 4.0 0.0
1 529.333333333 0.0 57.0 74.4 5.6 0.0
0 547.0 0.0 56.8 47.4 11.6 0.0
2 490.25 0.0 57.2 73.6 2.8 0.0
3 634.0 0.0 65.4 31.2 10.6 0.0
1 602.875 0.0 56.0 73.0 7.0 0.036
2 417.75 1.0 66.0 69.6 6.8 0.0
3 495.0 2.0 63.2 68.8 8.8 0.0
1 567.923076923 0.0 62.4 71.8 6.0 0.056
3 496.0 0.0 59.8 67.2 8.2 0.0
1 12349.8 0.0 61.8 67.6 10.8 0.0
1 545.2 1.0 68.4 65.0 6.0 0.0
1 1068.0 1.0 69.0 72.2 6.8 0.0
3 576.571428571 2.0 54.0 69.2 6.0 0.0
1 595.157894737 0.0 59.4 47.4 4.0 0.0
1 584.6875 2.0 63.6 79.6 5.0 0.0
2 483.4 1.0 68.4 75.0 6.2 0.0
2 616.75 2.0 58.0 72.0 5.0 0.0
1 577.2 0.0 60.6 79.8 5.0 0.0
2 992.4 1.0 73.0 68.8 5.6 0.0
2 468.5 3.0 50.6 61.4 7.4 0.0
1 567.0 0.0 56.8 69.0 8.6 0.0
3 1220.4 2.0 64.0 73.6 6.2 0.0
2 1099.42857143 0.0 61.6 69.6 5.8 0.0
1 585.6 3.0 52.0 86.0 3.0 0.0
3 346.0 0.0 50.4 78.8 2.6 0.0
0 8751.4 0.0 48.2 76.0 1.6 0.0
2 2251.66666667 0.0 60.6 83.2 11.4 0.456
2 677.4 2.0 51.6 69.0 1.4 0.0
1 1130.14285714 0.0 41.8 64.6 2.0 0.0
0 520.75 1.0 68.8 70.2 7.2 0.0
0 511.75 1.0 67.6 66.8 6.2 0.0
2 978.333333333 0.0 59.0 61.0 4.0 0.0
0 3093.83333333 0.0 60.4 78.8 7.2 0.0
1 612.0 1.0 68.0 69.8 7.2 0.0
1 523.181818182 2.0 57.8 61.4 2.4 0.0
0 635.5 0.0 58.4 65.8 3.2 0.0
1 637.25 0.0 60.2 60.6 9.2 0.0
0 691.0 2.0 67.2 73.2 5.6 0.0
1 2673.22222222 0.0 57.8 67.0 3.6 0.0
2 380.0 0.0 59.8 57.8 6.2 0.0
2 1050.33333333 0.0 59.0 58.0 6.0 0.0
3 786.4 0.0 53.6 46.8 4.2 0.0
3 841.666666667 3.0 51.4 63.4 1.2 0.0
3 479.6 1.0 69.2 67.4 8.4 0.0
1 1373.5 2.0 65.8 55.4 5.0 0.0
1 508.666666667 2.0 62.8 61.0 6.2 0.0
2 549.4 0.0 59.2 77.0 6.4 0.008
3 275.666666667 1.0 65.8 72.0 9.0 0.0
0 498.25 0.0 61.4 73.0 8.2 0.0
1 780.6 2.0 57.6 66.8 2.0 0.0
1 626.692307692 2.0 69.2 53.0 4.8 0.0
1 578.333333333 0.0 57.6 65.4 6.0 0.0
2 722.285714286 1.0 72.6 70.4 7.2 0.0
0 486.2 0.0 55.6 81.2 3.2 0.0
2 2284.75 0.0 61.0 65.2 7.0 0.002
1 582.5 0.0 50.8 80.8 2.8 0.0
3 544.0 0.0 52.4 81.0 2.6 0.0
0 907.0 0.0 52.8 65.8 4.4 0.0
1 527.142857143 2.0 61.0 56.0 4.0 0.11
2 443.0 0.0 54.6 60.6 3.4 0.0
1 565.428571429 2.0 61.8 69.2 3.4 0.0
1 537.181818182 2.0 62.0 46.6 8.4 0.0
1 580.304347826 1.0 69.8 67.8 7.6 0.0
2 1277.625 1.0 66.2 62.2 7.6 0.0
3 786.5 2.0 56.8 88.4 5.4 0.348
3 518.25 0.0 52.0 74.0 7.0 0.07
3 468.0 0.0 55.0 77.0 7.0 0.0
1 5438.33333333 3.0 52.6 82.2 3.0 0.172
2 531.75 2.0 63.0 60.2 6.4 0.0
0 1089.0 0.0 62.2 68.4 5.6 0.0
1 20210.6666667 1.0 68.0 70.0 7.8 0.0
3 1072.5 2.0 67.2 67.8 5.6 0.0
3 1158.5 0.0 61.4 69.6 5.2 0.0
1 533.857142857 0.0 56.0 65.6 5.8 0.014
3 1243.5 1.0 66.8 68.8 7.4 0.0
0 298.0 2.0 58.6 78.4 4.2 0.0
1 617.166666667 0.0 60.0 61.0 8.0 0.0
3 495.0 2.0 67.0 43.6 4.4 0.0
1 707.166666667 2.0 58.4 70.0 2.8 0.0
0 460.0 1.0 65.0 72.0 9.0 0.0
2 984.333333333 0.0 68.6 59.6 3.6 0.0
3 1173.0 0.0 49.0 75.8 8.0 0.22
2 596.5 3.0 55.0 78.2 7.2 0.024
0 893.0 2.0 57.6 65.8 9.6 0.0
3 406.5 0.0 49.6 73.2 3.0 0.0
2 1032.92857143 2.0 70.8 74.0 7.4 0.0
1 554.277777778 3.0 59.8 81.2 3.0 0.028
1 736.727272727 2.0 70.6 65.6 4.4 0.0
3 2682.0 3.0 58.8 83.0 2.8 0.0
0 624.8 0.0 56.0 84.6 5.2 0.0
3 533.0 1.0 68.0 70.4 8.0 0.0
1 819.0 2.0 69.2 72.8 5.2 0.0
3 554.5 0.0 58.4 71.0 2.2 0.0
3 515.25 0.0 58.0 65.8 7.8 0.0
2 489.0 1.0 65.2 65.6 9.8 0.0
0 304.5 0.0 63.2 62.4 6.4 0.0
0 235.0 3.0 48.8 71.8 3.8 0.0
0 472.666666667 2.0 54.8 63.2 2.4 0.0
2 1033.33333333 2.0 67.4 64.2 5.6 0.0
1 610.12 0.0 56.0 84.6 5.2 0.0
2 638.666666667 2.0 64.8 78.0 6.2 0.0
0 1024.33333333 3.0 41.0 60.2 1.2 0.0
1 707.538461538 0.0 63.0 60.4 4.2 0.0
1 697.75 2.0 58.6 78.4 4.2 0.0
1 689.555555556 0.0 46.4 51.4 13.6 0.0
3 422.0 3.0 50.0 66.6 8.4 0.0
1 5204.25 1.0 65.6 69.8 8.6 0.0
1 1500.0 0.0 58.4 68.8 5.0 0.0
1 536.25 0.0 61.4 55.0 10.0 0.0
0 222.0 1.0 71.0 69.0 7.6 0.0
3 784.0 2.0 67.8 68.6 4.0 0.0
0 547.0 2.0 64.8 78.0 6.2 0.0
0 242.5 0.0 74.8 35.2 4.2 0.0
3 1814.0 1.0 70.6 67.2 7.0 0.0
1 782.125 2.0 56.0 71.0 13.0 0.0
2 9895.5 2.0 72.2 63.6 5.0 0.0
2 1059.0 0.0 61.6 64.8 8.2 0.004
0 263.5 0.0 59.4 69.8 10.0 0.054
0 199.0 1.0 71.4 69.4 5.8 0.0
2 587.8 1.0 66.0 71.0 9.0 0.0
3 786.0 0.0 61.4 65.8 4.2 0.0
1 480.952380952 0.0 60.0 45.0 7.8 0.0
2 1350.0 0.0 56.2 47.0 1.8 0.0
2 1009.28571429 0.0 57.6 83.4 3.0 0.0
0 662.0 0.0 59.2 68.6 8.2 0.02
0 509.333333333 0.0 58.2 57.0 3.0 0.0
1 539.130434783 0.0 60.0 68.0 7.0 0.0
0 265.5 0.0 64.8 68.8 7.6 0.0
3 916.5 2.0 55.4 66.0 6.0 0.0
3 536.5 0.0 57.0 87.0 4.0 0.0
2 725.5 2.0 68.4 65.0 4.8 0.0
3 566.0 0.0 52.8 67.2 3.2 0.0
3 808.666666667 0.0 56.0 76.0 6.0 0.0
2 683.166666667 2.0 66.0 72.0 13.0 0.0
1 545.0 3.0 60.4 82.8 6.4 0.028
2 1570.11111111 2.0 67.2 67.8 5.6 0.0
3 533.0 1.0 64.2 69.0 7.8 0.0
3 482.0 0.0 60.6 79.8 5.0 0.0
0 924.0 0.0 60.2 60.0 5.4 0.0
2 727.666666667 0.0 62.2 64.0 11.6 0.0
2 548.5 0.0 53.0 68.0 8.0 0.0
1 707.0 3.0 49.6 70.2 3.2 0.0
2 464.857142857 0.0 52.8 71.0 4.4 0.0
2 711.5 0.0 60.8 72.8 5.4 0.0
2 2748.57142857 2.0 71.8 53.2 3.8 0.0
1 525.714285714 2.0 67.0 43.6 4.4 0.0
2 724.0 0.0 59.0 60.0 19.0 0.0
1 477.0 0.0 52.6 72.0 3.2 0.0
1 619.5 1.0 74.2 60.2 6.0 0.0
3 960.0 1.0 65.0 63.2 6.2 0.0
2 680.0 0.0 60.0 68.0 7.0 0.0
1 498.888888889 2.0 64.6 73.0 4.4 0.0
1 357.8 0.0 58.8 72.6 8.6 0.0
0 769.75 0.0 50.0 60.8 1.2 0.0
1 514.473684211 0.0 57.8 47.8 6.8 0.0
3 735.5 2.0 66.0 69.0 10.0 0.0
1 518.421052632 0.0 56.0 84.0 5.0 0.0
0 993.0 0.0 54.4 85.4 3.6 0.002
0 743.0 2.0 62.0 65.0 9.0 0.0
1 564.0 2.0 60.8 76.4 3.0 0.0
1 8533.75 0.0 54.4 61.8 10.2 0.0
2 1304.0 2.0 56.0 69.6 4.0 0.0
2 2706.91666667 1.0 71.2 70.2 9.0 0.0
2 962.857142857 2.0 63.0 79.6 6.4 0.0
0 348.6 1.0 64.6 71.4 6.4 0.0
3 643.666666667 2.0 54.8 53.8 4.8 0.0
3 720.75 2.0 68.6 68.8 5.8 0.0
0 830.0 2.0 64.8 74.6 9.0 0.106
2 1488.71428571 1.0 64.0 66.0 12.0 0.0
2 2262.125 0.0 59.2 68.6 8.2 0.02
2 1498.0 2.0 53.4 63.6 3.2 0.0
2 3163.0 0.0 63.0 68.0 4.8 0.0
0 263.0 0.0 60.8 68.2 6.8 0.0
0 210.0 1.0 62.2 65.6 6.4 0.0
2 330.0 1.0 64.0 53.4 7.2 0.0
1 5299.88888889 2.0 60.6 66.4 6.6 0.0
0 240.0 2.0 74.6 41.8 3.4 0.0
3 4128.0 3.0 40.6 50.8 2.2 0.0
0 525.666666667 0.0 55.4 74.8 4.8 0.0
2 2108.0 1.0 67.2 69.0 6.2 0.0
1 811.777777778 1.0 69.2 67.4 8.4 0.0
2 766.0 1.0 65.6 69.8 8.6 0.0
0 252.666666667 2.0 68.2 75.2 5.8 0.0
3 373.5 0.0 57.6 83.4 3.0 0.0
2 4395.28571429 0.0 61.4 65.8 4.2 0.0
1 1011.52941176 2.0 62.8 50.8 6.4 0.0
3 640.0 0.0 44.6 45.4 3.8 0.0
2 1236.66666667 2.0 72.4 50.0 3.8 0.0
2 940.25 0.0 59.4 67.6 8.2 0.0
1 684.833333333 3.0 47.4 65.4 1.0 0.0
1 1389.5 1.0 67.6 75.4 7.2 0.0
2 1304.14285714 2.0 62.6 74.2 6.0 0.006
3 2268.5 0.0 64.8 46.8 8.4 0.0
2 537.666666667 2.0 55.4 66.0 6.0 0.0
1 2226.77777778 1.0 72.8 64.2 7.4 0.0
1 798.133333333 0.0 60.0 64.8 7.4 0.0
3 647.75 1.0 67.8 72.0 8.6 0.0
2 163.0 0.0 53.4 52.6 2.2 0.0
1 480.333333333 0.0 42.8 69.4 2.0 0.0
3 500.0 0.0 55.8 81.4 3.4 0.006
0 622.0 2.0 59.0 50.6 1.2 0.0
2 484.4 0.0 70.0 47.0 6.0 0.0
1 555.3125 0.0 57.4 71.2 5.6 0.0
2 671.166666667 1.0 68.0 66.0 7.4 0.0
2 455.5 1.0 67.2 69.8 9.4 0.004
1 4682.875 0.0 58.6 57.6 3.4 0.0
3 477.0 0.0 54.0 72.0 4.4 0.0
1 972.666666667 0.0 52.4 64.0 2.2 0.0
2 3376.6 1.0 68.0 73.0 11.0 0.0
0 1010.16666667 2.0 52.2 73.6 3.2 0.0
1 4110.0 0.0 62.4 62.2 5.4 0.0
1 891.961538462 0.0 57.0 59.8 6.2 0.0
2 547.0 0.0 60.6 85.0 4.2 0.004
2 458.75 0.0 59.6 71.2 8.4 0.0
3 404.5 0.0 59.0 67.0 7.0 0.0
2 715.142857143 0.0 61.0 56.4 6.0 0.0
2 739.0 1.0 67.6 71.0 8.0 0.0
1 639.0 2.0 74.0 41.4 3.6 0.0
2 376.8 0.0 59.4 77.0 4.6 0.0
3 810.0 2.0 67.0 79.0 9.0 0.0
1 519.333333333 0.0 59.8 67.2 8.2 0.0
0 484.0 2.0 62.6 64.8 4.4 0.0
3 706.25 0.0 67.2 36.4 7.4 0.0
1 729.111111111 2.0 56.2 82.2 4.8 0.0
0 669.5 3.0 50.6 61.4 7.4 0.0
0 301.5 0.0 66.4 59.8 4.0 0.0
0 273.0 2.0 70.2 64.4 4.2 0.0
3 908.5 0.0 51.2 68.6 5.8 0.0
1 644.882352941 0.0 60.4 62.0 10.8 0.0
3 1014.6 0.0 56.2 47.0 1.8 0.0
2 15368.25 2.0 68.6 71.2 7.2 0.0
3 607.25 0.0 54.6 60.6 3.4 0.0
1 543.538461538 0.0 75.4 45.6 4.4 0.0
2 2541.5 2.0 67.2 73.2 5.6 0.0
0 279.0 2.0 57.4 72.2 3.0 0.0
3 432.333333333 3.0 62.8 79.4 5.0 0.094
1 609.133333333 0.0 55.6 85.8 5.0 0.006
0 546.4 1.0 67.8 73.0 7.2 0.0
1 5487.2 0.0 57.8 73.4 11.2 0.178
3 480.0 0.0 61.4 55.0 10.0 0.0
0 397.333333333 1.0 66.2 73.2 7.8 0.0
3 1081.83333333 2.0 64.8 64.6 2.4 0.0
3 806.0 2.0 62.0 60.2 11.8 0.0
3 671.5 2.0 63.8 75.4 8.2 0.0
3 654.0 2.0 68.4 73.0 8.4 0.0
1 529.909090909 1.0 69.6 73.6 6.0 0.0
0 1187.0 2.0 68.0 65.8 9.0 0.0
2 7268.6875 1.0 68.0 70.8 7.4 0.0
3 293.75 0.0 55.2 76.8 8.4 0.22
2 2255.0 0.0 63.0 63.6 7.6 0.0
2 402.0 2.0 66.8 70.0 6.8 0.0
1 643.666666667 1.0 68.4 75.0 6.2 0.0
3 932.0 2.0 65.2 42.4 2.4 0.0
1 575.1875 2.0 59.2 62.4 4.2 0.0
2 8340.25 0.0 66.6 64.0 3.6 0.0
2 897.75 0.0 56.4 45.6 2.4 0.0
1 697.043478261 2.0 69.8 54.2 4.2 0.0
2 580.0 2.0 57.6 65.8 9.6 0.0
1 912.375 0.0 63.2 62.2 5.6 0.0
0 487.4 0.0 56.0 61.0 4.4 0.0
1 512.291666667 0.0 58.0 68.4 9.0 0.0
3 810.5 0.0 52.4 64.0 2.2 0.0
2 4885.0 2.0 63.2 68.8 8.8 0.0
2 1309.42857143 2.0 68.0 56.0 7.0 0.0
2 1008.0 1.0 64.0 76.0 9.0 0.0
0 434.25 0.0 51.8 84.6 2.0 0.004
3 534.0 2.0 57.8 36.0 6.0 0.0
0 10905.0 0.0 48.8 60.2 4.6 0.0
2 2276.14285714 2.0 71.6 65.2 6.4 0.0
2 783.25 0.0 47.4 70.4 4.6 0.022
3 767.5 0.0 56.0 73.0 7.0 0.036
2 574.0 2.0 55.2 78.6 4.0 0.0
2 524.0 0.0 45.8 74.0 2.4 0.0
0 3600.75 0.0 66.0 61.0 8.0 0.0
0 186.0 0.0 62.8 67.0 3.4 0.0
1 582.789473684 1.0 68.6 68.4 7.0 0.0
2 412.333333333 0.0 56.8 69.0 8.6 0.0
0 238.0 3.0 61.6 80.6 4.6 0.006
1 614.0 2.0 63.4 62.4 4.0 0.0
1 545.785714286 3.0 40.2 49.2 4.2 0.0
0 705.0 2.0 60.6 58.2 2.0 0.0
2 1901.8 0.0 63.0 57.2 7.8 0.0
1 432.75 0.0 52.6 72.0 5.2 0.032
2 1544.90909091 0.0 63.6 70.6 8.0 0.0
3 520.0 0.0 56.0 79.0 9.0 0.01
0 455.75 3.0 60.4 82.8 6.4 0.028
2 2654.75 2.0 68.8 66.6 6.8 0.0
2 910.5 3.0 40.2 49.2 4.2 0.0
1 775.0 0.0 61.0 53.0 12.0 0.0
0 485.333333333 0.0 52.4 62.2 7.0 0.002
1 3498.42105263 0.0 62.4 55.4 5.8 0.0
1 595.625 0.0 67.0 49.6 6.0 0.0
1 621.0 2.0 67.6 72.2 7.0 0.0
3 587.2 0.0 60.0 63.0 7.0 0.0
2 802.5 0.0 67.8 42.8 4.8 0.0
1 333.5 3.0 47.8 64.8 1.0 0.0
3 457.0 2.0 70.0 64.0 9.0 0.0
2 953.5 1.0 65.6 72.4 6.8 0.0
1 728.375 2.0 56.0 69.6 4.0 0.0
2 436.0 0.0 57.6 67.8 5.2 0.0
3 995.0 2.0 64.8 71.0 7.6 0.0
2 933.4 2.0 63.4 76.6 6.2 0.35
1 672.928571429 2.0 59.8 85.6 5.8 0.194
3 756.5 0.0 55.0 74.0 4.0 0.0
1 908.166666667 2.0 61.0 79.0 2.0 0.0
3 1720.0 2.0 53.6 72.4 4.6 0.0
0 227.0 0.0 50.4 78.8 2.6 0.0
3 2018.125 1.0 68.0 71.2 8.4 0.0
1 467.6875 1.0 61.4 66.2 8.8 0.0
0 242.666666667 1.0 72.6 70.4 7.2 0.0
1 542.2 1.0 64.4 66.2 7.8 0.0
2 611.5 2.0 60.2 70.2 6.8 0.042
1 868.0 1.0 65.0 63.2 6.2 0.0
2 429.333333333 3.0 53.0 80.4 6.0 0.104
3 910.2 0.0 42.8 69.4 2.0 0.0
2 452.666666667 0.0 54.4 66.8 4.8 0.0
1 580.0 0.0 65.6 60.0 4.0 0.0
3 282.0 2.0 55.2 52.2 3.6 0.0
3 2893.5 2.0 70.6 65.6 4.4 0.0
0 399.75 0.0 61.4 70.4 3.8 0.0
2 817.6 2.0 67.2 40.2 2.8 0.002
0 503.75 0.0 51.4 71.6 3.0 0.0
1 532.55 0.0 51.8 77.6 1.6 0.0
2 918.25 3.0 44.4 59.4 1.4 0.0
1 1140.25 3.0 48.8 71.8 3.8 0.0
3 627.5 0.0 52.8 70.2 6.6 0.008
0 304.5 3.0 50.4 66.2 1.4 0.0
1 525.0 3.0 52.0 64.0 1.2 0.0
3 928.0 1.0 64.0 72.0 11.0 0.0
3 826.5 2.0 59.6 78.8 3.6 0.004
1 525.9375 2.0 55.4 66.0 6.0 0.0
3 640.0 2.0 70.0 66.8 4.6 0.0
2 722.5 0.0 52.8 65.8 4.4 0.0
1 580.923076923 3.0 50.6 61.4 7.4 0.0
0 602.0 0.0 61.0 73.2 6.0 0.04
3 784.5 1.0 73.4 60.8 5.4 0.0
1 1134.75 2.0 54.0 69.2 6.0 0.0
0 280.5 0.0 53.0 86.0 8.0 0.096
0 659.0 2.0 63.0 80.0 7.0 0.0
1 387.666666667 0.0 53.0 54.6 1.4 0.0
2 766.2 2.0 59.8 70.0 3.0 0.0
2 4159.75 2.0 71.4 67.6 4.6 0.0
2 422.0 0.0 60.2 65.0 8.6 0.0
1 729.692307692 2.0 63.2 68.8 8.8 0.0
1 514.9375 2.0 61.8 59.2 5.2 0.0
1 572.875 0.0 52.4 69.2 1.2 0.0
1 630.857142857 2.0 68.6 56.8 5.0 0.0
3 1165.0 2.0 57.6 71.6 5.6 0.0
2 802.75 2.0 56.6 66.6 2.4 0.0
0 175.0 1.0 69.8 70.8 6.6 0.0
3 2202.0 0.0 60.0 64.8 7.4 0.0
3 1166.5 0.0 55.4 68.6 7.4 0.008
2 379.5 1.0 68.6 70.2 8.2 0.0
1 600.6 0.0 62.0 62.4 11.0 0.0
1 800.458333333 2.0 69.8 67.6 6.6 0.0
1 327.0 3.0 44.8 62.4 2.4 0.0
3 716.0 0.0 46.4 51.4 13.6 0.0
0 270.5 0.0 54.0 68.6 5.8 0.0
3 415.0 2.0 60.6 66.4 6.6 0.0
1 627.041666667 0.0 58.2 73.4 1.8 0.0
0 613.25 0.0 54.6 80.0 2.4 0.0
3 737.0 0.0 70.0 48.0 5.2 0.0
0 748.0 2.0 58.4 78.2 3.8 0.0
1 582.818181818 2.0 55.8 67.0 1.8 0.0
0 292.0 0.0 60.4 60.0 12.8 0.0
1 509.304347826 0.0 59.6 66.8 6.2 0.0
0 126.0 2.0 65.2 72.6 5.0 0.0
2 6683.57142857 0.0 59.4 66.8 7.6 0.0
2 623.2 2.0 55.4 68.6 3.6 0.0
2 644.833333333 1.0 63.2 65.0 7.2 0.0
2 2530.42857143 0.0 64.0 61.2 11.6 0.0
2 500.25 0.0 59.2 60.6 9.4 0.0
3 401.0 0.0 59.0 66.8 7.6 0.0
1 545.5 0.0 59.4 67.6 8.2 0.0
0 219.0 0.0 52.0 68.2 4.6 0.02
0 671.0 0.0 58.4 81.4 4.2 0.0
2 758.4 0.0 59.6 66.8 6.2 0.0
0 607.0 0.0 59.6 71.6 7.0 0.0
1 416.4 2.0 62.0 65.0 9.0 0.0
2 477.25 0.0 50.8 48.6 1.8 0.0
1 1115.0 3.0 52.2 66.4 1.2 0.0
3 678.5 0.0 60.4 60.0 12.8 0.0
1 611.47826087 0.0 55.8 62.0 6.6 0.002
2 1800.54545455 3.0 43.8 63.8 8.6 0.064
3 1146.66666667 2.0 74.6 41.8 3.4 0.0
3 616.0 1.0 70.2 73.6 8.4 0.0
2 256.0 2.0 58.4 78.2 3.8 0.0
1 498.454545455 2.0 53.8 70.8 1.2 0.0
0 315.333333333 0.0 51.4 77.6 9.6 0.268
0 234.0 2.0 57.8 36.0 6.0 0.0
3 758.666666667 2.0 65.6 70.6 4.8 0.0
1 1358.8125 0.0 53.6 82.6 3.0 0.0
1 583.80952381 2.0 55.4 68.6 3.6 0.0
2 438.0 2.0 55.8 67.0 1.8 0.0
1 603.058823529 1.0 68.0 71.2 8.4 0.0
3 1001.4 2.0 65.4 46.8 3.6 0.0
2 589.833333333 2.0 70.2 64.4 4.2 0.0
1 734.142857143 2.0 64.8 74.6 9.0 0.106
1 585.366666667 0.0 51.4 71.6 3.0 0.0
3 802.2 0.0 50.8 80.8 2.8 0.0
3 1265.0 0.0 67.8 57.8 6.6 0.0
3 780.2 3.0 47.8 64.8 1.0 0.0
0 399.0 0.0 53.0 83.0 2.6 0.0
2 715.25 2.0 52.2 67.0 2.0 0.0
2 595.2 0.0 53.6 82.6 3.0 0.0
3 863.0 2.0 67.0 69.0 8.0 0.0
3 457.0 1.0 66.0 69.4 7.6 0.0
2 606.75 0.0 51.8 77.6 1.6 0.0
1 703.5 0.0 47.8 69.0 1.0 0.0
2 15878.6 0.0 59.4 69.8 10.0 0.054
2 7408.0 0.0 57.4 75.6 7.0 0.014
1 616.454545455 0.0 53.6 46.8 4.2 0.0
1 11747.0 1.0 69.2 68.4 6.2 0.0
3 827.5 2.0 65.8 55.4 5.0 0.0
1 2031.69230769 0.0 48.2 76.0 1.6 0.0
3 1465.0 3.0 50.4 66.2 1.4 0.0
2 708.0 0.0 51.2 78.0 9.0 0.302
3 269.0 2.0 68.4 65.0 4.8 0.0
2 584.5 2.0 56.2 69.6 4.2 0.0
0 739.5 0.0 59.8 69.0 6.0 0.214
0 284.0 2.0 67.4 74.0 6.8 0.0
1 6477.0 1.0 69.0 71.2 7.6 0.0
0 557.666666667 0.0 61.6 77.2 18.0 0.696
3 1340.0 1.0 71.0 68.0 6.2 0.0
2 810.4 0.0 55.4 72.2 8.0 0.132
1 552.0 1.0 61.2 63.2 9.4 0.0
3 427.0 0.0 58.2 71.2 8.6 0.0
3 483.0 2.0 58.4 78.2 3.8 0.0
0 443.75 2.0 69.0 32.0 6.6 0.0
2 628.5 0.0 75.4 35.6 5.2 0.0
3 757.0 0.0 63.2 62.2 5.6 0.0
3 584.0 0.0 60.2 65.0 8.6 0.0
1 727.285714286 2.0 56.0 80.2 3.0 0.002
3 414.0 0.0 53.8 84.8 3.0 0.0
2 923.0 1.0 65.0 63.2 6.2 0.0
1 958.666666667 1.0 65.0 66.4 6.6 0.0
2 725.75 0.0 61.0 58.0 11.0 0.0
1 627.111111111 2.0 72.0 57.2 3.6 0.0
0 368.75 2.0 60.0 66.8 5.2 0.0
0 248.5 2.0 53.8 54.2 2.2 0.0
0 803.0 2.0 68.8 64.2 7.2 0.342
1 543.611111111 0.0 63.8 72.2 7.8 0.0
0 503.5 0.0 53.8 57.0 3.0 0.0
0 185.0 2.0 71.4 65.6 5.8 0.0
2 765.0 0.0 67.8 57.8 6.6 0.0
3 644.0 2.0 57.8 77.2 3.4 0.0
3 527.0 0.0 50.0 67.0 7.0 0.0
3 510.0 3.0 59.6 79.4 7.4 0.002
1 639.75 0.0 51.2 68.6 5.8 0.0
1 551.142857143 2.0 57.8 36.0 6.0 0.0
2 2762.0 1.0 70.6 65.4 8.0 0.002
2 603.0 1.0 66.0 69.4 7.6 0.0
0 283.0 1.0 65.6 72.4 6.8 0.0
3 839.5 3.0 46.0 46.0 5.0 0.0
1 701.722222222 3.0 48.0 60.0 3.0 0.0
3 592.0 2.0 60.2 78.4 3.2 0.004
3 113.0 1.0 69.8 71.2 6.6 0.0
2 4706.85714286 0.0 59.0 76.6 7.0 0.0
2 1721.33333333 0.0 55.4 72.6 2.8 0.0
3 267.0 3.0 43.8 63.8 8.6 0.064
0 786.333333333 2.0 67.6 59.4 5.4 0.0
2 1003.8 0.0 52.6 72.0 5.2 0.032
2 6249.2 0.0 58.2 62.0 6.8 0.0
3 291.5 0.0 59.2 62.2 6.2 0.0
1 610.142857143 2.0 59.8 70.0 3.0 0.0
0 406.666666667 1.0 68.6 70.2 8.2 0.0
1 621.333333333 0.0 59.8 57.8 6.2 0.0
1 553.105263158 2.0 55.2 78.6 4.0 0.0
3 590.0 1.0 69.0 71.0 8.0 0.0
3 661.333333333 2.0 65.4 70.0 6.8 0.0
1 559.461538462 0.0 52.8 67.2 3.2 0.0
1 635.176470588 0.0 63.2 62.4 6.4 0.0
1 555.764705882 2.0 63.0 60.2 6.4 0.0
0 530.5 1.0 63.2 65.0 7.2 0.0
1 761.526315789 2.0 71.6 65.2 6.4 0.0
3 584.0 0.0 55.2 73.8 2.0 0.0
1 3304.73333333 0.0 66.4 57.6 5.6 0.0
3 751.4 2.0 55.2 57.6 3.0 0.0
2 370.333333333 0.0 60.0 74.0 9.6 0.0
2 2224.0 3.0 47.8 64.8 1.0 0.0
0 280.0 2.0 65.4 70.0 6.8 0.0
0 316.0 0.0 58.6 66.0 5.2 0.0
1 657.5625 0.0 54.6 34.4 9.4 0.0
0 500.0 0.0 55.8 76.6 2.2 0.0
0 229.0 0.0 61.4 55.0 10.0 0.0
2 1303.75 2.0 59.8 80.6 8.6 0.056
2 632.5 0.0 52.4 60.8 2.2 0.0
0 516.75 0.0 54.6 60.6 3.4 0.0
0 717.5 3.0 43.2 51.0 3.4 0.0
1 882.333333333 2.0 55.2 76.6 2.6 0.0
1 668.533333333 0.0 59.2 77.0 6.4 0.008
0 295.5 3.0 57.8 82.0 3.2 0.0
3 1482.0 1.0 74.2 60.2 6.0 0.0
0 295.333333333 0.0 60.8 74.8 3.2 0.0
1 653.375 2.0 56.8 88.4 5.4 0.348
3 792.666666667 0.0 57.6 65.4 6.0 0.0
0 350.5 1.0 70.0 68.0 9.0 0.0
2 913.2 1.0 68.6 68.4 7.0 0.0
1 735.75 1.0 66.0 69.6 6.8 0.0
1 576.25 0.0 52.4 60.8 2.2 0.0
1 701.6875 2.0 68.6 71.2 7.2 0.0
1 1433.72 2.0 56.0 64.8 3.4 0.0
1 1197.625 3.0 58.0 76.2 2.8 0.004
0 193.0 1.0 68.4 65.0 6.0 0.0
2 4725.42857143 2.0 65.4 76.0 6.2 0.32
0 569.0 1.0 75.2 63.0 6.4 0.0
3 667.0 0.0 54.6 52.0 3.4 0.0
2 3984.25 2.0 74.6 41.8 3.4 0.0
3 1073.5 0.0 53.8 57.0 3.0 0.0
1 440.5 0.0 60.0 74.0 9.6 0.0
3 792.6 2.0 72.0 57.2 3.6 0.0
2 1031.6 0.0 41.8 64.6 2.0 0.0
3 538.5 0.0 63.0 68.0 4.8 0.0
3 407.0 0.0 58.6 66.0 5.2 0.0
2 806.4 2.0 74.0 41.4 3.6 0.0
2 798.666666667 0.0 56.2 80.4 3.6 0.0
0 378.0 1.0 71.2 70.2 9.0 0.0
2 421.0 2.0 56.4 79.2 4.6 0.208
3 891.0 2.0 64.6 73.0 4.4 0.0
2 1053.0 2.0 59.2 62.4 4.2 0.0
1 486.476190476 0.0 59.6 71.2 8.4 0.0
2 1385.0 2.0 63.6 79.6 5.0 0.0
3 627.5 0.0 46.4 37.2 6.2 0.0
3 398.0 0.0 59.8 69.0 9.0 0.0
1 535.125 2.0 67.2 73.2 5.6 0.0
1 4224.25 1.0 68.0 66.0 7.4 0.0
2 4795.0 2.0 56.8 83.0 4.4 0.272
3 777.666666667 2.0 67.6 72.2 7.0 0.0
0 499.2 0.0 47.4 70.4 4.6 0.022
1 701.0 0.0 72.8 36.6 5.0 0.0
1 612.181818182 0.0 60.6 58.2 6.8 0.0
2 863.333333333 0.0 58.4 58.2 8.2 0.0
0 1137.0 0.0 60.0 70.0 7.0 0.0
3 745.333333333 0.0 62.2 64.0 11.6 0.0
2 630.6 0.0 55.2 73.8 2.0 0.0
2 1768.27272727 2.0 65.4 70.0 6.8 0.0
3 837.0 2.0 67.6 59.4 5.4 0.0
2 587.5 3.0 43.6 65.4 5.4 0.122
1 531.25 0.0 62.0 63.4 4.6 0.0
2 8715.75 0.0 60.0 66.4 7.4 0.0
0 209.333333333 1.0 69.8 71.2 6.6 0.0
0 726.5 2.0 51.6 69.0 1.4 0.0
3 1302.0 1.0 68.6 70.2 8.2 0.0
0 1131.0 2.0 71.6 43.0 3.6 0.0
2 571.666666667 0.0 52.2 52.8 1.8 0.0
1 336.75 3.0 58.2 86.0 7.0 0.94
0 497.666666667 3.0 59.6 79.4 7.4 0.002
2 996.0 2.0 62.0 60.0 7.0 0.0
3 731.0 0.0 61.6 77.2 18.0 0.696
2 554.4 0.0 53.6 46.8 4.2 0.0
3 568.0 3.0 50.6 61.4 7.4 0.0
2 9702.4 0.0 54.6 34.4 9.4 0.0
1 709.0 1.0 68.6 58.8 7.0 0.0
1 726.133333333 1.0 77.2 53.0 6.0 0.0
0 625.6 2.0 57.8 77.2 3.4 0.0
1 434.833333333 0.0 49.2 58.0 1.6 0.0
1 2378.29411765 0.0 59.4 69.8 10.0 0.054
3 389.0 3.0 52.0 50.0 10.0 0.0
2 2847.42857143 0.0 47.8 69.0 1.0 0.0
2 399.6 0.0 57.0 59.8 6.2 0.0
1 772.5625 2.0 68.2 75.2 5.8 0.0
3 478.0 2.0 71.4 65.6 5.8 0.0
2 770.666666667 0.0 57.0 87.0 4.0 0.0
2 492.285714286 2.0 64.8 64.6 2.4 0.0
0 445.0 1.0 67.6 71.0 8.0 0.0
3 1017.75 0.0 64.2 44.2 9.0 0.0
0 637.666666667 0.0 51.2 61.6 0.8 0.0
1 726.588235294 1.0 68.6 70.4 7.0 0.0
2 917.0 2.0 68.8 64.2 7.2 0.342
2 453.333333333 0.0 52.8 70.0 1.8 0.0
2 7712.25 3.0 60.8 84.2 10.8 0.93
0 766.333333333 2.0 66.4 71.8 6.0 0.0
3 418.5 0.0 50.0 60.8 1.2 0.0
2 9229.33333333 0.0 69.4 45.4 3.8 0.0
2 382.0 0.0 61.4 72.8 6.2 0.0
1 674.416666667 0.0 55.4 72.2 8.0 0.132
1 627.545454545 0.0 58.8 65.8 6.2 0.006
0 13874.5 0.0 53.8 84.8 3.0 0.0
0 928.0 0.0 56.8 54.4 1.8 0.0
0 1111.0 0.0 60.2 65.0 8.6 0.0
3 628.0 0.0 60.4 70.4 2.0 0.0
1 487.928571429 0.0 56.6 46.2 3.6 0.0
2 1270.42857143 1.0 69.0 71.2 7.6 0.0
0 2644.8 1.0 70.2 73.6 8.4 0.0
2 464.285714286 3.0 59.6 79.4 7.4 0.002
3 756.0 2.0 69.0 32.0 6.6 0.0
1 1250.61538462 0.0 50.8 69.2 1.4 0.0
0 220.333333333 0.0 58.2 71.2 8.6 0.0
0 508.0 0.0 54.0 72.0 4.4 0.0
1 1769.16666667 0.0 63.0 57.2 7.8 0.0
1 3370.17647059 0.0 64.6 67.0 8.2 0.0
1 1722.10714286 1.0 68.8 70.2 7.2 0.0
0 251.5 1.0 64.2 69.0 7.8 0.0
0 122.0 3.0 49.6 70.2 3.2 0.0
3 350.0 2.0 67.4 74.0 6.8 0.0
3 670.0 0.0 52.0 68.2 4.6 0.02
1 449.941176471 1.0 63.2 70.4 9.6 0.0
2 1453.0 3.0 54.0 74.0 7.0 0.0
2 621.0 2.0 65.8 55.4 5.0 0.0
1 432.5 1.0 67.2 69.0 6.2 0.0
1 498.210526316 0.0 54.6 71.4 10.2 0.23
1 1877.3125 0.0 52.8 71.0 4.4 0.0
3 956.0 1.0 70.0 73.2 9.0 0.0
2 4520.66666667 3.0 52.0 64.0 1.2 0.0
2 564.571428571 3.0 58.0 83.0 2.2 0.004
3 812.25 2.0 62.0 46.6 8.4 0.0
2 3402.25 1.0 68.8 70.2 7.2 0.0
2 818.2 2.0 69.2 72.8 5.2 0.0
0 434.0 1.0 66.0 69.4 7.6 0.0
1 512.166666667 0.0 59.4 66.8 7.6 0.0
0 1320.0 0.0 49.2 58.0 1.6 0.0
0 224.666666667 1.0 70.6 67.2 7.0 0.0
2 649.0 0.0 50.8 69.2 1.4 0.0
3 463.333333333 2.0 66.0 64.0 9.6 0.0
2 338.75 0.0 59.6 70.2 7.8 0.004
1 512.941176471 0.0 62.2 60.0 5.8 0.0
2 828.75 0.0 51.2 68.6 5.8 0.0
2 451.0 0.0 61.6 42.8 10.6 0.0
2 311.5 2.0 69.8 67.6 6.6 0.0
2 847.0 2.0 57.0 73.0 13.0 0.0
0 1154.0 3.0 50.0 66.6 8.4 0.0
1 613.5 0.0 57.4 68.2 7.0 0.0
2 979.0 1.0 70.4 73.2 7.4 0.0
2 508.5 0.0 53.0 86.0 8.0 0.096
3 1082.0 2.0 65.8 68.8 5.6 0.0
2 560.8 0.0 55.8 62.0 6.6 0.002
1 3091.44444444 2.0 72.2 63.6 5.0 0.0
0 257.0 2.0 65.6 74.6 4.4 0.0
2 2669.0 2.0 61.8 59.2 5.2 0.0
1 575.0 2.0 59.8 80.6 8.6 0.056
1 638.333333333 2.0 71.4 67.6 4.6 0.0
1 1368.33333333 0.0 59.8 65.2 3.4 0.0
2 697.8 1.0 63.2 70.4 9.6 0.0
1 505.894736842 2.0 69.6 68.4 7.0 0.0
1 551.782608696 0.0 56.0 61.0 4.4 0.0
1 4390.76923077 1.0 68.0 70.8 7.4 0.0
0 465.0 0.0 52.8 70.2 6.6 0.008
1 513.75 0.0 53.4 85.8 3.0 0.0
1 562.0 0.0 52.2 52.8 1.8 0.0
2 337.0 2.0 60.4 64.8 5.6 0.0
0 617.75 0.0 58.8 61.6 12.2 0.016
1 2256.63157895 1.0 69.0 73.0 6.8 0.0
2 844.666666667 3.0 50.0 49.0 7.0 0.0
3 397.0 0.0 59.6 71.6 7.0 0.0
2 733.0 1.0 67.0 69.0 9.0 0.0
0 553.0 2.0 58.6 73.2 3.4 0.0
1 605.947368421 1.0 72.4 64.6 6.6 0.0
3 521.0 0.0 58.2 57.0 3.0 0.0
0 846.5 2.0 68.6 71.2 7.2 0.0
0 248.0 2.0 53.6 72.4 4.6 0.0
1 667.708333333 2.0 65.2 72.2 3.2 0.002
1 497.0 0.0 45.8 74.0 2.4 0.0
3 432.5 1.0 62.6 66.8 8.0 0.0
1 538.461538462 0.0 54.4 66.8 4.8 0.0
3 453.0 0.0 54.0 70.0 4.0 0.0
1 657.5 0.0 54.0 63.0 12.0 0.0
1 593.647058824 2.0 55.6 64.6 6.4 0.002
0 268.0 2.0 64.8 71.0 7.6 0.0
1 3487.1 3.0 54.0 83.0 8.0 0.13
3 513.666666667 0.0 63.0 66.2 7.2 0.0
0 688.5 0.0 60.4 70.4 2.0 0.0
2 3081.125 1.0 65.8 72.0 9.0 0.0
1 401.5 1.0 62.2 65.6 6.4 0.0
3 752.0 2.0 54.6 66.8 1.6 0.0
1 877.666666667 0.0 52.8 65.8 4.4 0.0
1 766.0 2.0 63.4 76.6 6.2 0.35
2 651.0 0.0 62.0 63.4 4.6 0.0
2 451.5 2.0 69.2 70.4 6.8 0.0
0 282.0 1.0 74.2 60.2 6.0 0.0
0 710.333333333 2.0 57.4 81.8 4.0 0.0
3 863.545454545 1.0 70.4 73.2 7.4 0.0
1 795.166666667 0.0 54.2 59.2 7.8 0.0
2 910.571428571 0.0 62.4 55.4 5.8 0.0
3 961.5 0.0 61.0 73.2 6.0 0.04
3 1817.5 2.0 51.6 69.0 1.4 0.0
1 400.0 2.0 56.8 83.0 4.4 0.272
3 902.5 0.0 62.8 67.0 3.4 0.0
2 3242.6 0.0 56.6 46.2 3.6 0.0
1 661.666666667 0.0 61.8 48.6 4.6 0.0
1 2577.78571429 0.0 61.6 42.8 10.6 0.0
0 251.5 0.0 62.2 64.0 11.6 0.0
1 786.142857143 2.0 57.0 76.0 4.4 0.0
2 879.5 1.0 77.2 53.0 6.0 0.0
0 183.5 2.0 67.6 72.2 7.0 0.0
3 885.75 2.0 58.6 81.0 6.6 0.226
3 506.0 2.0 67.0 71.0 8.0 0.0
3 314.0 2.0 57.8 61.4 2.4 0.0
1 626.0625 1.0 67.8 68.8 6.8 0.0
3 771.333333333 3.0 60.6 76.8 3.6 0.002
2 560.0 0.0 49.0 87.0 2.0 0.0
0 585.0 0.0 61.6 42.8 10.6 0.0
1 627.333333333 0.0 56.6 57.2 7.0 0.0
1 720.533333333 0.0 54.0 68.6 5.8 0.0
2 515.5 0.0 66.4 57.6 5.6 0.0
2 8433.16666667 1.0 70.8 58.2 8.2 0.0
1 723.052631579 1.0 70.6 67.2 7.0 0.0
3 551.0 1.0 71.2 70.2 9.0 0.0
2 575.666666667 1.0 61.4 66.2 8.8 0.0
1 700.75 2.0 72.2 70.0 7.6 0.0
0 290.5 0.0 55.2 76.8 8.4 0.22
0 684.0 2.0 62.0 60.2 11.8 0.0
0 607.4 2.0 69.8 67.6 6.6 0.0
0 547.5 0.0 63.0 60.4 4.2 0.0
3 433.0 1.0 63.0 73.0 10.0 0.0
0 439.6 0.0 59.8 67.2 8.2 0.0
1 633.25 0.0 56.4 45.6 2.4 0.0
2 1113.4 0.0 61.4 70.4 3.8 0.0
1 825.5 1.0 73.0 68.8 5.6 0.0
0 850.0 2.0 72.0 57.2 3.6 0.0
2 453.333333333 2.0 55.0 90.0 7.0 0.63
3 482.0 1.0 65.6 72.4 6.8 0.0
0 530.6 0.0 54.6 52.0 3.4 0.0
3 524.0 2.0 70.2 64.4 4.2 0.0
0 666.0 0.0 47.0 70.0 4.2 0.0
2 1488.16666667 0.0 59.4 47.4 4.0 0.0
2 902.5 3.0 57.6 81.4 2.0 0.014
2 852.545454545 0.0 56.4 67.4 4.2 0.0
3 2540.22222222 3.0 52.6 46.0 2.0 0.0
2 3343.0 0.0 60.2 72.8 2.4 0.0
2 979.833333333 0.0 57.8 67.0 3.6 0.0
2 3563.0 0.0 75.4 45.6 4.4 0.0
1 453.631578947 0.0 56.8 47.4 11.6 0.0
2 974.9 1.0 68.0 69.8 7.2 0.0
1 641.0 0.0 50.8 71.8 4.6 0.0
0 479.0 0.0 53.4 81.8 4.6 0.004
2 3550.2 0.0 52.8 62.6 2.4 0.0
1 659.5 2.0 60.6 68.2 3.8 0.0
1 730.611111111 1.0 70.6 65.4 8.0 0.002
0 194.0 2.0 60.4 64.8 5.6 0.0
3 546.333333333 2.0 68.8 64.2 7.2 0.342
3 758.0 0.0 56.0 65.6 5.8 0.014
2 1590.25 0.0 66.0 61.0 8.0 0.0
3 712.0 2.0 60.6 58.2 2.0 0.0
3 550.0 1.0 61.2 63.2 9.4 0.0
2 839.0 1.0 65.0 73.0 7.0 0.0
3 446.5 0.0 72.8 36.6 5.0 0.0
0 641.0 0.0 59.4 47.4 4.0 0.0
2 1032.33333333 2.0 56.2 82.2 4.8 0.0
3 582.0 0.0 60.2 72.8 2.4 0.0
3 817.0 2.0 62.0 68.0 9.0 0.0
0 867.0 3.0 48.0 71.2 2.2 0.0
1 1119.8 1.0 65.8 72.0 9.0 0.0
2 829.2 0.0 63.2 62.4 6.4 0.0
2 575.0 2.0 62.6 64.8 4.4 0.0
3 412.0 2.0 52.2 73.6 3.2 0.0
2 4617.72222222 2.0 69.0 32.0 6.6 0.0
2 413.75 1.0 74.2 60.2 6.0 0.0
2 524.0 1.0 67.8 68.8 6.8 0.0
1 580.2 2.0 59.0 50.6 1.2 0.0
0 627.6 0.0 55.2 73.8 2.0 0.0
3 435.0 0.0 58.2 62.0 6.8 0.0
0 405.333333333 2.0 55.8 67.0 1.8 0.0
3 276.0 2.0 56.0 85.8 3.4 0.184
2 438.0 2.0 56.0 64.0 11.0 0.0
3 423.0 0.0 60.2 76.8 6.4 0.0
3 922.0 0.0 55.0 63.0 6.0 0.0
2 4917.5 2.0 65.2 72.2 3.2 0.002
1 572.416666667 2.0 52.2 73.6 3.2 0.0
2 2133.8 1.0 69.0 72.2 6.8 0.0
1 590.0 1.0 67.6 66.8 6.2 0.0
0 455.0 0.0 57.0 59.8 6.2 0.0
2 663.5 0.0 53.2 55.0 1.8 0.0
2 5013.5 0.0 57.8 73.4 11.2 0.178
0 222.333333333 2.0 55.2 52.2 3.6 0.0
1 580.6875 0.0 58.2 65.2 4.4 0.0
2 702.0 2.0 57.8 77.2 3.4 0.0
2 5785.625 0.0 52.4 64.0 2.2 0.0
0 191.0 0.0 63.0 63.6 7.6 0.0
2 941.466666667 2.0 62.0 46.6 8.4 0.0
2 695.5 0.0 64.2 44.2 9.0 0.0
1 517.565217391 2.0 58.8 46.6 3.0 0.0
1 2889.66666667 3.0 54.6 69.6 2.0 0.0
2 400.0 1.0 71.4 69.4 5.8 0.0
3 867.0 2.0 57.4 72.2 3.0 0.0
2 1850.25 0.0 53.6 70.2 3.0 0.0
1 516.25 3.0 50.2 54.2 8.2 0.0
0 537.666666667 0.0 64.0 68.6 5.0 0.0
1 530.266666667 0.0 59.8 69.0 6.0 0.214
2 582.222222222 0.0 51.0 73.0 6.0 0.0
1 671.615384615 0.0 51.2 78.0 9.0 0.302
2 632.777777778 0.0 59.8 67.2 8.2 0.0
0 658.5 3.0 48.0 43.6 2.4 0.0
2 487.875 0.0 63.8 72.2 7.8 0.0
1 690.588235294 1.0 66.4 74.8 8.0 0.0
3 609.5 0.0 66.4 59.8 4.0 0.0
2 709.555555556 0.0 60.4 70.4 2.0 0.0
0 1422.0 0.0 50.8 80.8 2.8 0.0
2 606.666666667 2.0 69.2 53.0 4.8 0.0
1 714.913043478 1.0 68.0 66.8 7.8 0.0
2 548.111111111 1.0 68.0 68.0 13.0 0.0
1 788.0 0.0 57.4 75.6 7.0 0.014
1 9205.0 1.0 66.2 71.4 8.4 0.0
1 593.0625 0.0 65.4 31.2 10.6 0.0
2 450.0 0.0 56.0 65.6 5.8 0.014
2 675.666666667 2.0 60.6 58.2 2.0 0.0
1 636.0 0.0 59.0 76.6 7.0 0.0
2 516.0 0.0 60.8 74.8 3.2 0.0
1 547.473684211 2.0 62.6 74.2 6.0 0.006
3 694.0 2.0 55.6 64.6 6.4 0.002
1 2632.95454545 2.0 62.6 64.8 4.4 0.0
3 2945.0 2.0 53.8 54.2 2.2 0.0
2 629.5 0.0 57.4 68.2 7.0 0.0
2 689.5 0.0 57.4 71.2 5.6 0.0
1 387.0 1.0 70.0 73.2 9.0 0.0
2 1077.66666667 0.0 42.8 69.4 2.0 0.0
2 933.0 0.0 55.8 76.6 2.2 0.0
0 405.75 2.0 69.8 54.2 4.2 0.0
2 412.5 0.0 56.0 73.0 7.0 0.036
3 846.0 0.0 52.8 71.0 4.4 0.0
1 514.714285714 2.0 56.2 69.6 4.2 0.0
1 610.3 0.0 62.4 85.8 6.6 0.086
1 673.875 3.0 43.2 51.0 3.4 0.0
2 2669.0 0.0 61.4 69.6 5.2 0.0
2 989.75 0.0 54.0 75.0 8.0 0.15
3 714.75 0.0 60.2 60.0 5.4 0.0
0 998.5 2.0 66.0 64.0 9.6 0.0
1 921.166666667 2.0 72.4 50.0 3.8 0.0
1 412.0 2.0 53.0 69.2 1.0 0.0
2 371.0 0.0 53.2 52.8 2.0 0.0
1 816.666666667 1.0 70.6 60.2 6.2 0.0
0 503.666666667 0.0 57.4 71.2 5.6 0.0
0 622.75 0.0 52.6 66.8 2.6 0.0
1 577.666666667 3.0 43.8 63.8 8.6 0.064
3 1122.6 2.0 70.8 74.0 7.4 0.0
0 543.0 2.0 55.4 66.0 6.0 0.0
0 236.5 0.0 64.8 46.8 8.4 0.0
0 610.2 0.0 57.0 57.0 13.0 0.0
3 541.0 2.0 55.0 78.0 3.0 0.0
2 1513.8 2.0 61.4 61.0 3.6 0.0
3 378.0 0.0 59.2 68.6 8.2 0.02
1 8014.25 2.0 52.2 67.0 2.0 0.0
1 2280.72727273 2.0 62.6 71.4 6.2 0.002
2 658.857142857 1.0 67.4 68.4 8.6 0.0
0 696.75 0.0 57.6 83.4 3.0 0.0
3 509.666666667 0.0 54.2 54.4 3.0 0.0
3 692.0 0.0 55.0 78.0 6.0 0.0
0 542.2 3.0 40.6 50.8 2.2 0.0
2 2088.72727273 2.0 69.0 76.8 6.4 0.0
2 815.125 2.0 57.0 73.0 4.4 0.0
3 391.0 0.0 59.4 69.8 10.0 0.054
1 3400.2 0.0 59.2 60.6 9.4 0.0
2 559.666666667 0.0 60.4 55.0 10.6 0.0
1 654.933333333 1.0 64.6 71.4 6.4 0.0
2 7359.91666667 0.0 54.4 61.8 10.2 0.0
0 2555.0 3.0 47.8 64.8 1.0 0.0
2 2545.875 0.0 60.0 64.8 7.4 0.0
2 885.0 0.0 65.0 62.0 6.0 0.0
1 785.5 0.0 52.8 62.6 2.4 0.0
2 486.875 2.0 72.2 70.0 7.6 0.0
0 680.666666667 2.0 54.8 53.8 4.8 0.0
2 815.285714286 0.0 52.6 72.0 3.2 0.0
1 536.0 0.0 57.6 55.8 14.2 0.0
1 585.888888889 2.0 57.0 73.0 4.4 0.0
3 448.5 3.0 48.0 43.6 2.4 0.0
0 874.5 3.0 52.8 78.2 5.0 0.0
0 36307.5 2.0 60.6 63.0 4.2 0.0
3 186.0 0.0 55.4 72.6 2.8 0.0
1 573.9375 2.0 57.4 72.2 3.0 0.0
2 559.333333333 1.0 64.8 74.6 8.4 0.0
2 473.5 0.0 47.6 69.0 2.0 0.0
3 687.0 3.0 53.0 63.0 1.0 0.0
1 475.9375 2.0 58.4 78.2 3.8 0.0
3 1192.0 0.0 54.4 85.4 3.6 0.002
3 648.5 3.0 56.0 74.6 6.2 0.0
2 987.5 1.0 63.6 62.8 9.0 0.0
1 1156.88888889 0.0 68.6 59.6 3.6 0.0
1 548.8125 0.0 67.8 42.8 4.8 0.0
2 955.722222222 2.0 53.8 54.2 2.2 0.0
1 632.615384615 0.0 53.0 76.6 5.0 0.004
1 728.6 2.0 67.2 71.2 7.2 0.0
1 8342.47826087 2.0 60.4 62.6 4.4 0.0
0 585.0 1.0 61.4 66.2 8.8 0.0
3 712.0 0.0 65.2 58.0 5.2 0.0
1 596.882352941 3.0 44.4 63.8 1.4 0.0
0 195.5 1.0 68.0 70.4 8.0 0.0
2 4690.125 0.0 67.2 36.4 7.4 0.0
0 245.0 1.0 68.6 70.4 7.0 0.0
3 470.5 0.0 56.0 48.0 2.0 0.0
1 495.4 0.0 46.4 37.2 6.2 0.0
2 543.571428571 0.0 60.0 45.0 7.8 0.0
3 465.8 1.0 68.0 70.8 7.4 0.0
0 270.0 1.0 69.4 72.8 7.6 0.0
3 583.0 2.0 60.4 62.6 4.4 0.0
2 468.25 3.0 59.8 81.2 3.0 0.028
1 7716.5 2.0 67.2 40.2 2.8 0.002
1 635.80952381 0.0 52.8 70.0 1.8 0.0
0 640.666666667 0.0 57.0 55.4 3.2 0.0
2 820.909090909 3.0 54.6 69.6 2.0 0.0
3 1796.5 0.0 62.2 68.4 5.6 0.0
1 537.285714286 0.0 60.8 74.8 3.2 0.0
3 383.0 0.0 69.4 45.4 3.8 0.0
3 560.0 1.0 66.0 71.0 11.0 0.0
2 954.2 2.0 68.6 56.8 5.0 0.0
2 833.0 2.0 58.4 70.0 2.8 0.0
3 612.666666667 2.0 60.0 72.0 5.0 0.0
0 333.0 2.0 62.8 51.0 3.2 0.0
0 204.0 1.0 67.6 72.0 7.6 0.0
1 522.0625 1.0 69.8 70.8 6.6 0.0
0 285.0 0.0 62.4 55.4 5.8 0.0
0 261.333333333 2.0 55.2 57.6 3.0 0.0
2 594.0 0.0 58.2 71.2 8.6 0.0
1 680.181818182 2.0 64.8 78.0 6.2 0.0
2 793.111111111 2.0 54.0 69.2 6.0 0.0
2 575.833333333 1.0 69.6 73.6 6.0 0.0
3 795.0 0.0 65.0 68.0 5.0 0.0
3 677.0 0.0 62.8 65.8 9.0 0.0
2 1585.14285714 2.0 61.2 59.0 3.6 0.032
3 870.0 0.0 54.0 92.0 11.0 0.23
0 362.666666667 0.0 57.2 70.6 8.0 0.0
2 642.833333333 3.0 48.0 43.6 2.4 0.0
1 482.833333333 3.0 39.2 60.2 4.6 0.0
2 659.2 0.0 52.0 83.0 6.0 0.0
3 474.0 0.0 57.0 59.8 6.2 0.0
1 681.105263158 2.0 65.4 76.0 6.2 0.32
2 773.071428571 3.0 47.4 65.4 1.0 0.0
0 366.0 0.0 69.4 63.8 5.0 0.0
1 596.0 2.0 54.8 63.2 2.4 0.0
0 677.0 0.0 60.0 45.0 7.8 0.0
2 595.5 0.0 53.8 76.8 3.4 0.0
1 586.5625 0.0 59.0 84.0 4.0 0.0
2 977.0 2.0 72.0 57.2 3.6 0.0
0 275.0 1.0 65.2 65.6 9.8 0.0
0 534.0 2.0 57.0 76.0 4.4 0.0
0 454.8 0.0 58.4 71.0 2.2 0.0
3 286.5 0.0 55.4 72.2 8.0 0.132
0 241.333333333 0.0 62.0 62.4 11.0 0.0
0 460.0 0.0 60.0 64.8 7.4 0.0
1 918.0 0.0 59.6 63.6 2.0 0.0
3 849.0 1.0 68.8 70.2 7.2 0.0
3 1107.33333333 0.0 48.8 60.2 4.6 0.0
2 47006.2857143 2.0 69.6 68.8 4.8 0.0
2 513.5 1.0 65.2 63.8 10.2 0.0
2 1177.0 1.0 75.2 63.0 6.4 0.0
1 587.75 0.0 55.6 80.4 5.4 0.082
3 654.333333333 0.0 61.4 70.4 3.8 0.0
2 1079.5 0.0 65.4 49.4 6.4 0.0
1 577.0 0.0 59.0 71.0 10.0 0.05
2 2888.75 2.0 59.8 85.6 5.8 0.194
0 412.0 0.0 49.0 75.8 8.0 0.22
0 632.0 2.0 56.0 80.2 3.0 0.002
1 623.826086957 0.0 61.4 73.0 8.2 0.0
3 939.0 1.0 69.4 72.2 6.4 0.0
2 3934.66666667 0.0 53.4 70.4 7.4 0.0
3 470.0 1.0 66.6 73.2 7.4 0.0
1 548.380952381 2.0 64.0 73.6 6.2 0.0
2 263.0 1.0 69.8 67.8 7.6 0.0
0 637.5 2.0 67.0 43.6 4.4 0.0
1 1876.8125 2.0 51.6 69.0 1.4 0.0
1 676.5 1.0 65.6 57.4 6.6 0.0
0 792.5 2.0 65.2 42.4 2.4 0.0
2 1133.28571429 1.0 68.0 71.0 8.0 0.0
1 1887.04545455 0.0 66.0 61.0 8.0 0.0
2 501.5 2.0 55.2 57.6 3.0 0.0
1 456.666666667 0.0 64.2 44.2 9.0 0.0
0 279.0 1.0 68.0 71.2 8.4 0.0
2 899.769230769 0.0 59.0 70.0 12.0 0.0
0 346.0 0.0 56.6 73.2 3.4 0.0
2 3447.57142857 0.0 67.0 49.6 6.0 0.0
1 662.157894737 0.0 54.0 75.0 6.0 0.0
2 305.8 0.0 56.8 47.4 11.6 0.0
2 537.0 3.0 60.4 82.8 6.4 0.028
3 485.5 1.0 68.6 70.4 7.0 0.0
0 224.333333333 2.0 64.8 64.6 2.4 0.0
2 1626.69230769 0.0 57.6 65.4 6.0 0.0
3 424.0 2.0 69.2 70.4 5.0 0.0
1 630.695652174 1.0 67.4 68.4 8.6 0.0
2 786.272727273 2.0 57.6 66.8 2.0 0.0
3 445.0 0.0 62.0 63.4 4.6 0.0
0 274.0 0.0 60.6 58.2 6.8 0.0
2 812.090909091 2.0 62.8 61.0 6.2 0.0
3 166.0 0.0 41.0 64.0 4.0 0.0
1 648.421052632 0.0 55.4 72.6 2.8 0.0
0 287.0 1.0 62.0 68.4 8.0 0.0
1 544.933333333 2.0 55.0 93.0 4.0 0.66
0 259.0 0.0 58.8 65.8 6.2 0.006
1 667.0 2.0 71.4 65.6 5.8 0.0
3 908.5 2.0 70.6 73.4 6.6 0.002
0 493.333333333 0.0 55.2 68.0 6.0 0.048
3 754.0 1.0 65.0 66.4 6.6 0.0
2 447.5 0.0 58.8 70.0 6.8 0.0
3 941.6 2.0 65.2 72.2 3.2 0.002
0 1122.0 0.0 53.4 70.4 7.4 0.0
0 549.5 0.0 55.6 85.8 5.0 0.006
0 515.5 1.0 69.2 67.4 8.4 0.0
2 2469.5 0.0 49.2 58.0 1.6 0.0
2 482.5 3.0 58.8 83.0 2.8 0.0
1 3326.8 2.0 54.6 59.4 5.2 0.0
1 250.5 0.0 58.0 83.0 15.0 0.99
1 705.0 0.0 62.8 67.0 6.4 0.0
0 247.0 0.0 59.8 57.8 6.2 0.0
2 726.666666667 2.0 58.6 78.4 4.2 0.0
0 841.0 0.0 56.2 47.0 1.8 0.0
0 278.5 0.0 56.0 73.0 7.0 0.036
2 3505.16666667 0.0 61.0 69.0 6.0 0.0
2 634.5 2.0 65.2 42.4 2.4 0.0
3 841.444444444 1.0 67.6 66.8 6.2 0.0
0 410.8 0.0 58.0 68.4 9.0 0.0
2 1084.0 0.0 60.6 79.8 5.0 0.0
1 646.142857143 0.0 55.6 61.4 3.8 0.0
3 455.0 0.0 59.6 71.2 8.4 0.0
2 522.666666667 2.0 56.0 80.2 3.0 0.002
1 572.555555556 0.0 58.2 62.0 6.8 0.0
0 342.333333333 1.0 67.8 72.0 8.6 0.0
2 1039.22222222 0.0 58.0 58.0 6.0 0.0
1 654.444444444 3.0 50.6 72.8 4.2 0.0
2 683.8 2.0 60.8 76.4 3.0 0.0
1 510.818181818 1.0 62.6 66.8 8.0 0.0
2 709.0 0.0 61.8 67.6 10.8 0.0
0 518.75 0.0 57.8 68.0 9.0 0.0
3 440.0 0.0 53.8 76.8 3.4 0.0
1 591.0 0.0 51.4 77.6 9.6 0.268
2 581.5 0.0 58.0 68.4 9.0 0.0
1 499.375 1.0 66.0 69.4 7.6 0.0
0 420.75 2.0 63.0 79.6 6.4 0.0
0 124.0 0.0 64.6 67.0 8.2 0.0
1 991.0 3.0 48.0 71.2 2.2 0.0
2 1111.0 0.0 60.4 62.0 10.8 0.0
3 864.833333333 2.0 64.0 48.6 3.4 0.0
0 370.0 2.0 54.0 69.2 6.0 0.0
1 558.0 0.0 50.4 78.8 2.6 0.0
3 494.0 2.0 56.0 64.8 3.4 0.0
2 443.666666667 0.0 61.0 73.2 6.0 0.04
1 773.363636364 2.0 62.0 61.6 2.2 0.0
2 755.0 3.0 53.2 63.8 1.6 0.0
1 796.111111111 0.0 67.8 57.8 6.6 0.0
3 809.4 2.0 65.0 76.0 13.0 0.23
3 800.0 0.0 56.8 47.4 11.6 0.0
0 781.0 2.0 56.2 82.2 4.8 0.0
0 184.0 1.0 67.8 68.8 6.8 0.0
0 860.0 0.0 51.2 68.6 5.8 0.0
0 628.0 2.0 56.0 85.8 3.4 0.184
1 537.3125 1.0 67.6 71.0 8.0 0.0
0 435.666666667 2.0 69.2 70.4 6.8 0.0
3 555.0 2.0 55.2 76.6 2.6 0.0
3 558.0 0.0 56.4 67.4 4.2 0.0
3 580.8 0.0 53.6 82.6 3.0 0.0
2 3138.75 2.0 65.8 70.4 7.4 0.0
1 485.6 2.0 69.0 76.8 6.4 0.0
0 242.5 0.0 60.4 62.0 10.8 0.0
0 482.666666667 0.0 54.2 54.4 3.0 0.0
2 479.25 1.0 65.0 66.4 6.6 0.0
0 316.666666667 0.0 67.2 36.4 7.4 0.0
3 1720.66666667 1.0 69.0 74.0 8.0 0.0
3 828.25 2.0 74.0 41.4 3.6 0.0
1 949.684210526 1.0 68.0 73.0 11.0 0.0
2 429.5 2.0 65.8 66.2 4.6 0.0
2 681.666666667 0.0 56.0 53.4 8.0 0.0
3 688.0 3.0 53.2 82.6 12.2 0.564
2 730.5 2.0 65.4 73.2 5.2 0.0
3 366.0 0.0 58.4 50.0 4.4 0.0
1 700.733333333 0.0 60.2 76.8 6.4 0.0
0 211.666666667 2.0 60.2 78.4 3.2 0.004
3 543.0 0.0 59.0 70.0 8.0 0.0
0 269.0 1.0 67.2 67.6 9.0 0.0
1 471.35 1.0 66.8 72.4 7.2 0.0
3 657.0 1.0 72.8 64.2 7.4 0.0
3 1610.0 0.0 55.8 62.0 6.6 0.002
2 531.75 2.0 64.8 74.6 9.0 0.106
1 527.133333333 1.0 64.2 69.0 7.8 0.0
1 607.5 2.0 58.6 73.2 3.4 0.0
3 573.5 2.0 69.0 53.0 4.0 0.0
0 216.0 2.0 65.2 72.2 3.2 0.002
1 564.416666667 0.0 59.4 64.2 8.6 0.0
3 494.0 1.0 69.8 70.8 6.6 0.0
2 517.75 0.0 54.0 84.4 3.6 0.0
2 961.5 0.0 58.6 75.4 4.8 0.0
0 258.0 0.0 57.2 74.2 7.8 0.19
0 362.0 0.0 58.4 58.2 8.2 0.0
0 550.333333333 1.0 69.0 68.6 8.0 0.0
2 3619.83333333 1.0 67.6 75.4 7.2 0.0
1 704.0 2.0 55.4 68.0 3.6 0.0
1 591.263157895 0.0 65.0 68.0 5.0 0.0
3 552.0 2.0 59.8 70.0 3.0 0.0
0 458.75 0.0 60.0 69.2 13.0 0.0
3 498.5 0.0 57.0 71.0 6.0 0.0
1 727.4 2.0 66.8 70.0 6.8 0.0
2 1000.6 2.0 65.8 68.8 5.6 0.0
3 811.333333333 0.0 52.4 69.2 1.2 0.0
1 559.181818182 2.0 65.8 66.2 4.6 0.0
2 569.0 0.0 56.6 71.0 8.2 0.01
0 575.0 0.0 59.2 77.0 6.4 0.008
1 577.421052632 2.0 53.4 63.6 3.2 0.0
3 2025.0 3.0 59.8 81.2 3.0 0.028
0 711.0 0.0 61.4 65.8 4.2 0.0
1 649.833333333 1.0 70.4 73.2 7.4 0.0
3 566.0 0.0 67.8 42.8 4.8 0.0
1 766.4 0.0 61.6 64.8 8.2 0.004
3 302.0 1.0 68.0 67.0 11.0 0.0
3 354.0 1.0 71.4 69.4 5.8 0.0
3 827.0 1.0 70.4 48.2 6.0 0.0
1 718.5 0.0 64.0 61.2 11.6 0.0
0 307.666666667 0.0 53.4 52.6 2.2 0.0
1 603.086956522 0.0 58.0 78.2 4.4 0.0
1 436.75 3.0 50.0 66.6 8.4 0.0
0 494.75 0.0 61.0 56.4 6.0 0.0
0 808.75 0.0 58.8 70.0 6.8 0.0
1 526.545454545 0.0 59.6 70.2 7.8 0.004
2 658.75 0.0 58.4 81.6 3.2 0.0
2 691.6 0.0 58.2 73.4 1.8 0.0
2 535.666666667 0.0 58.8 72.6 8.6 0.0
1 658.090909091 0.0 61.6 77.2 18.0 0.696
2 762.2 0.0 57.8 47.8 6.8 0.0
3 1037.0 0.0 57.0 82.0 6.0 0.0
2 1224.0 0.0 59.4 60.4 3.6 0.0
0 460.75 0.0 55.6 80.4 5.4 0.082
1 571.111111111 1.0 68.6 70.2 8.2 0.0
1 617.769230769 0.0 69.4 45.4 3.8 0.0
2 471.333333333 2.0 67.0 43.6 4.4 0.0
1 1483.4 0.0 60.8 72.8 5.4 0.0
1 674.4 0.0 59.4 60.4 3.6 0.0
1 473.0 0.0 67.4 59.0 6.8 0.0
2 612.555555556 0.0 55.4 68.6 7.4 0.008
1 536.846153846 0.0 62.2 64.0 11.6 0.0
1 552.5 0.0 52.8 70.2 6.6 0.008
1 648.0 0.0 57.4 67.2 5.6 0.0
2 1153.57142857 1.0 68.0 69.0 9.0 0.0
1 266.0 0.0 60.8 56.6 8.4 0.0
1 626.5 2.0 61.0 84.6 6.6 0.088
2 1841.22222222 2.0 62.8 64.0 3.0 0.0
3 500.0 0.0 58.8 75.6 6.4 0.004
1 1095.26315789 1.0 70.8 58.2 8.2 0.0
2 756.0 0.0 54.0 72.0 4.4 0.0
2 813.181818182 0.0 58.4 68.8 5.0 0.0
1 579.0 1.0 65.2 63.8 10.2 0.0
1 616.263157895 1.0 63.2 65.0 7.2 0.0
1 766.0 1.0 66.8 68.8 7.4 0.0
1 181.0 2.0 53.6 72.4 4.6 0.0
3 17366.6666667 0.0 53.4 85.8 3.0 0.0
0 396.75 0.0 54.4 66.8 4.8 0.0
1 586.666666667 0.0 52.4 81.0 2.6 0.0
3 762.0 2.0 60.0 73.6 3.2 0.0
0 207.333333333 2.0 67.8 68.6 4.0 0.0
2 481.166666667 0.0 53.8 57.8 9.0 0.0
1 610.894736842 2.0 64.8 71.0 7.6 0.0
0 19799.6666667 3.0 53.0 80.4 6.0 0.104
2 3366.70588235 2.0 67.2 35.6 2.4 0.0
1 746.666666667 2.0 55.2 69.8 1.6 0.0
1 1463.34782609 0.0 57.2 73.6 2.8 0.0
0 243.333333333 2.0 69.2 53.0 4.8 0.0
2 507.285714286 1.0 60.0 74.0 11.0 0.0
2 2559.42857143 2.0 57.0 76.0 4.4 0.0
1 530.75 0.0 55.0 50.0 3.0 0.0
1 939.4 2.0 65.8 70.4 7.4 0.0
0 215.0 1.0 68.6 58.8 7.0 0.0
0 6300.25 1.0 77.2 53.0 6.0 0.0
1 488.0 3.0 55.0 78.2 7.2 0.024
2 535.0 1.0 68.6 58.8 7.0 0.0
1 580.866666667 0.0 51.0 60.8 1.8 0.0
0 277.0 0.0 75.4 45.6 4.4 0.0
3 656.0 2.0 65.8 70.4 7.4 0.0
2 471.333333333 0.0 57.2 70.6 8.0 0.0
2 420.5 1.0 64.4 66.2 7.8 0.0
1 615.133333333 0.0 54.0 84.4 3.6 0.0
2 505.8 0.0 63.0 60.4 4.2 0.0
1 615.5 0.0 60.0 66.4 7.4 0.0
1 600.266666667 0.0 53.0 83.0 2.6 0.0
2 723.666666667 1.0 71.0 69.0 7.6 0.0
1 541.764705882 0.0 64.0 68.6 5.0 0.0
3 1018.0 0.0 52.6 72.0 3.2 0.0
2 639.666666667 2.0 56.0 64.8 3.4 0.0
3 2908.0 2.0 56.6 69.0 5.2 0.0
3 509.0 0.0 61.4 73.0 8.2 0.0
2 484.75 0.0 58.2 65.2 4.4 0.0
2 448.0 1.0 68.0 70.0 7.8 0.0
0 2460.2 0.0 58.2 73.4 1.8 0.0
0 436.6 0.0 53.6 46.8 4.2 0.0
2 2611.44444444 2.0 60.8 58.6 3.2 0.0
3 755.5 0.0 62.4 62.8 4.4 0.0
1 592.875 2.0 74.6 41.8 3.4 0.0
0 499.333333333 0.0 59.6 66.8 6.2 0.0
3 740.0 3.0 52.6 82.2 3.0 0.172
0 250.5 0.0 58.4 63.4 8.4 0.0
3 369.75 0.0 51.6 66.2 8.6 0.0
1 696.263157895 1.0 68.2 68.8 8.0 0.0
3 531.0 0.0 55.2 74.6 3.6 0.002
1 558.571428571 0.0 57.4 57.6 8.6 0.0
3 430.5 0.0 66.4 57.6 5.6 0.0
3 622.5 0.0 54.0 69.0 8.0 0.0
3 675.5 2.0 60.2 70.2 6.8 0.042
0 267.0 2.0 55.2 78.6 4.0 0.0
3 447.0 2.0 53.0 72.2 2.0 0.0
3 2021.5 0.0 56.0 84.6 5.2 0.0
2 430.0 0.0 57.8 68.0 9.0 0.0
0 243.0 2.0 65.8 66.2 4.6 0.0
1 521.833333333 3.0 62.8 79.4 5.0 0.094
0 563.666666667 0.0 49.6 73.2 3.0 0.0
1 678.214285714 2.0 60.2 70.2 6.8 0.042
1 568.166666667 0.0 49.0 73.0 7.0 0.09
2 649.2 1.0 68.2 68.8 8.0 0.0
0 448.333333333 0.0 47.6 69.0 2.0 0.0
3 477.333333333 0.0 64.6 67.0 8.2 0.0
1 524.3 0.0 55.2 76.8 8.4 0.22
3 942.333333333 0.0 59.4 64.2 8.6 0.0
3 554.5 2.0 56.2 69.6 4.2 0.0
1 712.736842105 0.0 58.4 81.6 3.2 0.0
0 441.25 0.0 61.6 69.6 5.8 0.0
2 389.0 0.0 49.0 75.8 8.0 0.22
0 668.666666667 2.0 58.8 46.6 3.0 0.0
1 697.142857143 0.0 57.0 55.4 3.2 0.0
1 825.0 0.0 51.6 66.2 8.6 0.0
1 618.647058824 1.0 66.2 62.2 7.6 0.0
1 805.095238095 2.0 64.2 43.4 3.2 0.0
1 615.681818182 0.0 62.4 62.8 4.4 0.0
1 619.6 1.0 69.8 71.2 6.6 0.0
2 594.5 2.0 59.6 78.8 3.6 0.004
2 516.0 0.0 50.4 78.8 2.6 0.0
1 610.636363636 0.0 47.0 70.0 4.2 0.0
2 733.333333333 0.0 62.0 62.4 11.0 0.0
1 588.5 0.0 61.0 65.2 7.0 0.002
0 472.75 0.0 61.4 72.8 6.2 0.0
2 1594.5 2.0 70.0 66.8 4.6 0.0
2 1447.42857143 1.0 70.6 60.2 6.2 0.0
0 868.0 0.0 50.8 71.8 4.6 0.0
2 422.0 1.0 65.0 74.0 9.0 0.0
2 556.666666667 0.0 57.6 82.4 11.0 0.104
2 1682.5 2.0 54.8 63.2 2.4 0.0
2 651.666666667 1.0 70.0 70.0 7.0 0.0
1 712.133333333 0.0 51.2 61.6 0.8 0.0
3 68583.3333333 0.0 55.6 81.2 3.2 0.0
2 415.0 0.0 52.0 74.2 2.6 0.0
2 943.571428571 0.0 60.2 60.6 9.2 0.0
1 5887.66666667 2.0 70.0 66.8 4.6 0.0
3 317.0 0.0 61.2 70.0 6.0 0.0
1 5643.83333333 2.0 68.4 65.0 4.8 0.0
1 545.105263158 2.0 64.0 48.6 3.4 0.0
2 1399.25 2.0 68.4 73.0 8.4 0.0
0 116.0 1.0 69.6 73.6 6.0 0.0
1 616.1875 2.0 61.4 61.0 3.6 0.0
1 1482.85714286 0.0 60.2 65.0 8.6 0.0
0 263.666666667 2.0 69.6 68.8 4.8 0.0
2 563.833333333 0.0 61.4 73.0 8.2 0.0
3 932.0 1.0 72.4 64.6 6.6 0.0
0 573.666666667 3.0 58.8 83.0 2.8 0.0
3 1144.0 2.0 67.2 73.2 5.6 0.0
1 525.333333333 2.0 66.2 73.6 6.2 0.0
2 798.5 0.0 58.2 57.0 3.0 0.0
0 510.0 0.0 58.6 57.6 3.4 0.0
2 5332.83333333 3.0 50.4 82.2 1.8 0.004
1 561.5 0.0 61.4 71.8 6.4 0.012
3 468.0 2.0 58.0 74.0 2.6 0.0
1 727.052631579 0.0 64.8 46.8 8.4 0.0
1 509.666666667 0.0 50.2 91.2 2.2 0.0
0 300.0 2.0 59.8 85.6 5.8 0.194
1 539.8 0.0 63.0 63.6 7.6 0.0
0 554.5 1.0 68.0 66.0 7.4 0.0
3 622.0 0.0 57.4 68.2 7.0 0.0
0 292.0 0.0 62.4 66.2 5.8 0.0
3 459.0 0.0 53.0 76.6 5.0 0.004
1 3306.6875 3.0 40.6 50.8 2.2 0.0
1 665.615384615 1.0 67.2 69.8 9.4 0.004
1 665.823529412 3.0 56.0 74.6 6.2 0.0
