1 1081.88888889 2.0 66.0 66.0 10.0 0.0
0 579.666666667 2.0 56.0 84.0 13.0 0.0
3 393.0 3.0 56.0 84.0 3.0 0.0
2 650.628571429 0.0 56.0 72.0 15.0 0.0
1 469.75 3.0 55.8 80.6 9.4 0.114
1 580.461538462 3.0 46.2 70.8 2.2 0.0
1 474.357142857 3.0 50.0 50.0 5.0 0.0
3 523.2 1.0 66.2 73.2 7.8 0.0
2 499.0 2.0 68.0 65.8 9.0 0.0
3 643.0 1.0 67.6 75.4 7.2 0.0
2 489.0 0.0 57.0 59.8 6.2 0.0
2 516.272727273 3.0 44.4 59.4 1.4 0.0
1 465.5 2.0 55.0 80.0 9.0 0.0
2 682.0 0.0 50.2 91.2 2.2 0.0
2 549.52173913 1.0 64.0 53.4 7.2 0.0
2 563.5 0.0 53.8 76.8 3.4 0.0
2 505.75 0.0 54.0 83.0 3.0 0.0
0 456.5 0.0 57.0 55.0 5.0 0.0
1 526.266666667 3.0 56.0 74.6 6.2 0.0
3 589.571428571 2.0 65.6 74.6 4.4 0.0
0 1021.0 3.0 53.0 63.0 1.0 0.0
1 578.470588235 0.0 61.0 64.0 8.0 0.0
1 507.777777778 0.0 60.8 67.4 6.6 0.0
2 1299.64285714 2.0 66.0 60.0 10.0 0.0
3 391.0 3.0 58.0 86.0 3.0 0.01
1 517.866666667 1.0 70.6 65.4 8.0 0.002
0 527.0 0.0 62.0 72.0 11.0 0.0
2 590.909090909 2.0 53.0 70.0 3.0 0.0
0 623.0 0.0 54.0 87.0 5.0 0.0
0 362.0 0.0 59.0 81.0 5.0 0.0
1 582.142857143 0.0 67.8 42.8 4.8 0.0
0 515.666666667 1.0 63.0 67.0 9.0 0.0
1 281.0 1.0 67.0 71.0 9.0 0.0
0 183.0 0.0 58.2 71.2 8.6 0.0
3 291.25 2.0 55.4 66.0 6.0 0.0
2 545.666666667 3.0 50.6 61.4 7.4 0.0
1 614.0 2.0 66.0 74.0 21.0 0.0
2 697.428571429 0.0 60.8 67.4 6.6 0.0
3 1346.4 2.0 64.6 73.0 4.4 0.0
1 1338.125 1.0 77.2 53.0 6.0 0.0
0 551.0 0.0 65.0 62.0 6.0 0.0
0 476.5 2.0 63.0 61.0 13.0 0.0
1 2145.25 2.0 56.2 61.6 3.8 0.002
2 518.739130435 2.0 68.8 66.6 6.8 0.0
3 168.0 0.0 59.0 65.0 13.0 0.74
2 580.5 3.0 50.0 61.0 2.0 0.0
1 1066.45454545 1.0 64.0 75.0 15.0 0.0
3 514.333333333 2.0 65.0 74.0 7.0 0.0
1 646.0 0.0 54.0 83.0 3.0 0.0
1 2510.75 0.0 56.0 61.0 8.0 0.0
0 196.0 0.0 56.2 80.4 3.6 0.0
0 213.0 2.0 56.0 71.0 13.0 0.0
0 258.0 0.0 57.0 78.0 8.0 0.0
2 623.909090909 2.0 67.4 64.2 5.6 0.0
3 501.0 0.0 57.0 72.0 14.0 0.01
0 662.0 1.0 60.0 68.0 11.0 0.0
0 1374.0 0.0 52.8 62.6 2.4 0.0
3 384.0 0.0 52.6 66.8 2.6 0.0
1 464.952380952 0.0 58.4 63.4 8.4 0.0
3 454.0 0.0 52.0 68.2 4.6 0.02
3 671.428571429 0.0 57.8 47.8 6.8 0.0
0 239.0 3.0 39.2 60.2 4.6 0.0
3 499.666666667 0.0 58.0 68.4 9.0 0.0
2 1287.85714286 2.0 65.8 55.4 5.0 0.0
2 438.3125 0.0 57.4 67.2 5.6 0.0
0 390.5 2.0 64.8 64.6 2.4 0.0
2 898.0 2.0 61.4 61.0 3.6 0.0
2 755.761904762 1.0 75.0 53.0 8.0 0.0
1 503.35 0.0 59.6 66.8 6.2 0.0
1 451.0 2.0 72.2 70.0 7.6 0.0
1 571.0 0.0 52.8 70.0 1.8 0.0
2 548.416666667 1.0 63.2 65.0 7.2 0.0
1 391.583333333 0.0 52.0 72.0 13.0 0.69
0 640.0 3.0 52.0 86.0 3.0 0.0
1 507.058823529 0.0 58.8 65.8 6.2 0.006
3 948.5 3.0 57.0 66.0 4.0 0.0
3 586.6 3.0 60.6 76.8 3.6 0.002
2 660.48 1.0 68.0 66.0 7.4 0.0
0 542.0 0.0 56.0 65.0 6.0 0.0
1 864.666666667 2.0 62.8 51.0 3.2 0.0
0 583.5 0.0 57.0 60.0 4.0 0.0
3 499.333333333 0.0 56.0 63.0 7.0 0.0
3 218.5 0.0 53.4 52.6 2.2 0.0
0 96.0 3.0 49.6 70.2 3.2 0.0
2 689.571428571 2.0 58.2 70.0 4.0 0.0
0 457.0 2.0 71.0 58.0 8.0 0.0
2 617.652173913 0.0 58.4 81.6 3.2 0.0
3 12632.0 0.0 58.2 73.4 1.8 0.0
0 188.0 1.0 67.0 71.0 9.0 0.0
0 352.5 1.0 68.6 70.2 8.2 0.0
3 605.666666667 1.0 67.0 70.0 9.0 0.0
0 191.0 0.0 57.8 68.0 9.0 0.0
1 345.428571429 1.0 65.6 71.4 9.4 0.0
0 172.0 1.0 67.0 73.0 12.0 0.0
1 466.633333333 1.0 69.4 72.2 6.4 0.0
1 897.961538462 0.0 57.0 59.8 6.2 0.0
1 680.888888889 1.0 72.6 70.4 7.2 0.0
2 643.307692308 1.0 68.4 65.0 6.0 0.0
3 557.72 2.0 62.6 64.8 4.4 0.0
1 472.15 3.0 60.0 87.0 8.0 0.1
2 894.071428571 3.0 52.0 64.0 2.0 0.0
0 388.5 1.0 65.0 73.0 7.0 0.0
3 367.0 0.0 53.0 81.0 3.0 0.0
0 452.0 0.0 51.0 69.0 11.0 0.0
1 511.25 0.0 62.2 64.0 11.6 0.0
3 278.0 2.0 57.0 73.0 13.0 0.0
3 409.333333333 1.0 69.6 66.0 7.0 0.0
1 1589.33333333 1.0 66.0 69.6 6.8 0.0
1 432.3125 2.0 62.6 74.2 6.0 0.006
3 376.125 1.0 67.6 71.0 8.0 0.0
3 1395.0 1.0 66.2 71.4 8.4 0.0
1 528.055555556 0.0 55.0 70.0 5.0 0.0
0 431.0 3.0 43.0 56.0 3.0 0.0
0 318.333333333 0.0 55.0 69.0 3.0 0.0
1 625.586206897 2.0 69.8 54.2 4.2 0.0
0 276.5 1.0 65.0 72.0 9.0 0.0
3 1819.11111111 1.0 69.6 73.6 6.0 0.0
1 470.647058824 0.0 58.0 68.0 2.0 0.0
2 18301.6 0.0 53.0 54.6 1.4 0.0
2 485.736842105 0.0 64.0 68.6 5.0 0.0
1 642.333333333 1.0 67.2 69.8 9.4 0.004
3 409.5 2.0 67.4 74.0 6.8 0.0
1 524.0 1.0 71.0 68.0 6.2 0.0
2 524.769230769 2.0 60.0 72.0 8.0 0.0
1 460.625 0.0 57.0 55.4 3.2 0.0
1 1074.83333333 0.0 63.0 71.0 8.0 0.0
1 465.0 0.0 63.2 62.4 6.4 0.0
2 516.0 2.0 58.6 81.0 6.6 0.226
3 480.8 1.0 66.2 62.2 7.6 0.0
0 459.0 2.0 60.6 66.4 6.6 0.0
1 859.75 2.0 74.0 41.4 3.6 0.0
3 715.0 3.0 40.2 49.2 4.2 0.0
2 699.0 0.0 50.8 48.6 1.8 0.0
2 453.357142857 1.0 65.0 73.0 7.0 0.0
2 590.65 2.0 61.8 59.2 5.2 0.0
0 220.0 2.0 55.4 66.0 6.0 0.0
1 827.7 2.0 69.0 76.8 6.4 0.0
1 569.913043478 0.0 51.0 69.0 2.0 0.0
2 468.68 1.0 70.0 70.0 7.0 0.0
2 726.833333333 2.0 67.2 40.2 2.8 0.002
1 498.0 0.0 61.0 71.0 13.0 0.0
1 460.3125 1.0 69.0 68.0 11.0 0.0
2 988.444444444 0.0 67.0 52.0 4.0 0.0
3 450.0 0.0 59.6 70.2 7.8 0.004
2 1112.4 3.0 51.6 56.8 10.4 0.0
1 514.538461538 2.0 58.0 80.0 7.0 0.28
2 639.85 2.0 54.8 63.2 2.4 0.0
1 270.25 2.0 55.0 90.0 7.0 0.63
0 304.0 2.0 70.0 64.0 9.0 0.0
2 521.818181818 3.0 41.0 60.2 1.2 0.0
3 402.0 0.0 53.4 81.8 4.6 0.004
0 329.0 2.0 65.6 74.6 4.4 0.0
1 554.166666667 1.0 65.2 63.8 10.2 0.0
1 422.454545455 3.0 54.0 54.0 2.0 0.0
0 4637.0 0.0 53.8 57.0 3.0 0.0
3 386.6 0.0 66.6 64.0 3.6 0.0
1 533.181818182 0.0 52.4 81.0 2.6 0.0
1 434.181818182 2.0 68.0 46.0 9.0 0.0
1 559.142857143 3.0 58.8 83.0 2.8 0.0
1 402.615384615 1.0 67.8 73.0 7.2 0.0
2 530.2 0.0 62.4 66.2 5.8 0.0
1 506.769230769 0.0 59.8 67.2 8.2 0.0
0 153.0 1.0 64.0 66.0 10.0 0.0
1 552.133333333 0.0 61.0 44.0 3.0 0.0
0 512.0 0.0 57.0 72.0 14.0 0.01
2 1969.16 1.0 64.4 66.2 7.8 0.0
3 470.666666667 1.0 67.0 69.0 9.0 0.0
1 305.0 0.0 53.0 86.0 8.0 0.096
2 386.666666667 1.0 63.0 71.0 8.0 0.0
3 290.0 1.0 71.0 68.0 6.2 0.0
1 1287.0 0.0 50.8 48.6 1.8 0.0
3 543.75 0.0 62.2 68.4 5.6 0.0
2 499.722222222 0.0 61.0 56.4 6.0 0.0
1 780.5 1.0 70.4 73.2 7.4 0.0
1 558.142857143 2.0 53.0 70.0 2.0 0.0
2 1073.0 0.0 54.2 54.4 3.0 0.0
3 384.5 2.0 70.6 73.4 6.6 0.002
1 580.333333333 1.0 68.0 53.0 7.0 0.0
1 4863.5 2.0 59.0 83.0 7.0 0.08
0 458.5 0.0 51.2 78.0 9.0 0.302
3 693.2 2.0 67.6 59.4 5.4 0.0
1 548.866666667 0.0 52.0 86.0 2.0 0.0
2 575.642857143 0.0 64.8 68.8 7.6 0.0
1 492.368421053 1.0 64.0 66.0 12.0 0.0
3 2952.0 0.0 59.8 65.2 3.4 0.0
0 699.0 0.0 52.0 66.0 3.0 0.0
3 1002.0 0.0 62.2 60.0 5.8 0.0
2 668.785714286 0.0 53.0 76.6 5.0 0.004
1 256.8 0.0 58.6 57.6 3.4 0.0
0 777.0 0.0 57.0 80.0 15.0 0.43
2 481.705882353 0.0 60.2 60.0 5.4 0.0
2 1030.3 3.0 50.4 66.2 1.4 0.0
1 599.461538462 2.0 63.0 57.0 4.0 0.0
1 498.535714286 2.0 64.0 63.0 4.0 0.0
3 472.0 3.0 50.4 63.0 1.8 0.0
1 732.0 0.0 58.0 68.0 11.0 0.0
1 404.142857143 2.0 65.0 73.0 11.0 0.0
0 436.0 2.0 68.0 72.0 19.0 0.0
1 539.166666667 2.0 61.0 84.6 6.6 0.088
0 362.0 1.0 68.0 63.0 11.0 0.0
2 575.0 0.0 58.0 83.0 15.0 0.99
0 132.0 0.0 51.8 84.6 2.0 0.004
3 1581.75 1.0 63.0 79.0 13.0 0.0
0 445.8 2.0 64.0 75.0 4.0 0.01
0 494.0 2.0 66.0 74.0 21.0 0.0
2 728.142857143 2.0 65.0 64.6 9.6 0.0
1 527.0 0.0 61.6 42.8 10.6 0.0
2 562.470588235 2.0 64.2 43.4 3.2 0.0
2 577.944444444 0.0 57.0 70.0 13.0 0.0
2 1909.45454545 3.0 48.0 43.6 2.4 0.0
2 503.307692308 2.0 62.0 65.0 4.0 0.0
0 143.0 0.0 56.0 65.6 5.8 0.014
3 392.0 0.0 50.6 85.6 7.2 0.458
3 773.272727273 0.0 74.8 35.2 4.2 0.0
3 404.0 2.0 60.0 70.0 6.0 0.0
2 513.178571429 2.0 69.0 69.0 8.0 0.0
0 488.0 0.0 66.0 50.0 6.0 0.0
2 587.5 2.0 57.6 71.6 5.6 0.0
2 487.142857143 2.0 57.8 61.4 2.4 0.0
2 413.08 1.0 69.8 70.8 6.6 0.0
0 199.0 2.0 59.6 78.8 3.6 0.004
3 250.333333333 0.0 53.4 85.8 3.0 0.0
1 533.5 0.0 61.0 69.0 9.0 0.0
1 422.0 0.0 59.0 73.0 6.0 0.0
2 547.0 2.0 55.2 57.6 3.0 0.0
3 384.0 0.0 71.0 45.0 6.0 0.0
3 1054.5 0.0 59.0 71.0 10.0 0.05
0 810.0 0.0 59.0 52.0 6.0 0.0
2 496.44 0.0 57.0 74.0 14.0 0.0
2 840.428571429 2.0 65.8 68.8 5.6 0.0
2 517.615384615 1.0 66.8 72.4 7.2 0.0
1 490.428571429 0.0 53.0 92.0 9.0 0.0
1 641.0 0.0 52.0 74.0 7.0 0.07
1 2427.83333333 0.0 60.4 55.0 10.6 0.0
0 493.0 2.0 55.0 65.0 2.0 0.0
1 4781.0 0.0 57.0 60.0 2.0 0.0
3 723.25 2.0 69.0 32.0 6.6 0.0
2 1128.95454545 1.0 73.4 60.8 5.4 0.0
0 284.666666667 0.0 55.0 56.0 9.0 0.0
2 452.133333333 0.0 59.0 84.0 4.0 0.0
3 325.2 0.0 53.0 83.0 2.6 0.0
2 447.321428571 2.0 60.0 81.0 4.0 0.01
3 1657.0 1.0 61.2 63.2 9.4 0.0
1 613.5 0.0 58.0 65.0 6.0 0.0
1 502.545454545 0.0 58.0 75.0 9.0 0.0
2 452.4375 0.0 54.0 84.4 3.6 0.0
1 666.5 1.0 69.2 68.4 6.2 0.0
3 564.4 0.0 53.0 54.6 1.4 0.0
1 895.666666667 2.0 58.0 72.0 5.0 0.0
1 481.444444444 2.0 66.0 60.0 10.0 0.0
3 494.4 0.0 75.4 35.6 5.2 0.0
3 351.5 3.0 53.2 82.6 12.2 0.564
3 679.666666667 0.0 58.8 65.8 6.2 0.006
3 872.9375 2.0 64.0 71.0 9.0 0.0
0 155.0 0.0 61.4 70.4 3.8 0.0
3 604.2 2.0 62.0 60.2 11.8 0.0
0 323.5 1.0 68.8 70.2 7.2 0.0
1 354.2 0.0 61.6 77.2 18.0 0.696
3 450.25 2.0 58.8 46.6 3.0 0.0
3 559.142857143 0.0 55.6 81.2 3.2 0.0
1 614.875 2.0 62.0 64.2 3.4 0.0
3 442.333333333 2.0 67.0 43.6 4.4 0.0
0 476.0 2.0 65.0 74.0 16.0 0.0
1 624.2 2.0 59.0 50.6 1.2 0.0
2 761.857142857 0.0 56.0 61.0 8.0 0.0
2 529.9375 0.0 55.2 68.0 6.0 0.048
0 300.0 0.0 54.0 73.0 6.0 0.0
3 4220.0 0.0 60.2 72.8 2.4 0.0
2 873.0 2.0 65.6 70.6 4.8 0.0
3 428.0 0.0 58.0 77.0 12.0 0.63
3 206.0 2.0 57.8 36.0 6.0 0.0
2 497.692307692 0.0 62.4 55.4 5.8 0.0
0 313.0 0.0 47.0 53.0 17.0 0.0
1 1183.25 2.0 59.8 85.6 5.8 0.194
2 539.761904762 2.0 65.2 72.2 3.2 0.002
1 409.7 0.0 52.8 70.2 6.6 0.008
2 539.888888889 0.0 55.0 72.0 15.0 0.52
2 465.444444444 0.0 58.4 63.4 8.4 0.0
3 332.5 0.0 59.8 69.0 9.0 0.0
3 504.181818182 1.0 67.8 72.0 8.6 0.0
2 791.285714286 2.0 68.8 64.2 7.2 0.342
1 534.0 0.0 57.0 68.0 8.0 0.01
1 418.428571429 2.0 65.2 42.4 2.4 0.0
2 466.375 3.0 56.0 85.0 12.0 0.25
2 877.565217391 2.0 66.0 69.0 10.0 0.0
1 414.142857143 0.0 51.0 65.0 3.0 0.0
3 306.0 2.0 57.0 73.0 4.4 0.0
0 370.666666667 1.0 63.0 78.0 9.0 0.0
3 651.666666667 0.0 62.4 66.2 5.8 0.0
1 491.941176471 0.0 60.4 70.4 2.0 0.0
2 600.296296296 0.0 60.2 70.0 6.6 0.0
2 546.923076923 3.0 46.2 70.8 2.2 0.0
0 480.5 2.0 62.0 64.0 20.0 0.0
0 703.0 0.0 64.0 55.0 8.0 0.0
3 466.6 1.0 72.8 64.2 7.4 0.0
3 413.5 0.0 55.0 78.0 6.0 0.0
1 336.666666667 0.0 53.0 84.0 5.0 0.0
3 512.0 0.0 56.0 65.0 6.0 0.0
2 773.166666667 2.0 59.8 70.0 3.0 0.0
1 538.666666667 0.0 61.4 70.4 3.8 0.0
3 465.6 0.0 53.6 82.6 3.0 0.0
1 835.5 1.0 65.6 72.4 6.8 0.0
1 550.0 1.0 64.2 69.0 7.8 0.0
1 2690.6875 0.0 57.4 71.2 5.6 0.0
3 416.666666667 2.0 58.4 78.2 3.8 0.0
2 437.181818182 0.0 64.6 67.0 8.2 0.0
0 421.333333333 3.0 56.0 85.0 12.0 0.25
1 506.571428571 0.0 51.0 69.0 11.0 0.0
2 414.315789474 2.0 56.0 80.2 3.0 0.002
1 612.235294118 2.0 70.0 62.0 7.0 0.0
0 483.0 2.0 58.0 66.0 7.0 0.0
2 15613.4285714 0.0 63.0 64.0 16.0 0.0
0 537.0 2.0 67.0 40.0 5.0 0.0
0 605.4 1.0 68.0 69.0 9.0 0.0
2 1081.54545455 0.0 55.0 80.0 8.0 0.0
2 506.956521739 2.0 65.2 42.4 2.4 0.0
3 672.0 2.0 65.6 75.0 8.0 0.0
1 3648.125 2.0 71.0 55.0 5.0 0.0
3 658.444444444 0.0 62.4 55.4 5.8 0.0
1 525.588235294 2.0 55.8 67.0 1.8 0.0
1 501.590909091 0.0 53.0 81.0 3.0 0.0
0 594.0 1.0 60.0 74.0 11.0 0.0
3 296.333333333 0.0 57.0 67.0 6.0 0.0
0 740.0 2.0 56.0 69.6 4.0 0.0
3 645.571428571 0.0 72.8 36.6 5.0 0.0
1 541.52173913 2.0 58.6 78.4 4.2 0.0
3 602.666666667 2.0 60.8 58.6 3.2 0.0
1 381.166666667 3.0 61.0 86.0 12.0 1.43
1 496.857142857 3.0 55.0 80.0 11.0 0.02
0 516.0 2.0 59.0 69.0 9.0 0.0
0 368.5 2.0 66.0 46.0 7.0 0.0
1 527.52173913 0.0 59.0 70.0 12.0 0.0
2 751.864864865 1.0 63.2 70.4 9.6 0.0
0 2592.5 0.0 59.0 60.0 11.0 0.0
0 330.333333333 1.0 68.0 73.0 11.0 0.0
2 731.428571429 2.0 71.4 67.6 4.6 0.0
0 366.0 0.0 56.6 46.2 3.6 0.0
0 280.25 1.0 67.0 71.0 10.0 0.0
2 1926.875 0.0 64.2 44.2 9.0 0.0
2 634.285714286 2.0 74.0 41.4 3.6 0.0
1 525.518518519 0.0 69.4 45.4 3.8 0.0
1 444.652173913 1.0 65.0 68.0 10.0 0.0
2 446.0 3.0 55.0 80.0 11.0 0.02
0 318.666666667 1.0 68.0 66.0 10.0 0.0
1 531.0 0.0 55.8 62.0 6.6 0.002
2 833.666666667 0.0 53.0 84.0 5.0 0.0
1 416.454545455 0.0 55.0 80.0 8.0 0.0
1 1965.89655172 1.0 67.4 68.4 8.6 0.0
3 750.5 2.0 68.0 67.0 7.0 0.0
1 735.5 0.0 50.8 71.8 4.6 0.0
1 385.0 0.0 57.0 80.0 15.0 0.43
0 270.333333333 1.0 66.0 71.0 9.0 0.0
3 366.25 0.0 54.0 83.0 3.0 0.0
2 477.695652174 2.0 62.6 74.2 6.0 0.006
3 947.0 3.0 46.2 70.8 2.2 0.0
0 254.0 2.0 74.6 41.8 3.4 0.0
0 689.666666667 2.0 60.0 60.0 8.0 0.0
3 531.0 0.0 62.0 71.0 8.0 0.0
1 1178.66666667 2.0 57.0 76.0 4.4 0.0
3 575.25 1.0 66.8 72.4 7.2 0.0
3 420.0 0.0 57.0 55.0 5.0 0.0
3 525.0 0.0 54.0 93.0 10.0 0.0
2 448.8 0.0 60.0 73.0 6.0 0.26
1 2563.3125 1.0 67.8 72.0 8.6 0.0
1 547.6 0.0 56.8 69.0 8.6 0.0
1 5151.0 0.0 55.0 54.0 2.0 0.0
2 409.75 3.0 39.2 60.2 4.6 0.0
0 177.0 3.0 58.0 90.0 9.0 1.18
3 486.0 2.0 55.8 67.0 1.8 0.0
2 475.375 2.0 69.0 76.0 8.0 0.0
0 519.0 2.0 63.0 72.0 22.0 0.0
1 446.0625 3.0 54.0 80.0 14.0 0.0
2 1370.46153846 0.0 55.0 77.0 7.0 0.0
3 528.0 2.0 64.8 71.0 7.6 0.0
3 424.0 0.0 51.0 63.0 6.0 0.0
2 1748.5 2.0 62.0 65.0 9.0 0.0
3 549.6 2.0 56.2 82.2 4.8 0.0
3 703.666666667 2.0 72.2 63.6 5.0 0.0
0 170.0 0.0 57.0 74.4 5.6 0.0
1 481.4 0.0 60.0 74.0 9.6 0.0
1 805.6 0.0 56.0 64.0 10.0 0.0
1 499.533333333 0.0 60.4 62.0 10.8 0.0
1 7358.66666667 2.0 56.0 85.8 3.4 0.184
0 379.0 3.0 45.0 65.0 9.0 0.29
3 837.0 2.0 67.6 72.2 7.0 0.0
0 203.0 0.0 62.4 66.2 5.8 0.0
2 574.210526316 0.0 55.0 65.0 8.0 0.01
1 1757.28571429 2.0 55.4 68.0 3.6 0.0
1 479.375 2.0 55.0 69.0 1.0 0.0
1 368.0 0.0 60.0 78.0 9.0 0.02
0 179.0 0.0 58.0 65.8 7.8 0.0
0 183.0 0.0 67.8 60.8 6.6 0.0
2 532.125 0.0 58.8 70.0 6.8 0.0
2 786.571428571 0.0 51.6 66.2 8.6 0.0
3 700.555555556 1.0 62.0 67.0 9.0 0.0
1 532.363636364 0.0 51.0 73.0 5.0 0.0
2 464.285714286 3.0 53.2 82.6 12.2 0.564
1 1232.0 0.0 58.4 68.8 5.0 0.0
3 533.666666667 0.0 63.0 63.6 7.6 0.0
3 414.2 0.0 56.2 80.4 3.6 0.0
1 1393.7 2.0 69.2 72.8 5.2 0.0
1 528.9375 2.0 58.6 73.2 3.4 0.0
0 507.0 0.0 60.0 73.0 10.0 0.0
2 543.0 3.0 55.0 43.0 3.0 0.0
1 412.272727273 0.0 59.0 60.0 19.0 0.0
2 581.333333333 0.0 51.2 68.6 5.8 0.0
2 491.823529412 1.0 71.0 69.0 7.6 0.0
1 441.888888889 3.0 45.0 65.0 9.0 0.29
1 447.896551724 0.0 60.0 69.2 13.0 0.0
0 459.0 2.0 64.0 49.0 5.0 0.0
3 424.0 0.0 62.8 65.8 9.0 0.0
0 478.333333333 0.0 57.6 55.8 14.2 0.0
0 370.333333333 3.0 43.0 45.0 4.0 0.0
0 265.0 2.0 58.0 64.0 4.0 0.0
2 814.5 0.0 48.2 76.0 1.6 0.0
1 375.625 0.0 56.0 73.0 7.0 0.036
2 542.875 0.0 67.2 36.4 7.4 0.0
1 567.727272727 1.0 70.2 73.6 8.4 0.0
2 1275.25 0.0 55.4 68.6 7.4 0.008
3 601.0 0.0 63.0 69.0 6.0 0.0
2 466.6 0.0 59.0 73.0 9.0 0.0
1 611.24137931 1.0 69.8 71.2 6.6 0.0
1 265.5 2.0 60.0 60.0 8.0 0.0
0 224.0 1.0 67.6 71.0 8.0 0.0
1 1581.66666667 2.0 56.0 72.0 9.0 0.0
1 1561.95 2.0 66.0 67.0 7.0 0.0
2 637.181818182 0.0 58.2 62.0 6.8 0.0
2 482.0 0.0 46.4 37.2 6.2 0.0
2 443.857142857 0.0 57.4 57.6 8.6 0.0
3 519.6 0.0 57.4 53.0 6.2 0.0
3 620.6 0.0 59.6 71.2 8.4 0.0
2 410.222222222 0.0 58.0 61.0 7.0 0.0
1 1096.58823529 0.0 60.6 79.8 5.0 0.0
1 499.928571429 0.0 59.8 69.0 6.0 0.214
1 342.5 0.0 51.0 60.8 1.8 0.0
2 535.6 2.0 55.0 69.0 1.0 0.0
1 422.5 2.0 56.0 71.0 13.0 0.0
2 571.838709677 1.0 65.2 63.8 10.2 0.0
1 618.388888889 1.0 67.6 72.0 7.6 0.0
2 1148.77777778 0.0 63.0 69.0 6.0 0.0
3 3592.07692308 0.0 59.8 57.8 6.2 0.0
3 397.333333333 0.0 55.6 80.4 5.4 0.082
3 513.0 2.0 61.0 84.6 6.6 0.088
2 510.833333333 0.0 59.4 69.8 10.0 0.054
2 515.625 0.0 60.2 60.6 9.2 0.0
3 585.166666667 2.0 63.0 72.0 22.0 0.0
3 379.0 2.0 57.6 65.8 9.6 0.0
0 187.0 1.0 62.0 71.0 10.0 0.0
3 542.875 0.0 63.8 72.2 7.8 0.0
3 721.714285714 1.0 65.6 57.4 6.6 0.0
2 519.272727273 3.0 56.0 74.6 6.2 0.0
3 357.4 3.0 43.2 51.0 3.4 0.0
2 988.954545455 0.0 55.6 81.2 3.2 0.0
2 632.25 1.0 70.4 73.2 7.4 0.0
2 1751.25 2.0 76.2 52.8 4.2 0.0
1 539.0 2.0 56.0 64.8 3.4 0.0
3 506.2 0.0 55.8 62.0 6.6 0.002
0 501.0 2.0 55.0 83.0 9.0 0.0
3 497.0 0.0 60.0 68.0 7.0 0.0
1 564.347826087 1.0 68.0 71.2 8.4 0.0
1 793.666666667 2.0 64.8 74.6 9.0 0.106
3 971.125 0.0 59.4 66.8 7.6 0.0
1 525.0 0.0 56.8 47.4 11.6 0.0
3 498.0 0.0 56.0 56.0 9.0 0.0
3 702.0 0.0 67.8 60.8 6.6 0.0
0 244.0 0.0 56.0 61.0 4.4 0.0
1 542.6 0.0 62.2 68.4 5.6 0.0
3 1009.0 3.0 53.2 63.8 1.6 0.0
0 403.0 0.0 59.6 71.2 8.4 0.0
1 412.75 2.0 66.0 70.0 7.0 0.0
1 562.56 0.0 60.2 65.0 8.6 0.0
3 378.6 1.0 69.4 72.8 7.6 0.0
1 853.333333333 0.0 57.8 67.0 3.6 0.0
2 448.625 3.0 59.8 81.2 3.0 0.028
2 498.75 0.0 48.8 60.2 4.6 0.0
3 361.428571429 2.0 63.0 60.2 6.4 0.0
3 372.0 0.0 60.0 69.2 13.0 0.0
0 456.0 2.0 56.0 56.0 9.0 0.0
3 1056.5 0.0 57.4 68.2 7.0 0.0
2 473.888888889 0.0 60.2 76.8 6.4 0.0
3 521.333333333 0.0 58.0 65.0 6.0 0.0
3 911.833333333 2.0 65.0 74.0 16.0 0.0
1 543.615384615 2.0 65.0 70.0 9.0 0.0
3 578.666666667 0.0 56.8 69.0 8.6 0.0
3 379.333333333 0.0 61.6 69.6 5.8 0.0
2 847.5 2.0 59.0 81.0 4.0 0.0
0 591.0 2.0 64.0 62.0 7.0 0.0
0 210.0 0.0 52.6 72.0 5.2 0.032
3 462.0 3.0 54.0 64.0 1.0 0.0
1 488.071428571 0.0 59.6 71.2 8.4 0.0
3 724.083333333 0.0 61.2 70.0 6.0 0.0
3 718.5 0.0 66.4 59.8 4.0 0.0
2 418.173913043 1.0 66.4 74.8 8.0 0.0
2 787.714285714 2.0 58.0 72.0 5.0 0.0
1 467.222222222 2.0 69.6 68.4 7.0 0.0
1 864.375 2.0 63.0 61.0 13.0 0.0
3 457.0 0.0 47.6 69.0 2.0 0.0
3 699.5 2.0 62.8 64.0 3.0 0.0
3 517.285714286 0.0 58.8 75.6 6.4 0.004
3 427.0 0.0 63.0 60.4 4.2 0.0
1 554.36 2.0 63.0 79.6 6.4 0.0
2 633.0 0.0 55.4 89.2 2.6 0.0
1 459.571428571 2.0 68.8 66.6 6.8 0.0
1 494.3 3.0 43.2 51.0 3.4 0.0
1 455.052631579 0.0 55.4 72.6 2.8 0.0
0 523.0 0.0 53.0 92.0 9.0 0.0
2 515.315789474 2.0 69.8 67.6 6.6 0.0
0 1763.0 0.0 58.0 70.0 3.0 0.0
1 622.304347826 2.0 56.0 82.0 10.0 0.0
2 305.5 0.0 61.0 71.0 13.0 0.0
2 441.72 1.0 67.6 71.0 8.0 0.0
2 502.0 0.0 45.0 72.0 3.0 0.0
1 502.892857143 1.0 69.0 68.6 8.0 0.0
0 711.0 0.0 57.0 71.0 6.0 0.0
0 767.0 1.0 67.0 71.0 9.0 0.0
0 554.0 0.0 60.2 76.8 6.4 0.0
1 465.176470588 0.0 57.0 72.0 13.0 0.0
1 535.928571429 2.0 58.2 70.0 4.0 0.0
2 680.0 2.0 60.6 66.4 6.6 0.0
2 573.857142857 1.0 70.0 64.0 10.0 0.01
1 909.714285714 3.0 52.0 59.0 2.0 0.0
2 517.333333333 1.0 62.0 68.4 8.0 0.0
0 298.333333333 2.0 62.0 68.0 9.0 0.0
1 474.928571429 0.0 58.0 78.2 4.4 0.0
2 740.3125 2.0 55.4 66.0 6.0 0.0
0 434.0 3.0 51.0 72.0 12.0 0.0
3 1482.0 0.0 57.0 68.0 8.0 0.01
3 2532.33333333 1.0 69.0 72.2 6.8 0.0
2 529.5 1.0 67.6 66.8 6.2 0.0
0 172.5 2.0 70.0 71.0 9.0 0.0
1 780.666666667 0.0 62.0 63.4 4.6 0.0
2 705.5 0.0 57.4 60.6 4.4 0.0
3 546.0 0.0 50.8 80.8 2.8 0.0
3 327.5 0.0 55.8 76.6 2.2 0.0
1 274.333333333 1.0 67.0 71.0 10.0 0.0
2 490.28 0.0 51.8 84.6 2.0 0.004
0 334.5 0.0 71.0 45.0 6.0 0.0
0 151.5 2.0 62.0 61.6 2.2 0.0
2 491.0 2.0 58.4 78.2 3.8 0.0
3 324.5 3.0 58.2 86.0 7.0 0.94
2 367.333333333 0.0 61.0 71.0 5.0 0.0
1 882.714285714 2.0 69.0 36.0 5.0 0.0
2 608.0 0.0 57.0 68.0 8.0 0.01
0 361.5 0.0 57.0 82.0 6.0 0.0
3 731.0 3.0 44.8 62.4 2.4 0.0
2 494.333333333 0.0 57.0 57.0 13.0 0.0
2 541.0 0.0 62.4 62.2 5.4 0.0
3 406.0 1.0 68.4 65.0 6.0 0.0
2 526.90625 0.0 53.0 73.0 3.0 0.0
0 153.0 3.0 49.0 76.0 3.0 0.0
1 513.0 1.0 68.0 73.0 11.0 0.0
3 1068.8 2.0 64.0 75.0 4.0 0.01
0 580.0 0.0 61.0 72.0 10.0 0.0
3 657.166666667 2.0 68.8 64.2 7.2 0.342
2 759.15 1.0 67.2 67.6 9.0 0.0
1 547.4 0.0 46.4 37.2 6.2 0.0
2 536.428571429 0.0 61.0 72.0 10.0 0.0
2 555.56 0.0 57.6 67.8 5.2 0.0
3 557.0 0.0 53.0 73.0 3.0 0.0
2 401.0 0.0 62.0 63.0 10.0 0.03
0 398.0 0.0 61.0 44.0 3.0 0.0
3 495.166666667 2.0 67.8 68.6 4.0 0.0
1 1002.4 3.0 47.8 64.8 1.0 0.0
1 871.181818182 0.0 68.6 59.6 3.6 0.0
0 207.0 0.0 55.0 70.0 5.0 0.0
0 272.0 3.0 59.0 83.0 2.0 0.0
3 856.0 2.0 55.2 76.6 2.6 0.0
2 652.4 3.0 50.0 64.0 2.0 0.0
2 258.75 2.0 56.0 88.0 4.0 0.32
3 204.0 0.0 61.0 64.0 17.0 0.0
3 554.0 2.0 52.2 73.6 3.2 0.0
2 479.1 1.0 69.2 67.4 8.4 0.0
3 197.0 0.0 57.0 57.0 13.0 0.0
3 1196.0 1.0 69.8 67.8 7.6 0.0
2 638.227272727 2.0 65.0 72.0 7.0 0.0
1 543.296296296 0.0 58.4 81.4 4.2 0.0
0 589.0 0.0 61.0 58.0 11.0 0.0
2 709.0 3.0 50.2 54.2 8.2 0.0
2 471.4 3.0 58.2 86.0 7.0 0.94
2 521.181818182 2.0 61.0 84.6 6.6 0.088
2 568.379310345 0.0 61.8 48.6 4.6 0.0
2 502.5 0.0 57.6 83.4 3.0 0.0
1 681.066666667 0.0 51.0 73.0 6.0 0.0
2 2975.33333333 0.0 49.0 69.0 1.0 0.0
0 401.0 2.0 63.0 30.0 14.0 0.0
0 831.0 0.0 58.0 58.0 6.0 0.0
1 1025.05555556 1.0 64.4 66.2 7.8 0.0
0 367.0 2.0 58.0 80.0 7.0 0.28
0 488.0 0.0 56.0 56.0 9.0 0.0
1 546.45 0.0 66.0 64.0 9.0 0.0
2 502.19047619 0.0 55.4 72.2 8.0 0.132
2 575.142857143 1.0 66.0 69.0 11.0 0.0
2 702.818181818 0.0 60.0 68.0 7.0 0.0
2 485.2 0.0 54.4 61.8 10.2 0.0
2 743.333333333 0.0 50.8 69.2 1.4 0.0
2 891.4 0.0 59.6 63.6 2.0 0.0
2 1862.0 2.0 53.6 72.4 4.6 0.0
1 797.0 0.0 47.8 69.0 1.0 0.0
3 425.5 0.0 57.0 65.0 6.0 0.0
3 371.0 1.0 68.0 70.0 7.8 0.0
3 415.5 0.0 57.4 71.2 5.6 0.0
0 575.666666667 1.0 64.0 72.0 11.0 0.0
0 176.0 0.0 58.4 58.2 8.2 0.0
2 555.3 1.0 64.2 70.6 8.0 0.0
3 455.333333333 2.0 64.0 64.0 12.0 0.0
1 634.5 0.0 56.6 73.2 3.4 0.0
1 608.333333333 1.0 66.0 69.0 11.0 0.0
1 1076.72222222 2.0 62.0 80.0 15.0 0.0
2 85.0 0.0 58.6 57.6 3.4 0.0
2 555.423076923 0.0 74.8 35.2 4.2 0.0
1 676.5 3.0 50.0 64.0 2.0 0.0
2 841.791666667 2.0 58.8 46.6 3.0 0.0
0 359.0 0.0 61.0 71.0 5.0 0.0
2 564.153846154 1.0 66.4 65.0 9.0 0.0
0 182.5 1.0 66.0 71.0 11.0 0.0
0 284.0 2.0 71.4 65.6 5.8 0.0
2 688.9 0.0 61.0 65.2 7.0 0.002
2 814.2 0.0 52.2 52.8 1.8 0.0
3 589.0 1.0 68.0 68.0 13.0 0.0
1 397.666666667 0.0 59.6 63.6 2.0 0.0
1 567.71875 2.0 65.6 74.6 4.4 0.0
1 598.25 3.0 62.0 86.0 6.0 0.11
0 212.0 0.0 61.0 66.0 5.0 0.0
2 490.272727273 2.0 69.2 70.4 6.8 0.0
2 764.696969697 1.0 70.6 67.2 7.0 0.0
2 529.35 0.0 58.0 72.0 12.0 0.0
2 448.461538462 3.0 53.0 87.0 3.0 0.48
1 800.333333333 2.0 56.6 69.0 5.2 0.0
0 170.0 0.0 51.0 73.0 5.0 0.0
3 1185.33333333 1.0 62.0 68.4 8.0 0.0
2 448.222222222 0.0 53.2 52.8 2.0 0.0
3 501.0 0.0 58.4 81.4 4.2 0.0
3 518.666666667 1.0 73.0 68.8 5.6 0.0
0 154.5 1.0 65.2 65.6 9.8 0.0
2 667.84 2.0 69.0 32.0 6.6 0.0
1 486.384615385 3.0 50.0 66.6 8.4 0.0
1 525.791666667 2.0 59.6 78.8 3.6 0.004
0 590.0 0.0 63.2 62.4 6.4 0.0
3 964.2 1.0 68.6 68.4 7.0 0.0
2 540.846153846 2.0 56.4 79.2 4.6 0.208
2 480.454545455 2.0 60.0 66.8 5.2 0.0
2 461.105263158 2.0 57.6 65.8 9.6 0.0
2 546.047619048 3.0 43.2 51.0 3.4 0.0
1 592.0 0.0 56.0 65.0 6.0 0.0
1 566.68 2.0 71.6 65.2 6.4 0.0
3 481.333333333 2.0 70.0 71.0 9.0 0.0
1 206.0 3.0 50.0 49.0 7.0 0.0
1 726.0 1.0 60.0 67.0 12.0 0.0
0 185.0 0.0 56.8 47.4 11.6 0.0
1 463.6 2.0 65.0 74.0 16.0 0.0
1 756.9 1.0 70.0 70.0 7.0 0.0
1 468.0 2.0 58.0 66.0 7.0 0.0
2 560.529411765 2.0 68.6 71.2 7.2 0.0
2 483.923076923 0.0 53.6 70.2 3.0 0.0
3 496.0 1.0 64.4 66.2 7.8 0.0
1 529.0 0.0 54.0 93.0 10.0 0.0
1 570.153846154 2.0 69.6 68.8 4.8 0.0
1 422.291666667 2.0 68.0 67.0 7.0 0.0
3 327.0 1.0 65.0 66.4 6.6 0.0
1 515.5 2.0 71.8 53.2 3.8 0.0
1 484.785714286 0.0 60.0 64.8 7.4 0.0
3 658.0 0.0 53.8 76.8 3.4 0.0
3 352.0 2.0 52.2 67.0 2.0 0.0
3 515.333333333 2.0 69.8 54.2 4.2 0.0
2 537.5 0.0 59.2 77.0 6.4 0.008
1 479.5 0.0 58.8 75.6 6.4 0.004
0 520.0 2.0 66.0 69.0 10.0 0.0
2 1125.89473684 2.0 63.0 75.0 9.0 0.0
1 604.68 3.0 59.0 86.0 10.0 0.0
2 511.866666667 0.0 60.8 68.2 6.8 0.0
1 449.428571429 0.0 73.0 42.8 5.2 0.0
3 536.5 0.0 57.4 81.4 8.6 0.296
1 649.125 0.0 62.0 62.0 5.0 0.0
2 587.05 2.0 57.4 72.2 3.0 0.0
1 875.153846154 2.0 69.0 38.0 9.0 0.0
3 396.666666667 0.0 57.8 73.4 11.2 0.178
3 563.846153846 1.0 66.4 65.0 9.0 0.0
1 503.285714286 2.0 65.4 76.0 6.2 0.32
2 500.875 0.0 54.0 59.0 4.0 0.0
1 506.909090909 0.0 54.0 70.0 4.0 0.0
3 565.0 1.0 70.6 65.4 8.0 0.002
3 577.6 1.0 68.6 70.2 8.2 0.0
0 509.5 2.0 62.0 61.0 5.0 0.0
1 952.75 0.0 58.2 65.2 4.4 0.0
2 1200.17647059 1.0 65.0 73.0 10.0 0.0
0 1448.0 2.0 55.2 76.6 2.6 0.0
2 636.315789474 2.0 63.0 60.2 6.4 0.0
0 676.0 0.0 57.4 60.6 4.4 0.0
2 4816.0 2.0 69.0 77.0 12.0 0.0
1 624.2 0.0 64.8 68.8 7.6 0.0
3 785.0 2.0 56.0 85.8 3.4 0.184
1 256.0 0.0 49.0 75.8 8.0 0.22
2 688.6 3.0 58.0 86.0 3.0 0.01
2 558.76 0.0 52.4 81.0 2.6 0.0
0 274.333333333 1.0 63.2 65.0 7.2 0.0
0 300.0 3.0 60.0 87.0 8.0 0.1
0 426.5 0.0 54.0 63.0 12.0 0.0
2 4656.77777778 2.0 58.0 66.0 7.0 0.0
3 886.666666667 0.0 60.2 60.0 5.4 0.0
1 793.692307692 0.0 54.0 73.0 6.0 0.0
2 526.5 0.0 54.0 68.6 5.8 0.0
2 522.444444444 0.0 52.8 71.0 4.4 0.0
0 184.0 0.0 56.0 80.0 6.0 0.0
3 515.666666667 0.0 50.4 78.8 2.6 0.0
1 442.909090909 0.0 58.0 69.0 19.0 0.08
0 561.666666667 2.0 65.0 70.0 10.0 0.0
0 186.0 2.0 69.0 69.0 8.0 0.0
2 365.666666667 3.0 53.0 80.4 6.0 0.104
1 586.95 1.0 60.0 68.0 11.0 0.0
0 151.0 2.0 60.0 67.0 9.0 0.0
0 569.0 1.0 60.0 73.0 11.0 0.0
1 485.047619048 2.0 61.2 59.0 3.6 0.032
2 2244.66666667 2.0 57.6 66.8 2.0 0.0
2 487.882352941 0.0 61.4 70.4 3.8 0.0
0 703.0 0.0 56.0 77.0 6.0 0.1
0 306.666666667 2.0 65.4 70.0 6.8 0.0
2 591.129032258 1.0 68.8 70.2 7.2 0.0
2 1162.5 2.0 56.0 56.0 5.0 0.0
3 826.0 3.0 62.8 79.4 5.0 0.094
3 593.0 2.0 53.2 73.8 3.0 0.0
2 682.0 1.0 64.0 76.0 10.0 0.0
3 386.0 1.0 68.0 70.4 8.0 0.0
2 517.777777778 0.0 57.8 47.8 6.8 0.0
2 513.523809524 0.0 67.0 49.6 6.0 0.0
3 418.5 0.0 53.6 70.2 3.0 0.0
2 485.387096774 2.0 59.6 78.8 3.6 0.004
1 477.0 0.0 54.0 68.6 5.8 0.0
3 370.666666667 3.0 57.8 82.0 3.2 0.0
1 428.555555556 0.0 55.6 80.4 5.4 0.082
3 405.0 0.0 57.8 68.0 9.0 0.0
1 538.952380952 2.0 61.8 69.2 3.4 0.0
1 1210.2 0.0 50.0 87.0 3.0 0.0
0 286.25 2.0 63.0 77.0 8.0 0.0
1 504.052631579 1.0 61.0 78.0 11.0 0.0
3 296.5 0.0 60.2 65.0 8.6 0.0
3 573.5 1.0 64.0 76.0 11.0 0.0
1 516.705882353 0.0 62.4 62.8 4.4 0.0
0 1019.33333333 1.0 70.0 63.0 9.0 0.0
0 335.666666667 0.0 49.0 72.0 2.0 0.0
2 691.666666667 0.0 59.6 70.2 7.8 0.004
2 619.25 2.0 68.2 75.2 5.8 0.0
2 478.0 0.0 41.8 64.6 2.0 0.0
1 470.2 2.0 60.6 68.2 3.8 0.0
0 351.333333333 1.0 68.0 53.0 7.0 0.0
3 567.8 2.0 58.0 74.0 2.6 0.0
3 811.5 2.0 58.6 81.0 6.6 0.226
1 626.043478261 0.0 60.2 70.0 6.6 0.0
1 498.842105263 0.0 53.8 57.8 9.0 0.0
2 481.166666667 0.0 50.6 85.6 7.2 0.458
2 1038.75 2.0 70.0 64.0 7.0 0.0
2 545.08 1.0 68.6 68.4 7.0 0.0
2 485.684210526 0.0 59.8 69.0 9.0 0.0
3 697.0 0.0 66.4 57.6 5.6 0.0
3 822.0 1.0 62.6 66.8 8.0 0.0
3 672.285714286 3.0 56.0 81.0 6.0 0.0
3 441.0 0.0 54.2 54.4 3.0 0.0
3 456.0 0.0 51.2 78.0 9.0 0.302
1 396.058823529 0.0 53.6 46.8 4.2 0.0
0 629.0 3.0 56.0 84.0 3.0 0.0
3 3290.05882353 2.0 63.0 72.0 8.0 0.0
1 531.125 2.0 57.0 66.0 7.0 0.0
3 401.5 0.0 52.4 81.0 2.6 0.0
0 360.0 2.0 68.0 58.0 4.0 0.0
0 480.0 0.0 62.8 65.8 9.0 0.0
3 684.0 1.0 74.2 60.2 6.0 0.0
2 708.555555556 0.0 62.0 62.2 5.6 0.0
1 527.769230769 0.0 55.0 77.0 5.0 0.0
2 517.85 0.0 67.0 55.0 6.0 0.0
1 566.5 1.0 65.0 72.0 11.0 0.0
3 813.8 2.0 63.8 75.4 8.2 0.0
1 1554.16666667 0.0 63.0 66.2 7.2 0.0
2 587.19047619 2.0 62.0 64.2 3.4 0.0
3 615.0 0.0 56.6 46.2 3.6 0.0
2 612.2 2.0 67.2 35.6 2.4 0.0
2 781.466666667 1.0 64.0 75.0 15.0 0.0
2 1651.0 0.0 59.0 66.8 7.6 0.0
2 793.875 2.0 65.4 76.0 6.2 0.32
1 367.5 0.0 45.0 72.0 3.0 0.0
1 527.566666667 2.0 53.4 63.6 3.2 0.0
1 620.0625 2.0 55.0 83.0 9.0 0.0
3 521.0 1.0 71.2 70.2 9.0 0.0
1 472.8 0.0 54.0 64.0 7.0 0.0
0 581.0 1.0 63.0 73.0 10.0 0.0
2 935.0 0.0 59.4 64.2 8.6 0.0
2 2902.0 0.0 57.0 75.0 9.0 0.02
1 518.466666667 0.0 56.0 79.0 9.0 0.01
2 560.434782609 2.0 72.2 70.0 7.6 0.0
1 522.909090909 1.0 67.0 70.0 9.0 0.0
3 479.5 2.0 61.0 56.0 4.0 0.11
1 453.6 1.0 63.0 67.0 9.0 0.0
1 584.875 0.0 75.4 45.6 4.4 0.0
2 707.043478261 0.0 58.4 81.4 4.2 0.0
2 520.777777778 0.0 51.2 78.0 9.0 0.302
3 840.333333333 0.0 57.0 79.0 5.0 0.0
3 356.75 0.0 56.0 75.0 6.0 0.0
1 533.461538462 2.0 56.0 56.0 9.0 0.0
3 313.5 2.0 57.0 64.0 3.0 0.0
1 413.166666667 2.0 66.4 71.8 6.0 0.0
0 214.0 3.0 60.0 80.0 4.0 0.0
3 814.0 0.0 63.0 66.2 7.2 0.0
3 386.0 2.0 69.2 53.0 4.8 0.0
2 546.523809524 0.0 52.8 70.2 6.6 0.008
3 407.0 2.0 69.6 68.4 7.0 0.0
3 434.5 0.0 54.0 63.0 13.0 0.0
2 470.565217391 0.0 57.0 64.0 4.0 0.0
2 937.777777778 2.0 62.0 60.0 7.0 0.0
1 486.487179487 2.0 61.4 68.4 4.2 0.0
1 509.2 0.0 59.0 75.0 4.0 0.0
2 495.28 0.0 59.6 66.8 6.2 0.0
2 635.6 0.0 62.0 65.4 9.4 0.0
1 582.333333333 0.0 59.0 63.0 4.0 0.0
2 835.235294118 0.0 48.8 70.8 5.8 0.0
1 686.4 2.0 59.2 73.8 4.2 0.0
1 511.086956522 1.0 69.8 67.8 7.6 0.0
2 599.5 0.0 61.0 71.0 10.0 0.0
1 6296.8 3.0 53.2 73.2 4.8 0.078
3 566.0 1.0 68.0 66.0 7.4 0.0
1 512.416666667 1.0 62.0 67.0 9.0 0.0
1 464.25 0.0 56.0 61.0 4.4 0.0
1 784.0 0.0 57.0 75.0 9.0 0.02
0 256.0 3.0 61.6 80.6 4.6 0.006
0 134.0 0.0 41.0 64.0 4.0 0.0
3 1635.75 1.0 68.0 64.0 5.0 0.0
2 3029.5 0.0 55.0 64.0 5.0 0.0
0 502.0 2.0 60.0 77.0 8.0 0.0
2 586.875 0.0 58.0 82.0 9.0 0.0
2 515.416666667 0.0 51.8 77.6 1.6 0.0
0 418.0 2.0 59.0 54.0 4.0 0.0
2 1000.9 1.0 63.6 62.8 9.0 0.0
1 646.117647059 2.0 58.0 66.0 12.0 0.0
1 834.0 0.0 55.4 89.2 2.6 0.0
3 373.0 0.0 60.6 85.0 4.2 0.004
3 200.0 0.0 54.0 64.0 7.0 0.0
0 488.0 1.0 69.6 56.8 6.8 0.0
3 430.0 0.0 57.0 72.0 13.0 0.0
1 628.571428571 0.0 66.4 59.8 4.0 0.0
2 550.285714286 0.0 54.6 80.0 2.4 0.0
2 868.222222222 2.0 59.2 73.8 4.2 0.0
1 714.5 0.0 61.4 69.6 5.2 0.0
1 551.333333333 2.0 70.2 64.4 4.2 0.0
3 489.166666667 1.0 64.8 65.8 7.2 0.0
3 349.5 0.0 58.0 64.0 12.0 0.0
1 469.666666667 2.0 70.0 73.0 9.0 0.0
2 461.875 2.0 56.0 64.8 3.4 0.0
0 329.333333333 2.0 68.0 67.0 7.0 0.0
3 411.666666667 2.0 56.0 56.0 9.0 0.0
2 458.8 3.0 60.6 76.8 3.6 0.002
2 456.5 0.0 54.4 66.8 4.8 0.0
2 924.368421053 1.0 68.6 58.8 7.0 0.0
1 847.066666667 2.0 65.0 72.0 7.0 0.0
1 1867.16666667 0.0 57.0 74.0 12.0 0.0
2 1269.11111111 2.0 67.0 72.0 11.0 0.0
3 720.285714286 1.0 68.0 66.8 7.8 0.0
3 1478.33333333 2.0 70.0 66.8 7.2 0.0
1 442.333333333 0.0 57.0 51.0 5.0 0.0
0 928.0 2.0 63.4 76.6 6.2 0.35
2 422.48 1.0 68.6 70.2 8.2 0.0
0 250.5 0.0 55.8 62.0 6.6 0.002
3 454.666666667 0.0 51.4 77.6 9.6 0.268
1 445.461538462 0.0 55.0 56.0 3.0 0.0
3 473.0 2.0 62.0 47.0 13.0 0.0
1 644.875 1.0 68.4 65.0 6.0 0.0
2 554.0 2.0 62.0 61.0 14.0 0.0
2 607.0 1.0 65.0 66.4 6.6 0.0
2 874.8 0.0 67.8 60.8 6.6 0.0
3 630.0 2.0 63.0 70.0 10.0 0.0
1 310.0 0.0 57.0 77.0 15.0 0.14
2 1275.5 0.0 58.8 72.6 8.6 0.0
2 496.161290323 2.0 70.0 51.0 6.0 0.0
0 413.0 2.0 62.0 61.0 14.0 0.0
0 502.0 2.0 67.0 43.6 4.4 0.0
1 324.5 0.0 54.0 69.0 11.0 0.11
1 457.411764706 0.0 60.2 60.0 5.4 0.0
1 828.210526316 0.0 62.8 67.0 3.4 0.0
2 512.0 2.0 64.0 73.6 6.2 0.0
3 426.75 0.0 61.0 58.0 11.0 0.0
1 554.0 0.0 60.0 45.0 2.0 0.0
1 503.5 0.0 56.0 92.0 13.0 0.42
1 1420.66666667 0.0 60.8 68.2 6.8 0.0
3 473.25 2.0 61.4 61.0 3.6 0.0
2 585.166666667 2.0 63.6 79.6 5.0 0.0
3 621.416666667 0.0 60.0 45.0 7.8 0.0
2 503.714285714 0.0 54.6 60.6 3.4 0.0
3 316.0 3.0 51.4 61.8 1.2 0.0
2 533.0 1.0 68.2 68.8 8.0 0.0
2 527.966666667 1.0 61.2 63.2 9.4 0.0
2 365.0 0.0 54.0 69.0 11.0 0.11
1 477.8 1.0 65.6 69.8 8.6 0.0
2 478.818181818 0.0 47.4 70.4 4.6 0.022
1 504.791666667 3.0 60.0 80.0 4.0 0.0
1 488.571428571 0.0 63.0 68.0 11.0 0.0
0 501.0 0.0 61.0 80.0 5.0 0.0
0 339.333333333 1.0 62.0 76.0 9.0 0.0
2 479.68 0.0 57.0 78.0 8.0 0.0
2 485.611111111 0.0 53.0 83.0 2.6 0.0
0 173.5 2.0 68.2 75.2 5.8 0.0
1 3306.91666667 2.0 66.0 70.0 11.0 0.0
0 448.0 3.0 50.0 64.0 2.0 0.0
0 189.0 0.0 56.8 69.0 8.6 0.0
1 664.428571429 3.0 58.0 83.0 2.2 0.004
2 607.3125 2.0 65.6 75.0 8.0 0.0
1 359.5 3.0 58.2 86.0 7.0 0.94
0 286.0 0.0 58.0 68.0 2.0 0.0
1 448.214285714 0.0 57.0 74.4 5.6 0.0
0 565.666666667 2.0 68.0 71.0 8.0 0.0
1 164.0 0.0 53.0 62.0 3.0 0.0
2 711.761904762 1.0 68.0 71.2 8.4 0.0
0 342.6 2.0 54.0 55.0 5.0 0.0
2 2163.4 0.0 52.0 74.0 7.0 0.07
3 709.333333333 0.0 63.0 57.2 7.8 0.0
0 584.0 2.0 56.0 82.0 10.0 0.0
1 1077.84615385 0.0 51.2 68.6 5.8 0.0
2 499.233333333 2.0 64.8 64.6 2.4 0.0
2 592.0 3.0 47.0 75.0 4.0 0.0
2 842.333333333 3.0 60.0 92.0 6.0 0.09
3 552.0 0.0 61.4 70.4 3.8 0.0
2 530.5 0.0 56.8 47.4 11.6 0.0
0 1926.0 1.0 60.0 67.0 12.0 0.0
1 750.888888889 2.0 62.0 64.0 20.0 0.0
2 568.136363636 0.0 72.8 36.6 5.0 0.0
0 1539.0 2.0 60.6 63.0 4.2 0.0
2 707.814814815 1.0 65.0 72.0 9.0 0.0
1 469.6875 2.0 60.0 66.8 5.2 0.0
2 596.315789474 1.0 68.0 73.0 11.0 0.0
3 447.333333333 2.0 59.0 54.0 4.0 0.0
3 359.2 0.0 57.6 55.8 14.2 0.0
1 547.1875 2.0 72.0 47.0 5.0 0.0
3 227.0 1.0 65.2 63.8 10.2 0.0
3 527.0 2.0 59.2 62.4 4.2 0.0
2 508.222222222 0.0 55.6 61.4 3.8 0.0
0 185.0 2.0 70.6 73.4 6.6 0.002
0 169.5 1.0 68.0 70.4 8.0 0.0
0 143.5 2.0 57.0 69.0 4.0 0.0
2 476.933333333 0.0 57.2 74.2 7.8 0.19
3 752.5 1.0 64.0 77.0 8.0 0.0
0 166.0 0.0 61.4 73.0 8.2 0.0
3 713.8 2.0 69.6 68.8 4.8 0.0
2 384.142857143 0.0 47.0 70.0 4.2 0.0
2 903.421052632 0.0 62.4 62.8 4.4 0.0
2 637.358974359 0.0 75.4 35.6 5.2 0.0
3 954.4 0.0 63.0 68.0 4.8 0.0
1 518.333333333 0.0 57.6 83.4 3.0 0.0
1 588.285714286 1.0 65.0 72.0 9.0 0.0
1 497.2 3.0 61.6 80.6 4.6 0.006
3 590.384615385 1.0 64.2 69.0 7.8 0.0
2 605.727272727 2.0 57.0 75.2 5.8 0.01
3 759.0 0.0 53.0 78.0 3.0 0.0
2 743.111111111 0.0 55.0 50.0 3.0 0.0
2 500.0 0.0 60.0 64.8 7.4 0.0
2 823.047619048 2.0 57.8 36.0 6.0 0.0
1 585.277777778 1.0 71.2 70.2 9.0 0.0
1 543.125 0.0 62.0 62.4 11.0 0.0
3 469.0 0.0 51.2 68.6 5.8 0.0
0 4833.0 2.0 70.8 74.0 7.4 0.0
2 615.125 2.0 71.0 58.0 8.0 0.0
0 1058.0 0.0 58.0 65.0 6.0 0.0
3 712.0 0.0 46.0 69.0 2.0 0.0
1 527.1 0.0 65.0 68.0 5.0 0.0
3 413.5 0.0 64.8 46.8 8.4 0.0
1 572.6875 1.0 68.6 68.4 7.0 0.0
2 994.833333333 0.0 62.0 63.0 6.0 0.0
1 539.0 0.0 57.2 70.6 8.0 0.0
0 198.0 0.0 60.0 63.0 7.0 0.0
1 560.0 0.0 59.2 77.0 6.4 0.008
3 201.0 0.0 51.0 73.0 5.0 0.0
1 989.0 3.0 57.0 89.0 4.0 0.0
2 622.382352941 0.0 58.0 78.2 4.4 0.0
2 470.884615385 2.0 67.6 72.2 7.0 0.0
1 1356.76923077 1.0 70.0 67.0 11.0 0.0
0 643.0 2.0 70.6 65.6 4.4 0.0
3 582.75 2.0 55.2 52.2 3.6 0.0
2 474.0 0.0 54.0 70.0 4.0 0.0
0 348.5 2.0 53.0 69.0 5.0 0.0
2 869.958333333 2.0 65.0 74.0 7.0 0.0
0 389.333333333 0.0 73.0 53.0 5.0 0.0
1 963.96 2.0 65.8 66.2 4.6 0.0
3 536.0 0.0 55.4 72.2 8.0 0.132
3 448.0 0.0 64.0 68.6 5.0 0.0
2 3753.6 1.0 59.0 70.0 8.0 0.0
2 473.0 0.0 54.0 75.0 6.0 0.0
3 499.0 3.0 50.4 66.2 1.4 0.0
3 646.666666667 2.0 71.6 43.0 3.6 0.0
1 468.5 2.0 67.0 72.0 11.0 0.0
1 361.0 2.0 68.8 64.2 7.2 0.342
1 810.769230769 1.0 61.0 74.0 9.0 0.0
1 486.307692308 3.0 51.0 72.0 12.0 0.0
3 428.5 1.0 70.4 48.2 6.0 0.0
2 1581.0 0.0 60.0 67.0 6.0 0.0
3 1000.5 1.0 68.0 71.2 8.4 0.0
1 505.416666667 0.0 59.8 57.8 6.2 0.0
2 552.205882353 2.0 70.2 64.4 4.2 0.0
1 539.454545455 2.0 62.0 61.0 5.0 0.0
2 723.0 2.0 68.6 67.2 7.8 0.0
1 521.578947368 0.0 60.0 63.0 7.0 0.0
2 511.72 0.0 57.4 71.2 5.6 0.0
0 319.0 0.0 56.0 79.0 9.0 0.01
2 1789.45454545 2.0 70.0 66.8 7.2 0.0
3 856.428571429 2.0 67.0 58.0 10.0 0.0
2 576.92 2.0 53.4 63.6 3.2 0.0
2 461.923076923 0.0 53.6 46.8 4.2 0.0
3 680.5 2.0 67.2 67.8 5.6 0.0
1 516.272727273 0.0 57.0 57.0 13.0 0.0
1 546.333333333 0.0 46.4 51.4 13.6 0.0
0 1069.0 3.0 52.0 64.0 1.0 0.0
3 460.333333333 2.0 56.0 80.2 3.0 0.002
2 598.428571429 3.0 50.4 82.2 1.8 0.004
0 542.0 1.0 61.0 70.0 14.0 0.0
0 406.0 2.0 55.4 68.6 3.6 0.0
1 605.615384615 0.0 61.4 55.0 10.0 0.0
2 577.695652174 2.0 60.4 64.8 5.6 0.0
3 262.0 2.0 60.0 81.0 4.0 0.01
1 1141.0 2.0 67.0 53.0 6.0 0.0
2 6554.0 1.0 67.0 71.0 10.0 0.0
1 474.533333333 0.0 65.4 31.2 10.6 0.0
1 590.173913043 2.0 65.2 72.2 3.2 0.002
0 513.5 2.0 66.0 60.0 10.0 0.0
2 744.071428571 2.0 57.8 77.2 3.4 0.0
0 664.666666667 2.0 62.0 47.0 13.0 0.0
3 522.0 0.0 57.6 83.4 3.0 0.0
0 428.0 0.0 51.0 63.0 6.0 0.0
2 4747.60869565 0.0 67.8 57.8 6.6 0.0
1 5396.5 0.0 60.0 66.4 7.4 0.0
0 505.5 0.0 62.0 65.0 16.0 0.0
3 325.0 0.0 52.8 70.2 6.6 0.008
0 188.0 3.0 53.0 85.0 14.0 1.09
2 823.571428571 1.0 65.0 72.0 11.0 0.0
0 227.0 0.0 59.0 71.0 10.0 0.05
1 476.782608696 2.0 66.0 79.0 7.0 0.0
1 553.285714286 0.0 56.0 53.4 8.0 0.0
0 352.0 3.0 46.2 70.8 2.2 0.0
1 457.272727273 0.0 60.4 78.8 7.2 0.0
2 477.2 0.0 66.4 57.6 5.6 0.0
1 616.125 2.0 64.0 61.0 8.0 0.0
1 8226.0 0.0 41.8 64.6 2.0 0.0
3 368.0 0.0 53.2 55.0 1.8 0.0
3 600.0 0.0 61.0 70.0 6.0 0.0
3 674.0 3.0 58.8 83.0 2.8 0.0
3 368.0 2.0 57.4 81.8 4.0 0.0
1 3299.37931034 1.0 69.0 64.0 9.0 0.0
2 461.142857143 2.0 60.2 70.2 6.8 0.042
2 487.4 2.0 66.0 64.0 9.6 0.0
2 935.5 0.0 59.0 89.0 6.0 0.03
1 746.666666667 2.0 64.6 73.0 4.4 0.0
2 550.0 0.0 59.0 76.6 7.0 0.0
2 781.3 0.0 60.2 72.8 2.4 0.0
1 19524.25 0.0 59.0 69.0 12.0 0.0
3 390.25 2.0 61.8 59.2 5.2 0.0
2 850.0 0.0 57.0 65.0 6.0 0.0
1 638.0 2.0 70.6 73.4 6.6 0.002
3 546.25 2.0 59.6 78.8 3.6 0.004
1 18131.75 0.0 53.0 63.0 10.0 0.0
1 626.130434783 0.0 64.0 68.6 5.0 0.0
2 503.0 2.0 54.0 79.0 4.0 0.0
3 546.333333333 2.0 55.2 57.6 3.0 0.0
1 737.2 2.0 65.8 55.4 5.0 0.0
2 597.666666667 0.0 56.6 46.2 3.6 0.0
2 485.633333333 2.0 61.0 69.0 4.0 0.0
1 492.181818182 0.0 60.4 60.0 12.8 0.0
2 629.2 2.0 60.6 68.2 3.8 0.0
1 351.0 0.0 55.0 78.0 6.0 0.0
3 3950.0 2.0 65.4 76.0 6.2 0.32
2 592.3125 0.0 60.4 62.0 10.8 0.0
0 208.25 2.0 62.0 80.0 9.0 0.0
0 948.0 0.0 61.0 40.0 11.0 0.0
1 491.823529412 0.0 58.4 58.2 8.2 0.0
2 495.681818182 0.0 56.0 53.4 8.0 0.0
1 445.692307692 0.0 51.0 92.0 6.0 0.0
3 294.5 0.0 58.0 83.0 15.0 0.99
3 677.5 0.0 61.4 72.8 6.2 0.0
3 320.0 3.0 45.0 63.0 13.0 0.06
2 919.461538462 2.0 68.6 56.8 5.0 0.0
1 1040.85714286 0.0 53.4 70.4 7.4 0.0
0 581.0 3.0 54.0 80.0 14.0 0.0
3 1029.25 1.0 69.8 70.8 6.6 0.0
2 642.583333333 0.0 61.0 44.0 3.0 0.0
2 679.0 2.0 57.0 70.0 9.0 0.0
0 202.0 0.0 52.0 86.0 2.0 0.0
2 613.19047619 0.0 56.0 61.0 4.4 0.0
2 444.96 0.0 47.6 69.0 2.0 0.0
3 558.0 0.0 70.0 48.0 5.2 0.0
0 192.0 1.0 67.6 72.0 7.6 0.0
0 246.0 1.0 67.2 67.6 9.0 0.0
1 585.230769231 1.0 63.0 73.0 10.0 0.0
1 560.2 1.0 69.0 72.2 6.8 0.0
2 2630.54545455 2.0 63.8 75.4 8.2 0.0
1 500.6875 3.0 46.0 67.0 4.0 0.0
1 503.863636364 1.0 68.0 66.8 7.8 0.0
3 481.5 0.0 58.8 61.6 12.2 0.016
3 415.666666667 0.0 61.0 77.0 5.0 0.0
1 1591.75 2.0 60.0 67.0 9.0 0.0
3 585.166666667 2.0 69.2 70.4 5.0 0.0
1 821.5 1.0 61.0 66.0 13.0 0.0
2 882.3 3.0 59.6 79.4 7.4 0.002
0 186.0 3.0 56.0 80.0 11.0 0.65
3 652.666666667 0.0 51.8 77.6 1.6 0.0
1 463.722222222 0.0 57.0 76.0 3.0 0.0
2 5792.5 1.0 67.4 63.8 8.4 0.0
3 418.0 2.0 65.8 55.4 5.0 0.0
2 666.888888889 2.0 67.2 67.8 5.6 0.0
1 457.307692308 1.0 67.0 71.0 10.0 0.0
2 558.35 0.0 73.0 42.8 5.2 0.0
3 3415.0 2.0 68.4 65.0 4.8 0.0
2 504.619047619 0.0 61.6 42.8 10.6 0.0
3 659.0 0.0 58.2 65.2 4.4 0.0
2 508.25 1.0 64.8 74.6 8.4 0.0
1 501.7 0.0 57.4 57.6 8.6 0.0
0 225.0 3.0 57.8 82.0 3.2 0.0
0 176.0 1.0 70.8 58.2 8.2 0.0
0 670.0 0.0 60.0 73.0 6.0 0.26
2 584.833333333 0.0 52.8 67.2 3.2 0.0
2 623.0 0.0 57.6 65.4 6.0 0.0
3 501.0 0.0 50.8 71.8 4.6 0.0
1 723.444444444 2.0 62.8 64.0 3.0 0.0
2 533.055555556 0.0 58.2 65.2 4.4 0.0
2 1054.1 0.0 58.6 71.0 8.6 0.0
2 1013.5 0.0 57.8 73.4 11.2 0.178
0 853.0 0.0 63.0 71.0 7.0 0.0
2 1077.33333333 0.0 55.0 81.0 8.0 0.0
3 348.0 1.0 67.0 71.0 9.0 0.0
2 484.208333333 0.0 63.0 63.6 7.6 0.0
2 890.5 2.0 68.4 65.0 4.8 0.0
3 418.666666667 0.0 56.2 47.0 1.8 0.0
1 427.5 0.0 53.2 55.0 1.8 0.0
1 472.238095238 0.0 56.2 80.4 3.6 0.0
0 415.0 0.0 57.0 51.0 5.0 0.0
2 536.434782609 0.0 55.8 76.6 2.2 0.0
1 514.5 2.0 67.0 40.0 5.0 0.0
1 461.0 3.0 51.4 63.4 1.2 0.0
3 515.2 2.0 62.0 61.6 2.2 0.0
1 575.222222222 0.0 53.6 70.2 3.0 0.0
1 2409.2 0.0 61.8 67.6 10.8 0.0
1 834.3 3.0 54.0 64.0 1.0 0.0
1 521.681818182 2.0 62.0 61.6 2.2 0.0
0 325.333333333 2.0 60.0 81.0 4.0 0.01
2 2094.0 2.0 55.2 69.8 1.6 0.0
2 639.0 2.0 62.0 47.0 13.0 0.0
3 254.0 2.0 66.2 73.6 6.2 0.0
2 497.692307692 3.0 40.2 49.2 4.2 0.0
2 735.4375 2.0 64.0 48.6 3.4 0.0
1 752.0 3.0 47.4 65.4 1.0 0.0
2 721.333333333 3.0 54.0 74.0 7.0 0.0
3 429.0 3.0 40.6 50.8 2.2 0.0
2 568.416666667 0.0 59.2 68.6 8.2 0.02
3 1262.90909091 2.0 69.2 72.8 5.2 0.0
2 2682.6 0.0 59.0 71.8 8.2 0.0
2 744.482758621 1.0 61.4 66.2 8.8 0.0
0 303.333333333 2.0 65.0 74.0 7.0 0.0
2 440.416666667 0.0 54.0 93.0 10.0 0.0
1 707.5 2.0 71.0 58.0 8.0 0.0
1 530.157894737 2.0 69.8 67.6 6.6 0.0
2 449.111111111 0.0 62.0 62.4 11.0 0.0
2 502.75 1.0 62.0 76.0 9.0 0.0
2 468.823529412 3.0 51.0 69.0 14.0 0.0
3 426.0 3.0 44.4 59.4 1.4 0.0
3 11077.2 1.0 68.0 71.0 7.0 0.0
1 987.666666667 2.0 62.6 71.4 6.2 0.002
3 640.0 3.0 41.0 60.2 1.2 0.0
1 691.277777778 2.0 65.4 70.0 6.8 0.0
3 434.0 3.0 44.4 63.8 1.4 0.0
3 686.0 3.0 50.6 61.4 7.4 0.0
1 666.470588235 0.0 60.0 67.0 7.0 0.0
1 399.25 1.0 66.8 68.8 7.4 0.0
0 7613.6 1.0 69.0 64.0 9.0 0.0
3 654.0 2.0 65.0 73.0 11.0 0.0
3 308.0 2.0 56.8 88.4 5.4 0.348
3 654.0 0.0 55.4 68.6 7.4 0.008
1 588.5 3.0 58.0 76.2 2.8 0.004
2 962.47826087 2.0 63.0 57.0 4.0 0.0
2 493.961538462 2.0 69.6 68.8 4.8 0.0
3 1064.0 1.0 65.6 72.4 6.8 0.0
1 523.2 0.0 55.2 73.8 2.0 0.0
1 2773.28571429 0.0 57.0 75.0 9.0 0.0
1 642.615384615 2.0 59.0 54.0 4.0 0.0
2 256.0 0.0 49.0 75.8 8.0 0.22
1 416.727272727 0.0 59.4 77.0 4.6 0.0
0 299.333333333 1.0 67.0 69.0 9.0 0.0
3 401.666666667 2.0 58.2 70.0 4.0 0.0
2 715.263157895 2.0 60.4 62.6 4.4 0.0
3 393.0 0.0 43.0 66.0 2.0 0.0
1 604.0 2.0 60.0 81.0 4.0 0.01
1 1259.0 0.0 52.6 72.0 3.2 0.0
1 2456.0 2.0 64.0 48.6 3.4 0.0
2 1331.9047619 3.0 51.4 61.8 1.2 0.0
2 565.181818182 0.0 46.4 51.4 13.6 0.0
2 617.9 2.0 56.0 67.0 14.0 0.0
3 1522.0 0.0 55.4 89.2 2.6 0.0
3 342.333333333 0.0 60.0 67.0 9.0 0.0
3 1764.0 0.0 58.0 82.0 9.0 0.0
0 818.0 2.0 56.6 69.0 5.2 0.0
1 625.5 2.0 53.0 70.0 3.0 0.0
3 1670.2 1.0 70.0 70.0 7.0 0.0
2 1964.86666667 0.0 56.0 78.0 9.0 0.0
2 640.5 2.0 54.6 59.4 5.2 0.0
2 485.368421053 2.0 63.0 72.0 8.0 0.0
3 712.0 0.0 58.4 81.6 3.2 0.0
1 1090.0 0.0 59.0 72.0 13.0 0.0
1 607.75 2.0 65.0 70.0 10.0 0.0
2 495.230769231 2.0 57.0 73.0 9.0 0.0
3 822.0 0.0 62.0 62.4 11.0 0.0
3 667.75 0.0 53.8 57.0 3.0 0.0
1 2784.0 1.0 67.6 71.8 6.0 0.0
3 638.666666667 1.0 72.4 64.6 6.6 0.0
2 462.55 1.0 69.8 67.8 7.6 0.0
2 1127.78571429 0.0 66.4 59.8 4.0 0.0
2 762.714285714 2.0 55.0 73.0 3.0 0.0
0 564.0 0.0 70.0 47.0 6.0 0.0
2 2992.0 2.0 62.6 71.4 6.2 0.002
1 434.75 3.0 52.0 64.0 2.0 0.0
1 649.5 1.0 70.6 60.2 6.2 0.0
0 446.0 2.0 68.0 64.0 9.0 0.0
2 508.181818182 0.0 57.2 73.6 2.8 0.0
3 807.0 2.0 69.0 77.0 12.0 0.0
2 1165.16666667 2.0 57.0 73.0 13.0 0.0
3 597.833333333 0.0 69.4 45.4 3.8 0.0
0 521.0 3.0 48.0 60.0 3.0 0.0
1 564.423076923 2.0 66.0 71.0 8.0 0.0
0 152.0 2.0 67.0 53.0 6.0 0.0
3 535.090909091 0.0 63.2 62.4 6.4 0.0
0 1033.0 0.0 51.0 65.0 3.0 0.0
3 261.0 0.0 61.0 53.0 12.0 0.0
0 177.0 0.0 54.6 71.4 10.2 0.23
3 751.0 2.0 55.6 64.6 6.4 0.002
1 774.821428571 2.0 63.2 68.8 8.8 0.0
2 812.375 2.0 66.0 69.0 9.0 0.0
2 760.235294118 1.0 64.8 65.8 7.2 0.0
3 454.5 0.0 59.6 66.8 6.2 0.0
1 464.692307692 1.0 66.4 74.8 8.0 0.0
3 977.928571429 2.0 64.0 48.6 3.4 0.0
0 179.666666667 2.0 55.2 52.2 3.6 0.0
0 724.5 2.0 58.0 72.0 5.0 0.0
2 537.057142857 1.0 69.4 72.2 6.4 0.0
3 634.0 1.0 65.0 73.0 7.0 0.0
2 658.517241379 0.0 49.6 73.2 3.0 0.0
1 481.25 0.0 54.0 75.0 6.0 0.0
1 751.25 0.0 56.0 78.0 9.0 0.0
0 363.0 0.0 50.0 67.0 7.0 0.0
0 202.5 1.0 61.4 66.2 8.8 0.0
3 955.0 2.0 56.6 66.6 2.4 0.0
3 482.4 0.0 52.4 69.2 1.2 0.0
1 593.785714286 0.0 56.0 65.6 5.8 0.014
2 568.647058824 2.0 55.6 64.6 6.4 0.002
0 505.5 2.0 61.0 44.0 4.0 0.0
1 976.7 0.0 63.2 62.2 5.6 0.0
3 762.0 0.0 62.4 71.8 6.0 0.056
2 984.333333333 0.0 61.4 69.6 5.2 0.0
0 629.0 0.0 59.0 73.0 8.0 0.0
0 914.0 1.0 62.2 65.6 6.4 0.0
0 188.0 2.0 53.4 63.6 3.2 0.0
1 650.388888889 0.0 58.4 50.0 4.4 0.0
2 539.375 2.0 62.6 64.8 4.4 0.0
2 1356.32142857 1.0 65.0 70.0 5.8 0.0
1 685.333333333 2.0 54.0 79.0 4.0 0.0
0 475.0 0.0 59.0 63.0 9.0 0.0
0 347.0 0.0 59.0 73.0 3.0 0.0
3 939.0 2.0 69.0 76.8 6.4 0.0
1 552.0 1.0 69.2 67.4 8.4 0.0
2 443.375 1.0 71.4 69.4 5.8 0.0
1 500.333333333 2.0 67.4 74.0 6.8 0.0
1 701.333333333 2.0 67.0 58.0 10.0 0.0
2 1463.16666667 1.0 68.0 71.0 8.0 0.0
0 509.0 0.0 53.0 78.0 3.0 0.0
2 760.5 2.0 55.0 76.0 18.0 0.0
2 660.571428571 1.0 67.0 75.0 7.0 0.0
3 375.0 0.0 48.8 70.8 5.8 0.0
0 192.0 2.0 66.0 71.0 8.0 0.0
3 372.5 2.0 63.0 74.0 6.0 0.0
2 489.411764706 0.0 56.8 69.0 8.6 0.0
0 792.0 0.0 55.0 78.0 6.0 0.0
1 397.4 2.0 66.2 73.6 6.2 0.0
3 450.0 1.0 69.0 71.2 7.6 0.0
0 373.25 0.0 53.0 76.6 5.0 0.004
3 513.0 0.0 51.2 61.6 0.8 0.0
0 489.5 3.0 43.2 51.0 3.4 0.0
1 785.0 0.0 58.0 72.0 11.0 0.0
2 1091.8 2.0 55.4 68.0 3.6 0.0
0 202.0 0.0 59.4 64.2 8.6 0.0
1 456.055555556 0.0 51.8 84.6 2.0 0.004
2 508.68 2.0 60.0 73.6 3.2 0.0
2 423.407407407 0.0 59.8 57.8 6.2 0.0
1 882.25 2.0 67.2 40.2 2.8 0.002
2 534.538461538 2.0 65.6 74.6 4.4 0.0
3 393.0 3.0 50.0 66.6 8.4 0.0
0 191.0 0.0 58.0 72.0 12.0 0.0
0 5496.5 0.0 65.4 49.4 6.4 0.0
3 408.0 0.0 60.0 68.0 7.0 0.0
2 602.72 0.0 57.0 55.4 3.2 0.0
3 360.0 2.0 58.4 70.0 2.8 0.0
2 1193.0 2.0 61.8 73.6 1.4 0.0
3 501.0 3.0 54.0 54.0 2.0 0.0
2 3056.53333333 2.0 62.8 51.0 3.2 0.0
3 808.714285714 2.0 66.4 71.8 6.0 0.0
2 491.52173913 1.0 71.2 70.2 9.0 0.0
3 682.0 2.0 53.0 69.2 1.0 0.0
3 1212.0 2.0 53.8 54.2 2.2 0.0
2 418.823529412 3.0 60.0 87.0 8.0 0.1
0 314.333333333 2.0 69.0 67.0 9.0 0.0
2 593.0 0.0 59.0 63.0 4.0 0.0
3 764.0 2.0 68.0 72.0 19.0 0.0
3 382.333333333 0.0 59.0 84.0 4.0 0.0
0 723.0 0.0 47.4 70.4 4.6 0.022
2 1838.44444444 2.0 54.6 66.8 1.6 0.0
3 661.0 2.0 62.8 50.8 6.4 0.0
1 686.888888889 1.0 67.0 63.0 9.0 0.0
1 727.5 3.0 44.8 62.4 2.4 0.0
2 630.866666667 0.0 52.4 62.2 7.0 0.002
1 721.454545455 0.0 49.6 73.2 3.0 0.0
0 714.333333333 2.0 61.8 59.2 5.2 0.0
2 5321.5 3.0 53.0 60.0 1.0 0.0
1 318.666666667 2.0 60.2 70.2 6.8 0.042
0 390.0 2.0 68.0 68.0 9.0 0.0
1 555.071428571 2.0 57.0 73.0 4.4 0.0
1 412.5 0.0 57.6 65.4 6.0 0.0
1 470.5 1.0 68.2 68.8 8.0 0.0
3 259.5 1.0 65.0 70.0 5.8 0.0
0 202.0 1.0 66.0 69.0 11.0 0.0
1 582.25 2.0 60.0 77.0 8.0 0.0
2 783.0 3.0 50.0 60.0 2.0 0.0
1 1119.13333333 0.0 59.2 68.6 8.2 0.02
3 353.25 0.0 47.0 70.0 4.2 0.0
1 585.444444444 2.0 61.0 79.0 2.0 0.0
2 605.666666667 0.0 55.0 60.0 2.0 0.0
1 475.153846154 1.0 67.2 67.6 9.0 0.0
0 566.5 2.0 55.0 69.0 1.0 0.0
0 641.0 2.0 60.0 72.0 8.0 0.0
1 523.538461538 0.0 56.0 73.0 12.0 0.0
1 556.5 1.0 64.6 71.4 6.4 0.0
1 623.444444444 0.0 58.0 81.0 15.0 0.22
0 399.0 0.0 59.0 73.0 7.0 0.0
1 448.736842105 0.0 50.4 78.8 2.6 0.0
0 297.0 0.0 56.0 84.0 5.0 0.0
0 272.666666667 2.0 64.8 71.0 7.6 0.0
1 980.2 1.0 68.0 64.0 9.0 0.0
2 494.9375 3.0 44.4 63.8 1.4 0.0
3 174.0 0.0 61.0 69.0 16.0 0.0
3 1013.5 1.0 62.0 73.0 10.0 0.0
0 727.0 0.0 59.0 70.0 12.0 0.0
1 493.0 3.0 59.8 81.2 3.0 0.028
1 445.363636364 2.0 61.8 59.2 5.2 0.0
0 508.0 2.0 57.0 69.0 15.0 0.0
3 525.5 0.0 54.0 84.4 3.6 0.0
2 750.043478261 1.0 70.8 58.2 8.2 0.0
3 551.5 1.0 63.2 70.4 9.6 0.0
1 643.5 3.0 39.2 60.2 4.6 0.0
3 345.0 0.0 57.0 60.0 2.0 0.0
3 923.875 2.0 76.2 52.8 4.2 0.0
3 410.5 1.0 67.8 68.8 6.8 0.0
1 560.526315789 0.0 47.6 69.0 2.0 0.0
2 1144.0 0.0 59.0 75.0 9.0 0.0
3 414.666666667 0.0 55.2 68.0 6.0 0.048
3 1481.0 3.0 51.4 63.4 1.2 0.0
0 297.0 2.0 67.0 69.0 8.0 0.0
1 492.2 2.0 54.0 70.0 3.0 0.0
3 719.307692308 1.0 67.6 66.8 6.2 0.0
2 540.421052632 2.0 58.4 70.0 2.8 0.0
2 2460.85714286 2.0 67.0 71.0 8.0 0.0
1 587.333333333 2.0 63.6 79.6 5.0 0.0
1 411.5 1.0 63.0 73.0 7.0 0.0
2 438.869565217 2.0 68.0 67.0 7.0 0.0
2 818.044444444 0.0 59.8 67.2 8.2 0.0
3 335.0 0.0 60.6 58.2 6.8 0.0
0 472.0 2.0 64.0 61.0 8.0 0.0
1 540.235294118 0.0 54.0 61.0 4.0 0.0
0 452.5 0.0 56.0 53.0 1.0 0.0
3 308.0 2.0 53.4 63.6 3.2 0.0
2 367.0 0.0 56.0 92.0 13.0 0.42
1 564.052631579 2.0 58.4 70.0 2.8 0.0
2 702.444444444 1.0 68.0 64.0 9.0 0.0
3 582.5 2.0 63.4 62.4 4.0 0.0
2 524.15 0.0 57.0 82.0 6.0 0.0
1 508.933333333 0.0 61.0 73.2 6.0 0.04
0 211.0 1.0 65.0 74.0 12.0 0.0
3 501.75 0.0 54.6 71.4 10.2 0.23
3 688.666666667 2.0 60.0 73.6 3.2 0.0
3 1196.0 2.0 54.0 69.2 6.0 0.0
2 551.944444444 0.0 60.0 69.2 13.0 0.0
2 455.166666667 0.0 51.4 77.6 9.6 0.268
3 582.25 1.0 68.4 75.0 6.2 0.0
2 828.6 3.0 57.0 89.0 4.0 0.0
2 568.333333333 0.0 60.2 65.0 8.6 0.0
3 490.25 2.0 68.0 65.0 6.0 0.0
0 173.0 0.0 54.0 61.0 4.0 0.0
0 932.5 0.0 44.6 45.4 3.8 0.0
1 979.571428571 2.0 59.8 80.6 8.6 0.056
3 660.5 0.0 57.0 63.0 12.0 0.0
3 445.083333333 1.0 67.4 68.4 8.6 0.0
3 708.1 2.0 65.8 68.8 5.6 0.0
3 627.666666667 1.0 61.0 74.0 9.0 0.0
2 578.368421053 0.0 56.0 73.0 7.0 0.036
1 517.25 3.0 53.0 60.0 3.0 0.0
3 433.0 0.0 69.4 63.8 5.0 0.0
1 967.555555556 0.0 61.6 69.6 5.8 0.0
0 505.0 0.0 59.0 75.0 8.0 0.0
2 988.25 0.0 52.8 62.6 2.4 0.0
1 518.0 2.0 64.8 78.0 6.2 0.0
3 675.0 0.0 58.2 62.0 6.8 0.0
3 718.666666667 0.0 56.4 45.6 2.4 0.0
3 652.5 0.0 61.6 42.8 10.6 0.0
2 483.541666667 0.0 60.6 58.2 6.8 0.0
0 560.0 0.0 75.0 43.0 6.0 0.0
0 149.0 2.0 66.0 67.0 7.0 0.0
0 156.0 2.0 55.0 93.0 4.0 0.66
2 12264.0 2.0 59.0 80.0 10.0 0.26
1 502.0 0.0 59.0 65.0 13.0 0.74
3 654.4 2.0 60.2 70.2 6.8 0.042
2 529.714285714 0.0 52.0 61.0 2.0 0.0
3 1382.0 2.0 68.4 73.0 8.4 0.0
3 437.0 0.0 59.4 69.8 10.0 0.054
3 1156.0 0.0 54.0 69.0 11.0 0.11
3 1482.375 0.0 65.0 61.0 8.0 0.0
0 186.0 2.0 69.0 66.0 9.0 0.0
1 2319.63636364 2.0 73.0 59.0 8.0 0.0
1 535.333333333 0.0 59.6 70.2 7.8 0.004
0 367.0 1.0 68.0 74.0 14.0 0.0
2 908.633333333 0.0 60.4 70.4 2.0 0.0
1 609.75 3.0 54.0 74.0 7.0 0.0
1 337.166666667 2.0 63.0 75.0 9.0 0.0
0 476.0 2.0 66.0 73.0 8.0 0.0
2 527.916666667 0.0 55.2 73.8 2.0 0.0
1 8554.625 3.0 52.0 86.0 3.0 0.0
2 566.227272727 2.0 61.2 59.0 3.6 0.032
2 490.074074074 3.0 59.0 83.0 2.0 0.0
3 822.6 2.0 66.0 69.0 9.0 0.0
3 378.5 2.0 51.6 69.0 1.4 0.0
0 768.0 2.0 61.0 52.0 0.0 0.0
1 477.1 0.0 60.6 58.2 6.8 0.0
1 684.333333333 3.0 48.0 71.2 2.2 0.0
3 673.0 0.0 58.0 70.0 8.0 0.0
1 2040.83333333 0.0 61.0 71.0 10.0 0.0
2 1327.09090909 0.0 62.8 67.0 6.4 0.0
3 439.5 0.0 56.0 73.0 7.0 0.036
0 162.0 2.0 60.2 70.2 6.8 0.042
1 519.592592593 1.0 68.8 70.2 7.2 0.0
1 504.6 0.0 55.0 72.0 15.0 0.52
3 456.5 0.0 55.0 45.0 5.0 0.0
2 589.0 0.0 62.2 68.4 5.6 0.0
0 139.5 0.0 52.8 70.0 1.8 0.0
0 338.333333333 2.0 64.0 71.0 9.0 0.0
1 513.96 1.0 64.0 53.4 7.2 0.0
0 393.0 0.0 57.0 64.0 4.0 0.0
3 633.0 0.0 58.0 80.0 8.0 0.01
2 460.96 2.0 64.8 78.0 6.2 0.0
3 566.4 2.0 68.8 66.6 6.8 0.0
2 625.772727273 1.0 74.2 60.2 6.0 0.0
3 415.2 2.0 62.0 68.0 9.0 0.0
3 1249.0 2.0 54.6 66.8 1.6 0.0
3 446.2 1.0 71.0 69.0 7.6 0.0
3 331.0 3.0 53.0 80.4 6.0 0.104
0 326.0 2.0 57.0 71.0 4.0 0.0
1 608.526315789 0.0 57.8 47.8 6.8 0.0
0 411.0 0.0 55.0 80.0 14.0 0.0
0 214.0 0.0 59.0 87.0 8.0 0.0
2 799.0 0.0 59.0 72.0 13.0 0.0
1 538.6 2.0 62.6 64.8 4.4 0.0
2 588.153846154 2.0 64.8 71.0 7.6 0.0
1 478.666666667 0.0 59.0 87.0 8.0 0.0
0 788.5 2.0 65.8 66.2 4.6 0.0
2 475.6875 0.0 60.0 45.0 7.8 0.0
1 4186.75 1.0 68.0 70.0 7.8 0.0
1 1687.92307692 2.0 65.0 70.0 11.0 0.0
1 514.0 2.0 56.0 69.0 6.0 0.0
1 549.863636364 0.0 65.0 47.0 8.0 0.0
1 632.5 2.0 55.2 75.8 7.8 0.002
0 345.0 0.0 59.0 50.0 8.0 0.0
3 497.666666667 0.0 54.4 66.8 4.8 0.0
0 168.0 2.0 60.4 64.8 5.6 0.0
3 402.5 0.0 61.0 66.0 4.0 0.0
3 601.0 3.0 50.0 60.0 2.0 0.0
0 404.5 1.0 70.0 68.0 9.0 0.0
2 500.037037037 2.0 55.2 52.2 3.6 0.0
0 436.0 1.0 61.0 70.0 9.0 0.0
0 661.0 0.0 61.0 64.0 8.0 0.0
2 1737.63636364 2.0 64.6 73.0 4.4 0.0
3 575.0 0.0 56.0 73.0 12.0 0.0
2 746.0 0.0 53.0 70.0 7.0 0.0
0 460.333333333 0.0 58.2 62.0 6.8 0.0
0 804.0 0.0 61.0 77.0 5.0 0.0
0 104.0 0.0 57.0 67.0 5.0 0.0
3 616.6 2.0 69.2 70.4 6.8 0.0
1 481.473684211 2.0 70.6 65.6 4.4 0.0
0 186.666666667 2.0 61.0 69.0 4.0 0.0
2 456.086956522 0.0 53.8 57.8 9.0 0.0
2 720.565217391 0.0 58.2 71.2 8.6 0.0
1 1278.25 2.0 70.0 66.8 7.2 0.0
0 177.5 0.0 66.6 64.0 3.6 0.0
2 1411.88888889 0.0 60.8 72.8 5.4 0.0
1 918.0 0.0 65.0 45.0 10.0 0.0
3 407.5 0.0 60.8 67.4 6.6 0.0
3 783.0 2.0 67.4 64.2 5.6 0.0
3 2034.71428571 0.0 58.8 72.6 8.6 0.0
2 547.875 0.0 67.8 42.8 4.8 0.0
3 349.428571429 2.0 71.4 67.6 4.6 0.0
3 359.0 2.0 60.6 63.0 4.2 0.0
1 655.090909091 0.0 59.0 89.0 8.0 0.0
2 455.2 0.0 61.4 72.8 6.2 0.0
0 422.0 0.0 54.0 71.0 4.0 0.0
0 191.0 1.0 64.2 70.6 8.0 0.0
3 553.8 0.0 63.6 70.6 8.0 0.0
3 240.0 0.0 57.2 70.6 8.0 0.0
2 717.916666667 1.0 69.0 70.0 13.0 0.0
1 676.44 1.0 68.6 70.4 7.0 0.0
1 492.409090909 2.0 56.0 84.0 13.0 0.0
2 477.0 2.0 69.2 70.4 5.0 0.0
2 578.142857143 0.0 58.0 65.0 6.0 0.0
2 497.04 0.0 61.6 69.6 5.8 0.0
0 185.0 3.0 61.0 86.0 12.0 1.43
3 591.0 0.0 57.0 83.0 5.0 0.0
3 512.142857143 1.0 67.2 69.0 6.2 0.0
0 536.2 0.0 50.4 78.8 2.6 0.0
0 1450.0 0.0 58.0 71.0 6.0 0.0
0 489.0 2.0 69.0 38.0 9.0 0.0
0 313.0 0.0 49.0 78.0 3.0 0.0
1 537.043478261 2.0 56.0 64.0 11.0 0.0
1 495.5 0.0 62.4 66.2 5.8 0.0
0 649.0 3.0 51.0 69.0 14.0 0.0
2 574.733333333 2.0 57.4 81.8 4.0 0.0
1 856.5 1.0 65.0 66.4 6.6 0.0
3 434.142857143 2.0 67.0 41.0 4.0 0.0
3 597.0 2.0 58.6 73.2 3.4 0.0
3 660.666666667 2.0 56.2 69.6 4.2 0.0
0 498.0 0.0 62.0 57.0 9.0 0.0
2 452.538461538 1.0 69.6 66.0 7.0 0.0
1 652.666666667 3.0 54.6 69.6 2.0 0.0
2 627.894736842 0.0 53.4 52.6 2.2 0.0
2 597.0 0.0 62.8 67.0 3.4 0.0
2 458.833333333 3.0 56.0 76.6 8.6 0.306
2 578.85 0.0 56.6 71.0 8.2 0.01
1 501.785714286 0.0 55.0 64.0 5.0 0.0
2 24599.5 0.0 44.6 45.4 3.8 0.0
3 1253.0 3.0 50.2 54.2 8.2 0.0
3 640.0 0.0 61.6 77.2 18.0 0.696
2 487.64 2.0 67.4 74.0 6.8 0.0
3 511.0 0.0 54.0 75.0 6.0 0.0
0 471.75 1.0 63.0 79.0 13.0 0.0
0 489.0 0.0 61.0 66.0 4.0 0.0
2 855.666666667 1.0 67.0 73.0 9.0 0.0
0 198.0 1.0 68.4 65.0 6.0 0.0
2 551.8 1.0 72.6 70.4 7.2 0.0
3 678.454545455 2.0 60.0 66.0 7.0 0.0
3 478.0 3.0 56.0 76.6 8.6 0.306
2 1132.66666667 0.0 54.2 59.2 7.8 0.0
2 846.25 1.0 68.0 73.0 11.0 0.0
2 385.0 0.0 55.8 81.4 3.4 0.006
1 762.272727273 0.0 56.0 53.0 1.0 0.0
1 468.230769231 0.0 63.0 64.0 11.0 0.0
0 213.0 0.0 55.0 73.0 11.0 0.0
0 389.5 0.0 63.0 64.0 11.0 0.0
3 892.5 0.0 57.0 60.0 4.0 0.0
1 445.0 0.0 63.0 60.0 6.0 0.0
3 1102.11111111 2.0 65.4 70.0 6.8 0.0
0 574.0 1.0 68.0 67.0 10.0 0.0
2 510.055555556 0.0 58.4 58.2 8.2 0.0
2 797.961538462 1.0 67.8 72.0 8.6 0.0
0 391.666666667 0.0 57.0 76.0 3.0 0.0
2 545.730769231 2.0 60.0 61.0 3.0 0.0
1 602.846153846 0.0 58.0 65.8 7.8 0.0
0 561.0 0.0 67.0 52.0 4.0 0.0
0 512.2 2.0 56.0 83.0 4.0 0.0
2 513.961538462 0.0 58.4 71.0 2.2 0.0
3 575.4 2.0 70.6 65.6 4.4 0.0
2 751.28125 0.0 69.4 63.8 5.0 0.0
2 955.095238095 0.0 61.0 69.0 6.0 0.0
2 578.411764706 1.0 66.2 73.2 7.8 0.0
0 186.0 0.0 61.0 64.0 17.0 0.0
0 959.0 0.0 59.2 60.6 9.4 0.0
2 460.8 1.0 67.0 71.0 10.0 0.0
2 624.25 0.0 61.0 69.0 16.0 0.0
2 646.857142857 0.0 54.4 85.4 3.6 0.002
3 437.0 0.0 58.4 71.0 2.2 0.0
3 956.846153846 1.0 77.2 53.0 6.0 0.0
1 530.5625 0.0 56.0 48.0 2.0 0.0
3 1299.0 1.0 62.2 65.6 6.4 0.0
0 1016.0 1.0 61.0 68.0 14.0 0.0
0 320.0 0.0 59.4 66.8 7.6 0.0
3 562.25 2.0 57.8 77.2 3.4 0.0
2 511.842105263 0.0 56.0 80.0 6.0 0.0
2 2670.0 0.0 65.2 58.0 5.2 0.0
3 702.0 0.0 57.4 67.2 5.6 0.0
1 661.0 2.0 64.0 73.0 5.0 0.0
1 542.117647059 1.0 68.6 58.8 7.0 0.0
2 468.458333333 1.0 69.8 71.2 6.6 0.0
0 535.5 0.0 59.0 73.0 9.0 0.0
0 237.0 0.0 53.2 52.8 2.0 0.0
1 862.6 2.0 64.6 79.4 5.4 0.0
1 686.090909091 0.0 57.6 67.8 5.2 0.0
2 567.423076923 0.0 63.2 62.4 6.4 0.0
1 731.833333333 2.0 66.0 72.0 13.0 0.0
0 607.5 0.0 67.2 36.4 7.4 0.0
1 814.842105263 1.0 69.4 72.8 7.6 0.0
0 263.0 1.0 66.4 74.8 8.0 0.0
3 746.545454545 2.0 66.0 64.0 9.6 0.0
2 1119.66666667 0.0 60.0 68.0 7.0 0.0
1 726.714285714 0.0 59.0 89.0 6.0 0.03
0 162.0 0.0 60.4 78.8 7.2 0.0
1 1183.0 2.0 63.8 75.4 8.2 0.0
0 431.0 2.0 65.0 72.0 7.0 0.0
2 843.235294118 0.0 53.6 82.6 3.0 0.0
3 2652.5 0.0 54.0 68.6 5.8 0.0
1 666.444444444 3.0 57.8 82.0 3.2 0.0
0 483.5 2.0 62.0 80.0 15.0 0.0
3 971.583333333 1.0 65.2 65.6 9.8 0.0
2 3295.0 2.0 55.0 78.0 3.0 0.0
2 758.034482759 1.0 66.0 71.0 11.0 0.0
1 483.466666667 1.0 65.6 57.4 6.6 0.0
3 323.666666667 0.0 54.0 63.0 12.0 0.0
1 768.333333333 0.0 75.4 35.6 5.2 0.0
1 169.0 0.0 43.0 66.0 2.0 0.0
3 604.5 1.0 69.4 72.2 6.4 0.0
2 3192.125 3.0 62.0 86.0 6.0 0.11
1 542.384615385 3.0 41.0 60.2 1.2 0.0
3 701.0 0.0 55.0 54.0 2.0 0.0
3 462.6 0.0 59.4 47.4 4.0 0.0
2 510.206896552 2.0 71.6 65.2 6.4 0.0
3 298.4 0.0 60.0 67.0 6.0 0.0
2 569.636363636 1.0 70.4 48.2 6.0 0.0
1 714.0 0.0 62.0 63.0 6.0 0.0
2 6804.57142857 2.0 55.0 71.0 4.0 0.0
3 35348.1666667 0.0 55.2 76.8 8.4 0.22
3 703.5 2.0 71.6 65.2 6.4 0.0
3 198.0 3.0 60.4 82.8 6.4 0.028
1 672.0 1.0 59.0 70.0 8.0 0.0
2 248.0 0.0 43.0 66.0 2.0 0.0
1 835.0 2.0 66.8 70.6 6.2 0.0
2 3047.21052632 3.0 51.0 72.0 12.0 0.0
1 699.272727273 0.0 61.0 56.4 6.0 0.0
3 477.8 3.0 60.0 87.0 5.0 0.01
0 189.5 1.0 73.0 63.0 7.0 0.0
3 294.5 3.0 51.6 56.8 10.4 0.0
1 7080.25 3.0 52.0 50.0 10.0 0.0
3 792.5 3.0 55.8 80.6 9.4 0.114
2 880.85 1.0 72.4 64.6 6.6 0.0
2 3813.57142857 0.0 50.8 80.8 2.8 0.0
1 870.0 3.0 52.0 64.0 1.0 0.0
3 526.75 0.0 60.8 68.2 6.8 0.0
3 661.0 0.0 59.8 67.2 8.2 0.0
3 551.428571429 0.0 67.0 49.6 6.0 0.0
3 682.666666667 0.0 58.0 75.0 9.0 0.0
1 521.933333333 0.0 55.2 68.0 6.0 0.048
3 233.0 1.0 65.0 74.0 8.0 0.0
3 789.571428571 0.0 66.0 61.0 8.0 0.0
3 494.0 0.0 54.0 35.0 7.0 0.0
2 1403.81818182 2.0 67.2 73.2 5.6 0.0
1 459.818181818 0.0 57.0 72.0 14.0 0.01
2 3890.11538462 0.0 60.0 45.0 2.0 0.0
1 514.388888889 0.0 62.2 60.0 5.8 0.0
2 557.315789474 3.0 57.8 82.0 3.2 0.0
0 563.0 1.0 68.0 68.0 13.0 0.0
2 569.545454545 2.0 61.0 80.0 9.0 0.0
0 203.0 2.0 61.0 80.0 9.0 0.0
1 489.055555556 3.0 53.0 52.0 12.0 0.0
2 3904.77272727 1.0 70.6 60.2 6.2 0.0
3 581.0 2.0 56.4 79.2 4.6 0.208
2 1519.0 0.0 60.0 70.0 7.0 0.0
3 864.4 0.0 66.0 66.0 5.0 0.0
1 795.666666667 3.0 60.0 83.4 4.4 0.018
1 461.136363636 1.0 61.4 66.2 8.8 0.0
0 227.0 1.0 63.2 70.4 9.6 0.0
2 574.095238095 0.0 65.4 31.2 10.6 0.0
3 548.444444444 0.0 56.8 47.4 11.6 0.0
3 952.692307692 2.0 71.0 58.0 8.0 0.0
0 165.5 2.0 61.2 59.0 3.6 0.032
2 512.0 2.0 51.6 69.0 1.4 0.0
1 471.65 2.0 60.4 64.8 5.6 0.0
3 656.0 0.0 54.6 52.0 3.4 0.0
1 519.6 0.0 50.0 90.0 7.0 0.64
1 662.333333333 0.0 57.4 53.0 6.2 0.0
1 827.0 0.0 52.0 83.0 6.0 0.0
1 552.083333333 1.0 60.0 73.0 11.0 0.0
3 371.0 0.0 60.2 60.6 9.2 0.0
0 574.0 0.0 61.0 77.0 22.0 0.91
1 670.181818182 0.0 59.4 47.4 4.0 0.0
3 818.857142857 1.0 67.0 69.0 13.0 0.0
3 374.5 0.0 60.0 68.0 8.0 0.0
3 651.0 0.0 58.0 61.0 7.0 0.0
2 2497.95 2.0 70.0 66.8 4.6 0.0
3 840.0 0.0 59.4 60.4 3.6 0.0
2 461.1 3.0 48.8 71.8 3.8 0.0
2 527.230769231 0.0 53.0 58.0 1.0 0.0
1 1722.75 0.0 60.0 45.0 7.8 0.0
1 1067.25 0.0 61.0 71.0 5.0 0.0
2 497.75 1.0 66.2 62.2 7.6 0.0
1 579.727272727 0.0 49.0 72.0 2.0 0.0
2 452.333333333 0.0 61.6 77.2 18.0 0.696
1 486.0 0.0 54.0 63.0 12.0 0.0
3 467.25 2.0 70.0 62.0 7.0 0.0
3 626.545454545 0.0 67.2 36.4 7.4 0.0
3 386.25 0.0 53.4 70.4 7.4 0.0
2 526.25 0.0 56.8 54.4 1.8 0.0
2 920.727272727 2.0 66.0 72.0 13.0 0.0
3 469.5 1.0 61.4 66.2 8.8 0.0
3 467.666666667 0.0 62.0 72.0 11.0 0.0
0 401.75 1.0 68.0 69.0 9.0 0.0
3 677.666666667 2.0 64.8 74.6 9.0 0.106
1 659.956521739 2.0 64.0 73.6 6.2 0.0
1 1124.0 0.0 60.0 70.0 7.0 0.0
2 744.066666667 2.0 60.8 58.6 3.2 0.0
3 1164.4 2.0 55.0 78.0 3.0 0.0
1 437.933333333 2.0 55.2 57.6 3.0 0.0
1 495.739130435 2.0 55.2 52.2 3.6 0.0
2 522.411764706 2.0 56.2 82.2 4.8 0.0
3 1175.0 0.0 60.8 56.6 8.4 0.0
2 503.35 0.0 56.0 65.6 5.8 0.014
0 909.666666667 0.0 60.0 61.0 8.0 0.0
1 855.4 2.0 56.0 67.0 14.0 0.0
1 736.6 0.0 64.0 61.2 11.6 0.0
0 292.25 1.0 68.0 67.0 11.0 0.0
0 508.0 0.0 59.0 70.0 8.0 0.0
3 560.0 0.0 60.8 74.8 3.2 0.0
3 1408.33333333 0.0 57.2 73.6 2.8 0.0
0 681.25 2.0 55.0 80.0 9.0 0.0
3 492.0 1.0 69.0 73.0 6.8 0.0
3 518.0 0.0 49.0 78.0 3.0 0.0
2 529.157894737 2.0 59.0 50.6 1.2 0.0
1 455.75 1.0 65.0 74.0 8.0 0.0
3 1676.75 2.0 64.6 79.4 5.4 0.0
0 4827.5 0.0 51.6 66.2 8.6 0.0
3 1245.0 1.0 70.0 73.2 9.0 0.0
1 834.0 0.0 62.0 63.0 10.0 0.03
3 360.0 0.0 59.0 73.0 6.0 0.0
1 848.961538462 1.0 66.2 62.2 7.6 0.0
3 361.6 2.0 64.0 49.0 5.0 0.0
1 531.470588235 1.0 64.0 73.0 10.0 0.0
2 546.5 0.0 63.6 70.6 8.0 0.0
1 2670.18181818 0.0 52.0 76.0 2.0 0.0
1 351.0 0.0 57.0 79.0 12.0 0.87
0 278.666666667 1.0 68.6 68.4 7.0 0.0
3 518.333333333 2.0 61.8 69.2 3.4 0.0
2 575.0 1.0 68.0 70.0 7.8 0.0
2 685.318181818 0.0 52.4 60.8 2.2 0.0
1 744.4 2.0 66.0 73.0 8.0 0.0
1 467.0 1.0 69.0 66.0 11.0 0.0
2 558.9 2.0 71.0 55.0 5.0 0.0
3 335.0 1.0 69.0 68.6 8.0 0.0
2 553.166666667 2.0 60.0 72.0 5.0 0.0
3 681.857142857 3.0 48.2 69.2 1.0 0.0
3 629.384615385 1.0 67.4 63.8 8.4 0.0
2 519.772727273 0.0 60.4 60.0 12.8 0.0
3 373.25 0.0 54.0 72.0 4.4 0.0
3 430.0 0.0 54.4 85.4 3.6 0.002
1 2593.85714286 3.0 56.0 76.6 8.6 0.306
1 451.3 2.0 62.0 53.0 11.0 0.0
3 531.0 2.0 64.8 78.0 6.2 0.0
3 435.4 0.0 60.0 74.0 9.6 0.0
1 1795.0 2.0 56.0 88.0 4.0 0.32
2 1292.875 0.0 60.0 66.4 7.4 0.0
2 523.590909091 0.0 57.8 78.6 3.6 0.0
1 317.333333333 0.0 53.0 58.0 1.0 0.0
3 592.0 0.0 61.0 65.2 7.0 0.002
2 701.852941176 2.0 63.0 74.0 6.0 0.0
2 477.76 2.0 70.6 65.6 4.4 0.0
3 954.75 1.0 75.2 63.0 6.4 0.0
1 549.523809524 2.0 60.0 66.0 10.0 0.0
0 282.0 0.0 57.4 75.6 7.0 0.014
2 505.95 1.0 67.2 69.8 9.4 0.004
2 502.272727273 0.0 58.4 50.0 4.4 0.0
1 903.5 0.0 58.6 75.4 4.8 0.0
1 505.0 2.0 58.0 64.0 4.0 0.0
1 454.1875 1.0 65.0 70.0 5.8 0.0
3 461.0 0.0 57.8 78.6 3.6 0.0
1 695.222222222 0.0 52.0 68.2 4.6 0.02
0 341.333333333 1.0 61.0 74.0 10.0 0.0
1 449.066666667 0.0 58.6 66.0 5.2 0.0
1 656.368421053 2.0 62.0 61.0 14.0 0.0
3 414.333333333 0.0 58.0 68.0 9.0 0.0
2 558.5 0.0 50.0 75.2 4.8 0.0
2 566.5 0.0 58.8 65.8 6.2 0.006
3 611.5 0.0 61.8 48.6 4.6 0.0
0 149.0 1.0 71.4 69.4 5.8 0.0
2 540.384615385 0.0 53.4 81.8 4.6 0.004
3 627.571428571 0.0 58.0 65.8 7.8 0.0
2 459.555555556 1.0 62.0 71.0 10.0 0.0
1 539.68 1.0 69.0 73.0 6.8 0.0
3 2337.61111111 2.0 64.8 64.6 2.4 0.0
3 952.416666667 0.0 67.8 42.8 4.8 0.0
1 919.5 0.0 58.0 65.0 6.0 0.0
1 610.913043478 0.0 69.4 63.8 5.0 0.0
0 529.0 0.0 59.0 58.0 6.0 0.0
2 541.8 2.0 54.8 53.8 4.8 0.0
2 663.375 3.0 52.8 78.2 5.0 0.0
2 535.857142857 0.0 60.6 85.0 4.2 0.004
1 1663.36 2.0 57.0 73.0 9.0 0.0
1 1245.04166667 1.0 68.0 70.4 8.0 0.0
3 430.333333333 1.0 64.6 71.4 6.4 0.0
2 530.05 0.0 58.2 73.4 1.8 0.0
2 613.666666667 2.0 68.0 46.0 9.0 0.0
3 229.5 3.0 61.0 86.0 12.0 1.43
2 706.222222222 2.0 62.8 50.8 6.4 0.0
0 199.333333333 1.0 68.0 71.0 7.0 0.0
2 401.45 0.0 57.6 55.8 14.2 0.0
0 534.0 2.0 53.0 70.0 2.0 0.0
2 1447.08333333 1.0 65.6 71.4 9.4 0.0
2 2173.0 0.0 68.6 59.6 3.6 0.0
2 658.2 0.0 58.0 63.0 7.0 0.0
2 630.333333333 1.0 62.4 67.4 8.0 0.0
2 547.6 1.0 68.6 70.4 7.0 0.0
2 501.35 0.0 61.0 58.0 11.0 0.0
3 591.5 2.0 61.4 68.4 4.2 0.0
2 2324.88888889 2.0 63.4 76.6 6.2 0.35
0 508.0 2.0 62.0 53.0 11.0 0.0
1 4122.8 0.0 44.6 45.4 3.8 0.0
3 384.0 0.0 52.8 70.0 1.8 0.0
2 2184.0 0.0 67.4 59.0 6.8 0.0
2 3026.33333333 2.0 56.0 69.0 6.0 0.0
2 754.130434783 1.0 67.4 68.4 8.6 0.0
2 451.863636364 0.0 59.4 66.8 7.6 0.0
1 556.7 0.0 52.8 67.2 3.2 0.0
3 461.0 2.0 58.6 78.4 4.2 0.0
1 468.888888889 3.0 40.6 50.8 2.2 0.0
0 614.0 0.0 74.0 43.0 5.0 0.0
0 150.0 2.0 70.2 64.4 4.2 0.0
3 531.1 0.0 55.0 56.0 9.0 0.0
1 549.210526316 0.0 54.6 34.4 9.4 0.0
3 553.0 2.0 74.6 41.8 3.4 0.0
1 332.333333333 3.0 53.0 87.0 3.0 0.48
2 512.615384615 1.0 65.6 57.4 6.6 0.0
0 200.5 2.0 67.8 68.6 4.0 0.0
0 271.5 1.0 69.0 71.0 8.0 0.0
1 474.5 0.0 55.2 76.8 8.4 0.22
0 177.0 2.0 71.6 43.0 3.6 0.0
1 758.846153846 0.0 61.0 80.0 5.0 0.0
3 620.7 2.0 66.0 74.0 21.0 0.0
1 1008.875 2.0 67.0 69.0 8.0 0.0
1 699.0 0.0 61.8 48.6 4.6 0.0
1 4665.0 2.0 54.0 78.0 2.0 0.0
2 509.058823529 3.0 58.0 76.2 2.8 0.004
3 344.0 3.0 50.0 50.0 5.0 0.0
1 712.5 0.0 57.0 83.0 5.0 0.0
2 509.238095238 0.0 56.2 80.4 3.6 0.0
2 1013.25 0.0 61.2 70.0 6.0 0.0
1 519.772727273 0.0 56.0 71.0 9.0 0.0
3 671.4 2.0 60.4 64.8 5.6 0.0
3 206.0 0.0 56.0 61.0 8.0 0.0
1 462.714285714 3.0 44.0 49.0 8.0 0.0
2 624.0 2.0 59.2 62.4 4.2 0.0
0 157.5 0.0 47.6 69.0 2.0 0.0
2 461.214285714 1.0 69.0 73.0 6.8 0.0
0 613.0 0.0 57.0 67.0 6.0 0.0
2 565.538461538 0.0 60.6 79.8 5.0 0.0
1 935.75 2.0 60.6 66.4 6.6 0.0
2 1927.8 0.0 57.4 68.2 7.0 0.0
1 431.125 0.0 55.6 81.2 3.2 0.0
2 1936.875 1.0 65.8 72.0 9.0 0.0
0 1055.66666667 0.0 50.0 75.2 4.8 0.0
2 560.62962963 0.0 51.4 71.6 3.0 0.0
3 393.0 0.0 61.6 64.8 8.2 0.004
2 1026.4375 2.0 62.0 64.0 20.0 0.0
3 552.0 1.0 62.0 56.0 7.0 0.0
3 630.428571429 1.0 70.6 67.2 7.0 0.0
2 559.65 0.0 62.0 66.0 8.0 0.0
2 430.125 2.0 55.0 93.0 4.0 0.66
3 687.0 0.0 65.2 58.0 5.2 0.0
0 371.0 3.0 53.0 87.0 3.0 0.48
1 530.892857143 1.0 69.6 73.6 6.0 0.0
2 661.458333333 2.0 58.0 74.0 2.6 0.0
2 528.0 0.0 55.0 74.0 12.0 0.57
3 386.666666667 1.0 70.0 67.0 11.0 0.0
1 722.666666667 3.0 55.0 43.0 3.0 0.0
3 585.75 2.0 61.8 73.6 1.4 0.0
1 549.95 1.0 72.4 64.6 6.6 0.0
1 509.103448276 0.0 55.2 74.6 3.6 0.002
2 468.8125 0.0 57.8 75.4 10.6 0.762
2 582.074074074 2.0 72.0 47.0 5.0 0.0
1 404.5 0.0 58.0 69.0 9.0 0.0
3 2395.42857143 1.0 72.6 70.4 7.2 0.0
2 406.666666667 3.0 45.0 65.0 9.0 0.29
0 1848.0 2.0 67.2 35.6 2.4 0.0
2 475.55 0.0 58.2 57.0 3.0 0.0
1 520.461538462 1.0 61.2 63.2 9.4 0.0
1 684.0 1.0 65.0 73.0 10.0 0.0
1 472.083333333 0.0 56.0 84.6 5.2 0.0
2 1324.57142857 3.0 50.4 63.0 1.8 0.0
2 606.8 2.0 67.0 72.0 9.0 0.0
3 436.0 1.0 68.8 70.2 7.2 0.0
0 591.5 0.0 58.4 81.4 4.2 0.0
1 543.136363636 1.0 68.0 69.0 9.0 0.0
1 533.705882353 0.0 58.2 62.0 6.8 0.0
0 100.0 0.0 54.4 85.4 3.6 0.002
2 584.947368421 1.0 64.2 69.0 7.8 0.0
1 709.0 0.0 57.0 65.0 6.0 0.0
0 495.0 1.0 69.0 70.0 13.0 0.0
0 176.0 2.0 53.2 73.8 3.0 0.0
3 1080.0 0.0 52.0 61.0 2.0 0.0
1 587.3125 2.0 63.0 30.0 14.0 0.0
1 500.214285714 2.0 58.0 72.0 5.0 0.0
3 781.9 0.0 59.6 71.6 7.0 0.0
2 598.0 2.0 56.6 66.6 2.4 0.0
1 710.0 0.0 48.2 76.0 1.6 0.0
2 1609.5 1.0 65.6 72.4 6.8 0.0
3 455.75 3.0 59.0 86.0 10.0 0.0
2 518.411764706 0.0 66.6 64.0 3.6 0.0
1 521.428571429 3.0 53.0 80.4 6.0 0.104
2 554.583333333 2.0 69.8 54.2 4.2 0.0
2 493.25 2.0 66.0 66.0 10.0 0.0
0 545.0 0.0 63.0 68.0 11.0 0.0
1 1330.75 2.0 54.6 59.4 5.2 0.0
2 231.0 1.0 67.2 69.0 6.2 0.0
1 664.95 0.0 64.8 46.8 8.4 0.0
3 7774.25 3.0 52.6 82.2 3.0 0.172
0 348.5 0.0 59.0 67.0 7.0 0.0
1 336.833333333 3.0 53.2 82.6 12.2 0.564
3 392.5 0.0 60.4 70.4 2.0 0.0
1 482.545454545 2.0 59.0 69.0 9.0 0.0
0 165.0 2.0 62.0 68.0 9.0 0.01
3 487.0 0.0 62.0 64.0 16.0 0.0
1 516.590909091 0.0 57.2 73.6 2.8 0.0
1 488.5 2.0 63.4 62.4 4.0 0.0
1 518.454545455 2.0 55.0 65.0 2.0 0.0
3 823.333333333 0.0 58.8 70.0 6.8 0.0
0 157.0 0.0 56.0 63.0 8.0 0.0
3 1369.0 0.0 56.0 80.0 6.0 0.0
2 571.142857143 0.0 57.4 53.0 6.2 0.0
1 494.571428571 0.0 57.2 74.2 7.8 0.19
1 2074.0 1.0 73.4 60.8 5.4 0.0
2 418.9 0.0 55.6 80.4 5.4 0.082
2 613.666666667 1.0 67.0 71.0 9.0 0.0
2 668.545454545 0.0 65.4 49.4 6.4 0.0
3 605.4 2.0 65.2 72.6 5.0 0.0
2 494.166666667 1.0 68.0 66.8 7.8 0.0
2 1914.5 0.0 52.6 72.0 3.2 0.0
1 632.0 0.0 72.8 36.6 5.0 0.0
1 479.333333333 0.0 57.0 60.0 4.0 0.0
3 477.5 0.0 64.6 67.0 8.2 0.0
3 456.222222222 0.0 61.4 73.0 8.2 0.0
0 575.0 0.0 54.0 75.0 6.0 0.0
2 623.111111111 0.0 49.2 58.0 1.6 0.0
1 526.571428571 2.0 53.0 69.0 5.0 0.0
1 713.166666667 1.0 63.0 71.0 8.0 0.0
2 452.724137931 0.0 52.4 69.2 1.2 0.0
3 302.0 2.0 57.0 71.0 4.0 0.0
0 481.0 0.0 70.0 48.0 5.2 0.0
3 457.8 2.0 69.0 76.0 8.0 0.0
2 2049.28571429 0.0 64.8 46.8 8.4 0.0
2 1394.0 1.0 65.0 74.0 8.0 0.0
3 677.2 2.0 62.8 61.0 6.2 0.0
1 521.176470588 0.0 53.0 71.0 5.0 0.0
0 319.75 2.0 59.8 85.6 5.8 0.194
2 956.428571429 1.0 64.0 75.0 9.0 0.0
3 808.0 0.0 62.8 67.0 6.4 0.0
2 496.0 1.0 73.0 63.0 7.0 0.0
2 1219.0 0.0 57.4 81.4 8.6 0.296
0 189.0 2.0 63.2 68.8 8.8 0.0
1 466.111111111 0.0 61.4 73.0 8.2 0.0
2 614.5625 2.0 63.2 68.8 8.8 0.0
2 513.684210526 0.0 58.0 69.0 19.0 0.08
2 429.8 0.0 56.8 79.6 10.8 0.544
2 2483.46153846 1.0 72.6 66.6 7.4 0.0
0 3033.0 1.0 68.6 66.4 7.4 0.0
1 324.5 0.0 54.0 67.0 11.0 0.0
2 454.12 0.0 58.4 65.8 3.2 0.0
1 480.0 3.0 44.4 59.4 1.4 0.0
2 588.357142857 2.0 53.0 69.2 1.0 0.0
1 397.0 1.0 65.8 72.0 9.0 0.0
2 911.666666667 3.0 57.0 66.0 4.0 0.0
1 1505.22222222 2.0 57.0 64.0 3.0 0.0
2 588.25 2.0 58.6 78.4 4.2 0.0
0 395.0 0.0 52.4 81.0 2.6 0.0
3 322.5 2.0 69.0 36.0 5.0 0.0
2 657.5 0.0 52.4 64.0 2.2 0.0
3 555.75 0.0 62.0 64.0 16.0 0.0
0 192.0 2.0 60.6 68.2 3.8 0.0
0 196.5 2.0 63.4 62.4 4.0 0.0
1 1245.6 0.0 67.4 59.0 6.8 0.0
1 571.428571429 1.0 75.2 63.0 6.4 0.0
3 954.25 1.0 69.2 68.4 6.2 0.0
1 484.333333333 0.0 61.0 70.0 6.0 0.0
1 559.4375 0.0 59.4 64.2 8.6 0.0
0 319.0 2.0 65.4 76.0 6.2 0.32
2 551.380952381 0.0 63.0 60.4 4.2 0.0
2 594.133333333 0.0 75.4 45.6 4.4 0.0
0 184.5 1.0 70.6 65.4 8.0 0.002
3 351.0 1.0 68.0 73.0 11.0 0.0
1 389.642857143 0.0 59.0 81.0 5.0 0.0
1 627.733333333 0.0 63.8 72.2 7.8 0.0
2 1094.57142857 1.0 69.2 68.4 6.2 0.0
2 525.095238095 0.0 63.0 57.2 7.8 0.0
2 915.0 3.0 54.0 72.0 6.0 0.19
2 2724.84 1.0 64.6 71.4 6.4 0.0
1 554.923076923 1.0 69.8 70.8 6.6 0.0
1 726.833333333 0.0 55.0 65.0 2.0 0.0
0 615.0 0.0 58.0 64.0 12.0 0.0
0 183.0 3.0 56.0 74.6 6.2 0.0
2 614.894736842 0.0 52.0 68.2 4.6 0.02
3 423.0 2.0 59.0 50.6 1.2 0.0
3 475.0 2.0 62.0 64.2 3.4 0.0
3 194.0 2.0 60.4 62.6 4.4 0.0
1 528.142857143 0.0 56.0 75.0 8.0 0.0
2 951.0 3.0 52.0 64.0 1.2 0.0
1 521.333333333 0.0 67.0 55.0 6.0 0.0
1 10520.0 0.0 67.8 57.8 6.6 0.0
2 591.7 2.0 66.2 73.6 6.2 0.0
0 309.5 1.0 70.0 70.0 7.0 0.0
3 399.0 0.0 56.0 57.0 4.0 0.0
3 577.0 3.0 52.8 78.2 5.0 0.0
1 504.285714286 2.0 65.0 74.0 7.0 0.0
2 732.321428571 1.0 69.0 68.6 8.0 0.0
0 573.0 1.0 65.6 57.4 6.6 0.0
0 574.0 0.0 57.8 47.8 6.8 0.0
3 1096.66666667 1.0 69.6 56.8 6.8 0.0
0 197.0 0.0 57.0 57.0 13.0 0.0
3 408.0 3.0 60.0 84.0 4.0 0.0
3 609.666666667 3.0 39.2 60.2 4.6 0.0
2 664.166666667 1.0 69.0 66.0 11.0 0.0
2 573.681818182 2.0 55.4 68.6 3.6 0.0
2 448.181818182 3.0 60.8 84.2 10.8 0.93
3 610.0 1.0 65.0 63.2 6.2 0.0
3 444.0 0.0 60.0 66.4 7.4 0.0
0 551.0 3.0 53.0 60.0 3.0 0.0
0 584.0 0.0 53.0 71.0 5.0 0.0
2 690.75 1.0 62.0 73.0 10.0 0.0
1 518.2 0.0 55.4 72.2 8.0 0.132
2 439.791666667 2.0 70.6 73.4 6.6 0.002
2 482.294117647 2.0 69.2 53.0 4.8 0.0
2 862.105263158 2.0 59.8 85.6 5.8 0.194
3 620.5 2.0 63.0 79.6 6.4 0.0
1 1068.5 2.0 65.0 64.0 6.0 0.0
1 1426.44444444 0.0 62.0 62.2 5.6 0.0
1 293.333333333 2.0 52.0 84.0 6.0 0.0
2 600.652173913 0.0 58.0 68.4 9.0 0.0
1 9114.33333333 2.0 70.8 74.0 7.4 0.0
1 596.25 0.0 56.0 77.0 9.0 0.0
0 219.0 0.0 54.0 83.0 3.0 0.0
2 507.791666667 0.0 52.8 70.0 1.8 0.0
1 476.411764706 0.0 61.0 66.0 5.0 0.0
1 456.727272727 0.0 61.4 72.8 6.2 0.0
0 213.0 1.0 69.6 73.6 6.0 0.0
3 402.0 1.0 67.6 71.8 6.0 0.0
3 718.090909091 1.0 67.2 69.8 9.4 0.004
1 1305.3 2.0 65.0 66.0 19.0 0.0
0 239.0 0.0 63.0 66.2 7.2 0.0
1 864.666666667 0.0 60.8 56.6 8.4 0.0
2 887.75 3.0 44.8 62.4 2.4 0.0
3 376.5 2.0 55.4 68.6 3.6 0.0
1 774.166666667 0.0 55.0 57.0 1.0 0.0
1 448.7 0.0 53.0 76.0 13.0 0.57
1 483.351351351 1.0 68.0 63.0 11.0 0.0
1 457.428571429 2.0 71.6 43.0 3.6 0.0
3 650.0 0.0 59.0 69.0 12.0 0.0
3 250.0 0.0 64.0 61.2 11.6 0.0
2 580.863636364 0.0 57.0 72.0 11.0 0.0
0 271.0 1.0 64.0 76.0 9.0 0.0
1 470.733333333 0.0 57.4 67.2 5.6 0.0
0 200.0 0.0 58.0 72.0 5.0 0.02
1 772.545454545 0.0 74.0 43.0 5.0 0.0
1 521.444444444 1.0 62.0 71.0 10.0 0.0
3 327.0 0.0 55.0 63.0 6.0 0.0
3 595.0 0.0 56.0 65.6 5.8 0.014
1 545.235294118 2.0 56.0 83.0 4.0 0.0
1 516.586206897 1.0 69.6 66.0 7.0 0.0
1 974.428571429 2.0 68.0 72.0 19.0 0.0
1 435.533333333 0.0 52.0 61.0 2.0 0.0
1 482.384615385 0.0 61.0 65.2 7.0 0.002
1 822.333333333 1.0 69.0 70.0 13.0 0.0
2 499.366666667 0.0 55.4 74.8 4.8 0.0
3 438.5 2.0 64.2 43.4 3.2 0.0
1 1336.57142857 0.0 66.0 61.0 8.0 0.0
2 811.208333333 0.0 50.4 78.8 2.6 0.0
1 3074.6 0.0 57.4 60.6 4.4 0.0
1 569.933333333 1.0 64.8 74.6 8.4 0.0
3 968.894736842 0.0 75.4 45.6 4.4 0.0
2 434.75 0.0 53.0 86.0 8.0 0.096
2 2409.54545455 2.0 63.0 80.0 7.0 0.0
3 546.888888889 2.0 56.0 64.8 3.4 0.0
0 341.0 0.0 60.0 45.0 2.0 0.0
1 484.583333333 0.0 58.0 68.4 9.0 0.0
1 923.818181818 2.0 68.0 64.0 9.0 0.0
1 545.454545455 0.0 62.4 71.8 6.0 0.056
0 333.0 0.0 67.0 70.0 6.0 0.0
2 479.5 2.0 67.8 68.6 4.0 0.0
2 525.47826087 1.0 65.2 65.6 9.8 0.0
2 2185.17647059 0.0 59.2 60.6 9.4 0.0
1 504.5 2.0 69.0 76.0 8.0 0.0
3 687.5 2.0 69.8 67.6 6.6 0.0
2 563.055555556 0.0 62.2 64.0 11.6 0.0
1 468.222222222 0.0 58.0 45.0 2.0 0.0
1 608.909090909 2.0 57.6 65.8 9.6 0.0
1 569.5 0.0 57.4 68.2 7.0 0.0
3 571.0 0.0 54.6 60.6 3.4 0.0
0 217.0 0.0 60.4 60.0 12.8 0.0
1 946.074074074 0.0 58.8 70.0 6.8 0.0
1 585.333333333 2.0 58.0 50.0 5.0 0.0
2 539.580645161 2.0 71.4 65.6 5.8 0.0
3 384.0 0.0 51.0 65.0 3.0 0.0
2 570.818181818 0.0 61.0 73.2 6.0 0.04
3 327.5 2.0 65.4 46.8 3.6 0.0
3 329.5 0.0 61.0 56.4 6.0 0.0
1 579.5 0.0 58.0 83.0 15.0 0.99
1 523.944444444 0.0 59.0 60.0 11.0 0.0
1 689.333333333 2.0 63.4 76.6 6.2 0.35
3 662.307692308 0.0 60.2 70.0 6.6 0.0
3 972.0 2.0 54.6 59.4 5.2 0.0
3 438.5 0.0 51.0 73.0 6.0 0.0
2 771.166666667 0.0 60.0 78.0 9.0 0.02
3 478.333333333 0.0 51.8 84.6 2.0 0.004
1 1486.0 2.0 56.0 69.6 4.0 0.0
1 1632.75 0.0 58.0 61.0 7.0 0.0
2 627.615384615 2.0 56.8 88.4 5.4 0.348
1 670.75 2.0 68.0 68.0 9.0 0.0
2 723.692307692 0.0 57.0 74.4 5.6 0.0
0 197.0 2.0 56.8 88.4 5.4 0.348
0 199.0 0.0 54.0 35.0 7.0 0.0
0 190.0 1.0 69.4 72.2 6.4 0.0
2 7972.96666667 0.0 66.0 61.0 8.0 0.0
2 444.307692308 3.0 40.6 50.8 2.2 0.0
2 627.172413793 0.0 54.6 34.4 9.4 0.0
1 513.333333333 0.0 60.8 74.8 3.2 0.0
0 253.0 1.0 68.0 71.0 10.0 0.0
2 3424.42105263 1.0 67.0 63.0 9.0 0.0
1 538.5 2.0 54.8 63.2 2.4 0.0
2 486.090909091 3.0 61.6 80.6 4.6 0.006
1 734.928571429 2.0 63.0 72.0 22.0 0.0
0 301.5 0.0 60.0 68.0 7.0 0.0
2 1683.66666667 2.0 53.8 54.2 2.2 0.0
1 519.9 0.0 50.0 67.0 7.0 0.0
1 924.375 3.0 49.0 76.0 3.0 0.0
2 1073.4375 2.0 68.6 68.8 5.8 0.0
1 474.333333333 0.0 61.6 64.8 8.2 0.004
1 718.75 3.0 45.0 63.0 13.0 0.06
0 508.0 0.0 51.0 92.0 6.0 0.0
1 483.555555556 0.0 55.0 50.0 3.0 0.0
3 577.0 3.0 51.0 72.0 12.0 0.0
0 1142.0 2.0 65.0 73.0 11.0 0.0
1 650.666666667 2.0 58.8 46.6 3.0 0.0
1 389.111111111 0.0 47.4 70.4 4.6 0.022
1 496.2 0.0 51.0 63.0 6.0 0.0
0 497.0 0.0 47.8 69.0 1.0 0.0
1 959.5 1.0 65.0 72.0 9.0 0.0
1 1928.53333333 2.0 62.0 47.0 13.0 0.0
1 479.388888889 1.0 71.0 69.0 7.6 0.0
3 669.0 2.0 62.6 74.2 6.0 0.006
2 914.333333333 0.0 58.4 68.8 5.0 0.0
2 1362.41666667 2.0 65.0 76.0 13.0 0.23
0 316.666666667 2.0 69.0 76.0 8.0 0.0
2 3428.0 0.0 60.4 55.0 10.6 0.0
2 833.52 1.0 62.6 66.8 8.0 0.0
0 752.666666667 2.0 67.0 58.0 10.0 0.0
1 466.388888889 1.0 66.8 72.4 7.2 0.0
2 556.0 2.0 65.4 46.8 3.6 0.0
3 623.333333333 1.0 70.8 58.2 8.2 0.0
2 496.62962963 0.0 55.2 74.6 3.6 0.002
1 432.0 0.0 67.0 49.6 6.0 0.0
2 491.1875 0.0 60.8 74.8 3.2 0.0
1 528.285714286 0.0 59.6 71.6 7.0 0.0
2 733.6 2.0 71.8 53.2 3.8 0.0
2 559.941176471 3.0 51.4 60.0 1.0 0.0
2 561.64 0.0 61.4 73.0 8.2 0.0
0 253.5 0.0 53.8 57.8 9.0 0.0
2 857.75862069 0.0 59.0 52.0 6.0 0.0
2 503.391304348 0.0 59.8 69.0 6.0 0.214
0 401.0 0.0 56.0 63.0 7.0 0.0
1 432.166666667 2.0 68.0 56.0 7.0 0.0
1 498.176470588 0.0 55.8 76.6 2.2 0.0
2 522.888888889 2.0 52.2 73.6 3.2 0.0
0 143.0 1.0 62.0 56.0 7.0 0.0
2 494.388888889 1.0 67.6 72.0 7.6 0.0
1 542.608695652 1.0 74.2 60.2 6.0 0.0
2 2394.0 2.0 69.0 76.8 6.4 0.0
0 190.5 0.0 59.8 69.0 6.0 0.214
3 613.0 0.0 51.0 60.8 1.8 0.0
1 757.166666667 2.0 60.8 76.4 3.0 0.0
2 982.6 3.0 54.0 64.0 1.0 0.0
0 165.0 2.0 67.4 74.0 6.8 0.0
0 565.0 2.0 57.0 82.0 6.0 0.0
1 2015.25 0.0 63.0 69.0 6.0 0.0
0 277.0 0.0 53.6 46.8 4.2 0.0
0 153.0 2.0 58.4 70.0 2.8 0.0
0 522.0 2.0 67.0 65.0 15.0 0.0
