3 568.75 2.0 55.4 68.6 3.6 0.0
2 781.72 0.0 60.0 68.0 7.0 0.0
2 517.2 3.0 56.0 76.6 8.6 0.306
3 609.75 2.0 68.4 73.0 8.4 0.0
0 438.0 0.0 63.0 70.0 6.0 0.0
1 8524.5 2.0 72.4 50.0 3.8 0.0
3 482.0 0.0 58.2 71.2 8.6 0.0
2 588.0 3.0 48.8 71.8 3.8 0.0
2 18524.75 0.0 55.4 89.2 2.6 0.0
3 466.923076923 0.0 58.0 78.2 4.4 0.0
1 470.857142857 2.0 65.0 64.6 9.6 0.0
2 433.8 0.0 56.0 65.6 5.8 0.014
2 837.428571429 3.0 57.0 89.0 4.0 0.0
3 551.142857143 0.0 53.2 52.8 2.0 0.0
0 1635.0 1.0 63.0 78.0 9.0 0.0
2 374.0 0.0 52.8 65.8 4.4 0.0
1 959.0 1.0 63.6 62.8 9.0 0.0
3 778.833333333 2.0 63.4 76.6 6.2 0.35
1 2086.53846154 2.0 69.8 67.6 6.6 0.0
3 520.571428571 3.0 52.8 78.2 5.0 0.0
1 1703.33333333 2.0 69.2 72.8 5.2 0.0
2 472.529411765 2.0 65.4 70.0 6.8 0.0
3 385.0 1.0 65.0 66.4 6.6 0.0
2 3793.25 2.0 68.8 64.2 7.2 0.342
2 403.846153846 0.0 64.6 67.0 8.2 0.0
2 510.357142857 0.0 52.8 70.0 1.8 0.0
1 640.0 3.0 39.2 60.2 4.6 0.0
1 565.526315789 2.0 65.8 66.2 4.6 0.0
2 2702.625 2.0 68.6 56.8 5.0 0.0
3 540.0 0.0 63.2 62.4 6.4 0.0
2 482.210526316 1.0 67.6 71.8 6.0 0.0
1 775.777777778 0.0 59.4 77.0 4.6 0.0
0 4457.5 0.0 59.6 71.2 8.4 0.0
1 473.0 2.0 56.0 85.8 3.4 0.184
2 520.75 0.0 53.6 46.8 4.2 0.0
3 574.0 2.0 57.8 61.4 2.4 0.0
2 987.105263158 0.0 53.4 52.6 2.2 0.0
2 513.166666667 1.0 66.2 71.4 8.4 0.0
3 930.0 2.0 68.8 64.2 7.2 0.342
1 420.0 0.0 65.4 49.4 6.4 0.0
3 500.9 1.0 68.6 70.2 8.2 0.0
2 853.636363636 2.0 67.2 73.2 5.6 0.0
0 382.0 0.0 49.0 78.0 3.0 0.0
3 499.4 1.0 72.6 70.4 7.2 0.0
1 699.294117647 2.0 69.0 32.0 6.6 0.0
1 252.0 0.0 42.8 69.4 2.0 0.0
3 557.5 2.0 68.8 66.6 6.8 0.0
1 539.25 0.0 62.4 71.8 6.0 0.056
1 496.714285714 0.0 55.2 73.8 2.0 0.0
2 743.210526316 2.0 60.6 58.2 2.0 0.0
2 479.75 0.0 56.6 71.0 8.2 0.01
3 468.666666667 3.0 42.0 53.0 10.0 0.0
1 6132.5 1.0 65.6 71.4 9.4 0.0
1 481.071428571 1.0 69.8 71.2 6.6 0.0
3 456.375 0.0 57.2 73.6 2.8 0.0
0 270.0 0.0 57.8 47.8 6.8 0.0
3 537.6 0.0 63.0 57.2 7.8 0.0
1 7956.6 1.0 68.6 66.4 7.4 0.0
2 784.142857143 0.0 63.0 70.0 6.0 0.0
1 468.2 3.0 57.8 82.0 3.2 0.0
0 328.5 0.0 58.0 69.0 19.0 0.08
2 1509.21428571 2.0 52.2 67.0 2.0 0.0
2 2182.0 0.0 57.8 67.0 3.6 0.0
2 540.909090909 0.0 62.2 68.4 5.6 0.0
3 599.0 1.0 70.6 67.2 7.0 0.0
2 419.916666667 0.0 60.6 85.0 4.2 0.004
2 545.538461538 1.0 68.0 71.2 8.4 0.0
3 442.75 0.0 57.4 53.0 6.2 0.0
1 401.0 0.0 55.0 73.0 11.0 0.0
2 1322.41666667 0.0 61.0 65.2 7.0 0.002
3 756.5 0.0 59.0 75.0 9.0 0.0
0 340.0 0.0 58.2 65.2 4.4 0.0
2 381.0 2.0 55.2 69.8 1.6 0.0
2 331.666666667 0.0 60.8 56.6 8.4 0.0
1 510.333333333 2.0 58.4 70.0 2.8 0.0
1 470.888888889 0.0 56.0 53.4 8.0 0.0
2 782.777777778 1.0 67.8 72.0 8.6 0.0
0 457.0 1.0 70.8 58.2 8.2 0.0
2 441.9 0.0 57.6 55.8 14.2 0.0
3 461.0 1.0 67.0 69.0 13.0 0.0
1 532.5 1.0 61.2 63.2 9.4 0.0
0 369.0 0.0 51.2 68.6 5.8 0.0
1 679.636363636 0.0 59.2 77.0 6.4 0.008
3 922.5 0.0 58.2 62.0 6.8 0.0
2 1860.10526316 2.0 58.6 81.0 6.6 0.226
2 534.0 0.0 59.2 60.6 9.4 0.0
3 709.0 0.0 60.2 60.0 5.4 0.0
1 492.2 0.0 57.2 59.0 3.4 0.0
1 5651.2 0.0 58.4 68.8 5.0 0.0
3 582.25 2.0 62.0 60.2 11.8 0.0
2 511.2 1.0 68.8 70.2 7.2 0.0
1 2471.22222222 1.0 69.0 73.0 6.8 0.0
3 545.0 2.0 51.6 69.0 1.4 0.0
1 711.666666667 0.0 59.6 71.2 8.4 0.0
3 642.0 2.0 67.2 73.2 5.6 0.0
1 194.0 3.0 55.8 80.6 9.4 0.114
0 652.0 0.0 60.6 79.8 5.0 0.0
2 564.615384615 2.0 67.0 43.6 4.4 0.0
2 603.941176471 2.0 65.4 76.0 6.2 0.32
2 606.5 0.0 69.4 45.4 3.8 0.0
3 573.384615385 0.0 61.0 73.2 6.0 0.04
3 511.0 3.0 50.4 66.2 1.4 0.0
2 410.428571429 2.0 59.6 78.8 3.6 0.004
1 427.125 1.0 66.8 72.4 7.2 0.0
1 169.0 0.0 56.0 92.0 13.0 0.42
3 512.5 3.0 53.2 63.8 1.6 0.0
0 410.0 0.0 51.0 60.8 1.8 0.0
0 590.0 0.0 74.8 35.2 4.2 0.0
3 448.142857143 2.0 64.0 73.6 6.2 0.0
1 3285.28571429 1.0 70.4 73.2 7.4 0.0
0 448.0 0.0 55.0 70.0 5.0 0.0
3 3849.28571429 3.0 48.0 71.2 2.2 0.0
3 534.0 1.0 68.0 66.0 8.0 0.0
3 548.888888889 1.0 69.6 66.0 7.0 0.0
3 601.0 3.0 43.2 51.0 3.4 0.0
3 640.428571429 0.0 55.2 74.6 3.6 0.002
2 576.4 2.0 69.8 54.2 4.2 0.0
0 510.5 0.0 59.2 77.0 6.4 0.008
2 508.857142857 2.0 68.4 73.0 8.4 0.0
0 541.0 0.0 55.0 57.0 1.0 0.0
3 1546.0 0.0 57.6 65.4 6.0 0.0
3 490.666666667 2.0 57.6 65.8 9.6 0.0
3 686.333333333 0.0 48.8 60.2 4.6 0.0
3 666.666666667 0.0 50.0 84.0 4.0 0.0
3 532.285714286 0.0 52.0 74.2 2.6 0.0
2 3986.11111111 1.0 68.0 70.0 7.8 0.0
3 348.0 2.0 54.0 78.0 2.0 0.0
2 2172.33333333 2.0 72.2 63.6 5.0 0.0
1 417.923076923 2.0 55.4 68.6 3.6 0.0
2 1119.5 0.0 52.8 62.6 2.4 0.0
1 581.875 1.0 71.0 69.0 7.6 0.0
0 1843.0 3.0 62.8 79.4 5.0 0.094
3 446.5 0.0 59.4 64.2 8.6 0.0
3 575.5 0.0 64.6 67.0 8.2 0.0
2 458.117647059 0.0 60.2 60.0 5.4 0.0
2 3137.94444444 2.0 62.0 60.2 11.8 0.0
3 1684.44444444 0.0 57.0 67.0 6.0 0.0
1 785.0 0.0 72.8 36.6 5.0 0.0
3 731.2 1.0 64.2 69.0 7.8 0.0
1 518.555555556 0.0 53.8 76.8 3.4 0.0
0 1013.0 0.0 53.4 85.8 3.0 0.0
3 504.375 0.0 61.4 70.4 3.8 0.0
3 5204.66666667 3.0 56.0 80.0 11.0 0.65
1 597.666666667 0.0 41.8 64.6 2.0 0.0
2 473.363636364 3.0 47.4 65.4 1.0 0.0
2 738.333333333 1.0 68.6 70.4 7.0 0.0
0 669.0 0.0 48.8 70.8 5.8 0.0
3 400.0 3.0 51.4 60.0 1.0 0.0
1 14239.5 2.0 70.0 66.8 4.6 0.0
1 691.2 0.0 58.6 75.4 4.8 0.0
3 542.666666667 2.0 67.8 68.6 4.0 0.0
3 540.625 3.0 60.8 84.2 10.8 0.93
3 780.0 3.0 55.8 80.6 9.4 0.114
1 493.461538462 2.0 62.0 51.0 3.0 0.0
1 543.176470588 2.0 70.6 65.6 4.4 0.0
2 3278.91666667 1.0 68.0 70.8 7.4 0.0
1 4574.45454545 2.0 68.4 73.0 8.4 0.0
2 1217.6875 0.0 52.4 69.2 1.2 0.0
2 1074.05882353 2.0 76.2 52.8 4.2 0.0
3 1130.57142857 0.0 53.6 82.6 3.0 0.0
2 490.777777778 0.0 57.0 64.0 4.0 0.0
1 545.461538462 0.0 55.6 80.4 5.4 0.082
3 770.0 0.0 55.4 68.6 7.4 0.008
2 582.941176471 0.0 59.6 70.2 7.8 0.004
1 522.0 2.0 65.8 68.8 5.6 0.0
2 409.75 3.0 48.2 69.2 1.0 0.0
2 395.375 0.0 56.0 65.0 6.0 0.0
0 5236.0 3.0 60.6 76.8 3.6 0.002
3 481.6 3.0 44.4 63.8 1.4 0.0
1 546.571428571 1.0 62.0 68.4 8.0 0.0
1 923.2 0.0 63.0 66.2 7.2 0.0
1 317.5 3.0 48.2 69.2 1.0 0.0
3 3005.16666667 2.0 72.0 57.2 3.6 0.0
1 417.375 0.0 54.4 66.8 4.8 0.0
3 498.0 0.0 57.0 60.6 3.8 0.0
1 9178.75 2.0 55.2 75.8 7.8 0.002
1 6933.13333333 0.0 60.0 68.0 7.0 0.0
2 604.166666667 1.0 73.4 60.8 5.4 0.0
3 501.5 3.0 48.2 69.2 1.0 0.0
3 344.0 0.0 60.8 67.4 6.6 0.0
1 511.2 3.0 51.4 61.8 1.2 0.0
2 4019.18181818 1.0 71.0 68.0 6.2 0.0
0 527.0 3.0 60.0 84.0 4.0 0.0
1 517.3 0.0 57.0 59.8 6.2 0.0
1 1785.9375 2.0 63.0 79.6 6.4 0.0
2 786.764705882 0.0 49.0 72.0 2.0 0.0
1 685.272727273 0.0 55.0 57.0 1.0 0.0
3 652.3 2.0 62.8 50.8 6.4 0.0
3 528.8 1.0 69.2 67.4 8.4 0.0
3 781.0 2.0 56.0 69.6 4.0 0.0
2 410.571428571 0.0 54.6 71.4 10.2 0.23
2 490.19047619 2.0 64.8 71.0 7.6 0.0
2 1179.09090909 2.0 62.8 64.0 3.0 0.0
3 463.0 1.0 69.0 71.2 7.6 0.0
1 516.8 0.0 53.4 85.8 3.0 0.0
1 863.4 1.0 63.2 65.0 7.2 0.0
1 673.666666667 0.0 61.4 69.6 5.2 0.0
0 743.5 0.0 58.4 65.8 3.2 0.0
3 418.2 0.0 62.4 66.2 5.8 0.0
3 552.888888889 2.0 57.4 72.2 3.0 0.0
2 569.619047619 1.0 64.6 71.4 6.4 0.0
2 434.1875 0.0 57.0 74.4 5.6 0.0
2 409.2 3.0 41.0 60.2 1.2 0.0
3 795.0 3.0 62.8 79.4 5.0 0.094
2 433.0 0.0 52.8 71.0 4.4 0.0
2 980.523809524 1.0 72.4 64.6 6.6 0.0
1 657.0 2.0 66.4 71.8 6.0 0.0
0 529.0 1.0 68.4 65.0 6.0 0.0
1 3516.0 2.0 71.4 67.6 4.6 0.0
2 478.45 2.0 72.2 70.0 7.6 0.0
3 511.666666667 0.0 60.0 64.8 7.4 0.0
2 4708.625 2.0 54.6 59.4 5.2 0.0
3 455.833333333 0.0 60.4 60.0 12.8 0.0
0 484.0 1.0 74.2 60.2 6.0 0.0
3 347.333333333 0.0 67.8 42.8 4.8 0.0
0 423.0 0.0 51.2 61.6 0.8 0.0
3 567.142857143 0.0 55.8 62.0 6.6 0.002
2 475.75 0.0 60.0 66.4 7.4 0.0
1 946.0 0.0 60.2 72.8 2.4 0.0
0 438.5 0.0 59.0 69.0 11.0 0.0
3 331.0 0.0 56.0 77.0 9.0 0.0
2 540.476190476 0.0 52.0 76.0 2.0 0.0
2 406.4 1.0 68.6 58.8 7.0 0.0
1 1426.2 0.0 57.4 68.2 7.0 0.0
3 295.333333333 0.0 58.0 70.0 10.0 0.0
0 419.0 2.0 60.8 76.4 3.0 0.0
1 501.928571429 2.0 55.0 66.0 1.0 0.0
2 404.166666667 1.0 64.8 65.8 7.2 0.0
2 365.444444444 0.0 57.4 57.6 8.6 0.0
1 587.384615385 2.0 60.2 78.4 3.2 0.004
2 1931.36363636 3.0 48.0 43.6 2.4 0.0
1 355.4 2.0 62.8 51.0 3.2 0.0
0 312.0 0.0 57.4 60.6 4.4 0.0
2 2684.18181818 1.0 65.8 72.0 9.0 0.0
2 669.583333333 0.0 63.0 69.0 6.0 0.0
1 2775.58333333 2.0 53.8 54.2 2.2 0.0
0 404.5 2.0 68.6 68.8 5.8 0.0
2 572.0 0.0 55.0 60.0 2.0 0.0
2 521.470588235 0.0 52.0 86.0 2.0 0.0
1 439.384615385 2.0 71.6 43.0 3.6 0.0
3 489.0 0.0 56.6 73.2 3.4 0.0
1 407.153846154 0.0 55.8 62.0 6.6 0.002
1 1768.66666667 2.0 57.0 75.2 5.8 0.01
1 474.142857143 2.0 55.6 64.6 6.4 0.002
3 338.5 0.0 62.4 62.8 4.4 0.0
2 559.133333333 1.0 70.4 48.2 6.0 0.0
0 1603.5 1.0 63.2 65.0 7.2 0.0
3 459.0 0.0 59.4 66.8 7.6 0.0
1 492.666666667 1.0 69.6 66.0 7.0 0.0
2 424.666666667 0.0 55.2 76.8 8.4 0.22
3 547.0 0.0 58.4 71.0 2.2 0.0
1 744.0 0.0 59.8 69.0 9.0 0.0
1 21356.0 2.0 65.0 75.0 7.0 0.1
1 676.384615385 2.0 71.4 65.6 5.8 0.0
3 460.5 3.0 56.0 74.6 6.2 0.0
3 572.666666667 0.0 61.8 48.6 4.6 0.0
1 625.0 3.0 40.6 50.8 2.2 0.0
3 401.0 1.0 66.6 73.2 7.4 0.0
3 575.5 2.0 60.0 73.6 3.2 0.0
1 852.5 1.0 69.0 72.2 6.8 0.0
1 483.0 2.0 63.4 76.6 6.2 0.35
0 541.5 0.0 66.4 59.8 4.0 0.0
2 429.75 2.0 57.0 76.0 4.4 0.0
2 428.785714286 0.0 59.0 57.0 8.0 0.0
1 543.714285714 0.0 74.8 35.2 4.2 0.0
2 743.142857143 2.0 66.8 70.6 6.2 0.0
1 337.75 2.0 54.6 66.8 1.6 0.0
2 4121.0 1.0 68.6 66.4 7.4 0.0
2 1893.81818182 0.0 62.8 67.0 6.4 0.0
1 1355.66666667 3.0 41.0 60.2 1.2 0.0
1 1275.55555556 1.0 70.4 48.2 6.0 0.0
2 1522.25 0.0 66.0 66.0 5.0 0.0
1 330.0 0.0 50.8 48.6 1.8 0.0
3 466.75 0.0 59.0 69.0 9.0 0.0
2 955.347826087 2.0 64.0 63.0 4.0 0.0
2 551.9 0.0 52.6 72.0 5.2 0.032
2 863.95 2.0 58.0 74.0 2.6 0.0
2 1468.21428571 0.0 56.6 46.2 3.6 0.0
2 1572.35714286 0.0 60.4 55.0 10.6 0.0
0 472.333333333 0.0 53.8 76.8 3.4 0.0
0 6196.5 0.0 56.8 54.4 1.8 0.0
0 1223.0 3.0 40.2 49.2 4.2 0.0
0 643.0 0.0 65.4 31.2 10.6 0.0
1 447.055555556 2.0 60.0 73.6 3.2 0.0
1 426.6 1.0 70.2 73.6 8.4 0.0
3 510.0 1.0 67.0 62.0 8.0 0.0
3 746.333333333 3.0 48.8 71.8 3.8 0.0
2 408.2 0.0 56.8 47.4 11.6 0.0
1 3127.375 2.0 66.8 70.6 6.2 0.0
2 760.0 1.0 65.6 71.4 9.4 0.0
3 569.625 0.0 61.4 73.0 8.2 0.0
3 2631.72727273 2.0 58.8 46.6 3.0 0.0
2 831.208333333 0.0 58.2 73.4 1.8 0.0
3 569.75 2.0 65.8 55.4 5.0 0.0
3 584.25 0.0 62.0 62.4 11.0 0.0
2 7210.18181818 0.0 57.4 68.2 7.0 0.0
1 500.75 0.0 60.0 67.0 10.0 0.02
3 534.5 0.0 57.0 59.8 6.2 0.0
0 616.5 0.0 61.6 42.8 10.6 0.0
2 528.117647059 1.0 70.0 70.0 7.0 0.0
2 954.166666667 1.0 70.6 65.4 8.0 0.002
3 760.333333333 1.0 62.6 66.8 8.0 0.0
2 10556.65 1.0 70.4 73.2 7.4 0.0
2 516.238095238 0.0 57.8 47.8 6.8 0.0
2 535.176470588 0.0 61.8 48.6 4.6 0.0
2 800.666666667 2.0 56.6 69.0 5.2 0.0
0 2997.0 1.0 64.8 74.6 8.4 0.0
0 354.0 3.0 40.6 50.8 2.2 0.0
3 561.857142857 3.0 44.0 49.0 8.0 0.0
3 1152.75 1.0 67.8 72.0 8.6 0.0
1 548.75 2.0 64.2 43.4 3.2 0.0
0 4102.0 0.0 53.0 83.0 2.6 0.0
2 685.909090909 0.0 59.4 60.4 3.6 0.0
0 551.0 0.0 63.0 63.6 7.6 0.0
0 5274.0 0.0 65.4 49.4 6.4 0.0
3 813.0 0.0 63.0 68.0 4.8 0.0
1 2394.88888889 0.0 50.4 78.8 2.6 0.0
3 559.333333333 0.0 65.0 45.0 10.0 0.0
1 532.071428571 2.0 68.2 75.2 5.8 0.0
2 699.315789474 0.0 60.2 76.8 6.4 0.0
2 483.238095238 1.0 69.4 72.2 6.4 0.0
3 645.0 0.0 59.0 75.0 4.0 0.0
0 665.0 1.0 69.8 71.2 6.6 0.0
3 541.75 3.0 49.6 70.2 3.2 0.0
1 6284.0 0.0 61.2 70.0 6.0 0.0
3 3358.0 0.0 54.0 84.4 3.6 0.0
2 677.888888889 2.0 56.2 69.6 4.2 0.0
1 2595.14285714 0.0 73.0 42.8 5.2 0.0
0 358.0 2.0 65.8 66.2 4.6 0.0
2 595.0 3.0 45.0 63.0 13.0 0.06
1 478.923076923 2.0 70.6 73.4 6.6 0.002
3 421.0 0.0 49.2 58.0 1.6 0.0
2 2010.10526316 0.0 60.8 74.8 3.2 0.0
1 522.666666667 0.0 58.8 75.6 6.4 0.004
0 356.5 0.0 67.0 70.0 6.0 0.0
3 529.428571429 3.0 40.6 50.8 2.2 0.0
1 547.25 2.0 56.0 64.8 3.4 0.0
3 553.666666667 0.0 54.6 80.0 2.4 0.0
3 417.666666667 0.0 57.0 68.0 7.0 0.0
2 1048.0 0.0 59.0 66.8 7.6 0.0
2 577.111111111 1.0 64.0 76.0 11.0 0.0
0 648.0 1.0 62.6 66.8 8.0 0.0
1 1142.25 3.0 48.8 71.8 3.8 0.0
2 1225.45454545 2.0 63.0 61.0 13.0 0.0
0 334.5 0.0 59.6 71.6 7.0 0.0
0 445.0 0.0 56.4 45.6 2.4 0.0
2 3263.33333333 2.0 63.4 76.6 6.2 0.35
1 465.875 3.0 50.0 66.6 8.4 0.0
2 506.318181818 2.0 69.2 53.0 4.8 0.0
0 581.0 0.0 62.0 62.4 11.0 0.0
3 505.125 2.0 60.6 68.2 3.8 0.0
2 2132.05555556 2.0 69.0 32.0 6.6 0.0
2 386.5 0.0 58.0 68.4 9.0 0.0
1 5184.8 0.0 61.4 65.8 4.2 0.0
1 482.666666667 0.0 55.0 72.0 15.0 0.52
1 6086.66666667 0.0 52.6 72.0 3.2 0.0
3 386.0 0.0 59.4 69.8 10.0 0.054
2 396.933333333 0.0 56.0 63.0 7.0 0.0
2 1554.2962963 0.0 58.8 65.8 6.2 0.006
1 628.0 0.0 60.6 85.0 4.2 0.004
1 567.727272727 0.0 62.4 55.4 5.8 0.0
2 447.111111111 0.0 60.6 79.8 5.0 0.0
3 405.0 0.0 65.4 31.2 10.6 0.0
2 425.666666667 0.0 57.0 57.0 13.0 0.0
1 420.875 0.0 62.2 68.4 5.6 0.0
3 547.166666667 0.0 52.8 71.0 4.4 0.0
3 526.333333333 0.0 56.8 54.4 1.8 0.0
3 437.0 2.0 60.8 76.4 3.0 0.0
0 267.0 0.0 59.8 67.2 8.2 0.0
1 664.75 0.0 58.8 61.6 12.2 0.016
3 1464.5 3.0 50.4 63.0 1.8 0.0
3 705.0 2.0 58.0 50.0 5.0 0.0
1 914.2 0.0 52.4 62.2 7.0 0.002
2 478.727272727 0.0 55.2 73.8 2.0 0.0
1 409.777777778 0.0 61.4 70.4 3.8 0.0
1 9441.0 0.0 51.6 66.2 8.6 0.0
2 725.428571429 0.0 58.8 75.6 6.4 0.004
1 1563.9 2.0 56.2 61.6 3.8 0.002
2 599.142857143 0.0 50.0 75.2 4.8 0.0
1 534.25 0.0 61.4 73.0 8.2 0.0
1 488.2 0.0 62.4 62.8 4.4 0.0
0 1400.0 0.0 60.2 72.8 2.4 0.0
3 445.4 1.0 65.0 70.0 5.8 0.0
3 456.0 0.0 52.6 66.8 2.6 0.0
0 469.0 0.0 73.0 42.8 5.2 0.0
3 892.0 0.0 66.4 59.8 4.0 0.0
2 444.333333333 0.0 59.8 69.0 6.0 0.214
3 844.333333333 1.0 64.0 76.0 10.0 0.0
3 611.333333333 0.0 62.8 65.8 9.0 0.0
1 580.666666667 1.0 63.2 70.4 9.6 0.0
2 2402.0 1.0 65.0 63.2 6.2 0.0
1 610.25 0.0 46.4 51.4 13.6 0.0
2 606.857142857 1.0 66.8 68.8 7.4 0.0
0 816.0 0.0 64.2 44.2 9.0 0.0
2 694.421052632 1.0 69.8 67.8 7.6 0.0
2 536.6875 3.0 58.0 76.2 2.8 0.004
0 384.0 0.0 60.0 64.8 7.4 0.0
1 451.75 2.0 65.4 70.0 6.8 0.0
1 8217.16666667 2.0 68.8 64.2 7.2 0.342
3 526.0 0.0 55.2 68.0 6.0 0.048
0 915.0 0.0 54.0 72.0 4.4 0.0
2 912.5 1.0 70.8 58.2 8.2 0.0
1 949.333333333 0.0 57.2 74.2 7.8 0.19
1 682.625 2.0 65.4 76.0 6.2 0.32
3 594.6875 1.0 67.6 66.8 6.2 0.0
1 347.0 1.0 67.4 63.8 8.4 0.0
1 389.285714286 0.0 50.0 60.8 1.2 0.0
3 675.0 3.0 54.6 69.6 2.0 0.0
2 953.714285714 0.0 50.8 80.8 2.8 0.0
3 504.0 0.0 59.0 66.0 7.0 0.0
2 374.473684211 2.0 61.2 59.0 3.6 0.032
3 300.5 3.0 50.0 66.6 8.4 0.0
0 305.0 1.0 69.4 72.2 6.4 0.0
2 642.5 0.0 51.4 77.6 9.6 0.268
1 578.0 0.0 61.6 77.2 18.0 0.696
1 713.428571429 1.0 77.2 53.0 6.0 0.0
0 604.0 0.0 69.4 45.4 3.8 0.0
0 504.0 0.0 60.8 67.4 6.6 0.0
3 594.666666667 2.0 66.2 73.6 6.2 0.0
2 555.636363636 3.0 47.8 64.8 1.0 0.0
1 629.666666667 0.0 52.8 70.2 6.6 0.008
3 532.5 1.0 67.4 63.8 8.4 0.0
3 660.2 2.0 69.0 66.0 9.0 0.0
2 470.0625 0.0 51.4 71.6 3.0 0.0
0 470.333333333 0.0 67.0 49.6 6.0 0.0
2 449.272727273 0.0 62.2 64.0 11.6 0.0
2 727.363636364 3.0 49.6 70.2 3.2 0.0
0 512.0 0.0 59.6 63.6 2.0 0.0
1 1873.21052632 2.0 62.0 48.0 2.0 0.0
3 4191.5 0.0 54.2 59.2 7.8 0.0
1 785.555555556 0.0 67.8 42.8 4.8 0.0
2 399.333333333 3.0 50.0 66.6 8.4 0.0
2 476.277777778 2.0 69.0 67.0 9.0 0.0
2 505.388888889 0.0 66.6 64.0 3.6 0.0
1 852.333333333 1.0 72.8 64.2 7.4 0.0
1 4008.16666667 1.0 67.6 71.0 8.0 0.0
2 2799.3 1.0 68.0 69.8 7.2 0.0
2 470.214285714 3.0 59.6 79.4 7.4 0.002
1 483.222222222 0.0 58.4 71.0 2.2 0.0
3 475.857142857 0.0 57.0 54.0 3.0 0.0
1 1947.18181818 2.0 66.0 64.0 9.6 0.0
3 630.125 0.0 56.6 71.0 8.2 0.01
3 857.6 2.0 57.0 75.2 5.8 0.01
1 11242.4444444 0.0 62.2 64.0 11.6 0.0
0 226.0 2.0 64.0 73.6 6.2 0.0
2 544.285714286 0.0 67.0 49.6 6.0 0.0
3 383.0 2.0 55.2 75.8 7.8 0.002
1 8315.4 0.0 64.2 44.2 9.0 0.0
1 469.833333333 0.0 69.4 45.4 3.8 0.0
3 287.0 3.0 47.4 65.4 1.0 0.0
1 390.555555556 0.0 54.0 35.0 7.0 0.0
1 400.307692308 0.0 63.2 62.4 6.4 0.0
2 536.571428571 0.0 57.0 55.4 3.2 0.0
2 676.461538462 2.0 56.0 80.2 3.0 0.002
1 4346.75 0.0 53.4 70.4 7.4 0.0
3 304.0 0.0 42.8 69.4 2.0 0.0
0 339.0 2.0 55.2 76.6 2.6 0.0
0 399.0 1.0 75.2 63.0 6.4 0.0
3 424.666666667 0.0 52.8 70.2 6.6 0.008
2 757.142857143 0.0 62.8 67.0 3.4 0.0
1 568.875 2.0 57.0 73.0 4.4 0.0
2 520.434782609 2.0 58.8 46.6 3.0 0.0
2 529.2 2.0 61.8 73.6 1.4 0.0
0 714.0 0.0 57.6 67.8 5.2 0.0
2 850.72 0.0 59.4 64.2 8.6 0.0
1 2878.21428571 1.0 67.8 72.0 8.6 0.0
1 2556.5 2.0 55.2 69.8 1.6 0.0
1 5753.36363636 3.0 56.0 80.0 11.0 0.65
2 634.5 0.0 52.2 52.8 1.8 0.0
3 591.666666667 2.0 65.6 75.0 8.0 0.0
2 426.909090909 3.0 48.0 60.0 3.0 0.0
1 359.4 0.0 51.8 84.6 2.0 0.004
3 406.25 3.0 48.0 43.6 2.4 0.0
1 524.2 1.0 64.8 74.6 8.4 0.0
3 459.0 2.0 65.2 72.6 5.0 0.0
0 588.0 0.0 67.8 42.8 4.8 0.0
2 1738.14285714 1.0 70.0 73.2 9.0 0.0
2 748.782608696 2.0 69.0 76.0 8.0 0.0
3 522.25 1.0 71.4 69.4 5.8 0.0
3 441.75 1.0 74.2 60.2 6.0 0.0
1 439.833333333 1.0 69.4 72.2 6.4 0.0
1 534.777777778 2.0 67.2 67.8 5.6 0.0
2 507.461538462 3.0 44.4 63.8 1.4 0.0
3 537.3 0.0 58.4 50.0 4.4 0.0
2 520.4 1.0 65.6 72.4 6.8 0.0
2 514.333333333 0.0 65.0 71.0 9.0 0.0
2 751.285714286 3.0 55.0 78.2 7.2 0.024
0 426.0 3.0 48.0 43.6 2.4 0.0
3 444.0 0.0 53.4 52.6 2.2 0.0
1 424.0 1.0 66.4 65.0 9.0 0.0
3 724.25 1.0 68.4 65.0 6.0 0.0
2 8403.375 3.0 62.8 79.4 5.0 0.094
1 490.0 1.0 65.2 65.6 9.8 0.0
1 648.833333333 1.0 67.8 68.8 6.8 0.0
2 470.0 3.0 53.0 80.4 6.0 0.104
1 508.111111111 0.0 55.6 81.2 3.2 0.0
3 776.0 1.0 67.8 73.0 7.2 0.0
2 494.05 0.0 53.4 81.8 4.6 0.004
2 3892.18181818 0.0 59.8 65.2 3.4 0.0
2 624.5 1.0 63.2 65.0 7.2 0.0
2 755.444444444 2.0 63.0 75.0 9.0 0.0
1 432.666666667 0.0 62.8 67.0 3.4 0.0
2 468.0 1.0 62.2 65.6 6.4 0.0
2 724.391304348 0.0 70.0 47.0 6.0 0.0
2 1434.33333333 2.0 67.2 40.2 2.8 0.002
1 5505.91666667 2.0 62.8 64.0 3.0 0.0
1 612.125 2.0 65.0 73.0 11.0 0.0
1 680.583333333 2.0 51.6 69.0 1.4 0.0
1 479.5 3.0 53.2 82.6 12.2 0.564
1 7431.75 0.0 65.2 58.0 5.2 0.0
3 498.5 2.0 57.0 76.0 4.4 0.0
1 1002.0 2.0 67.4 74.0 6.8 0.0
3 603.833333333 2.0 67.4 74.0 6.8 0.0
1 700.0 3.0 58.0 90.0 9.0 1.18
2 477.769230769 0.0 62.4 55.4 5.8 0.0
3 539.666666667 0.0 55.6 61.4 3.8 0.0
2 512.1 0.0 61.0 73.2 6.0 0.04
0 109.0 3.0 52.0 64.0 1.2 0.0
3 437.875 0.0 58.4 58.2 8.2 0.0
1 689.916666667 2.0 67.0 43.6 4.4 0.0
0 521.5 0.0 47.4 70.4 4.6 0.022
2 441.0 0.0 57.2 73.6 2.8 0.0
3 420.0 2.0 70.2 64.4 4.2 0.0
2 518.238095238 2.0 55.4 68.6 3.6 0.0
3 411.333333333 0.0 58.2 57.0 3.0 0.0
1 4359.0 1.0 67.6 72.0 7.6 0.0
1 1564.5 0.0 58.8 70.0 6.8 0.0
0 535.0 0.0 75.4 45.6 4.4 0.0
3 599.0 0.0 61.8 67.6 10.8 0.0
2 492.947368421 3.0 57.8 82.0 3.2 0.0
2 974.666666667 0.0 47.8 69.0 1.0 0.0
3 402.125 0.0 66.6 64.0 3.6 0.0
1 727.666666667 0.0 57.4 57.6 8.6 0.0
3 475.0 0.0 55.4 74.8 4.8 0.0
1 432.0 0.0 57.8 73.4 11.2 0.178
3 311.5 0.0 53.8 57.0 3.0 0.0
0 349.0 1.0 65.0 63.2 6.2 0.0
3 497.0 0.0 52.4 62.2 7.0 0.002
1 840.5 0.0 49.0 75.8 8.0 0.22
0 574.0 0.0 60.2 76.8 6.4 0.0
2 477.0 0.0 48.2 76.0 1.6 0.0
1 400.5 1.0 64.0 75.0 9.0 0.0
2 471.625 0.0 56.8 54.4 1.8 0.0
1 517.9 2.0 58.0 73.0 1.0 0.0
3 625.5 0.0 50.8 48.6 1.8 0.0
3 461.625 3.0 59.0 83.0 2.0 0.0
2 397.285714286 0.0 54.6 34.4 9.4 0.0
2 564.125 0.0 46.0 68.0 3.0 0.0
3 517.666666667 0.0 51.8 84.6 2.0 0.004
1 485.777777778 0.0 56.0 79.0 2.0 0.0
1 682.75 0.0 59.4 66.8 7.6 0.0
0 421.666666667 0.0 59.8 57.8 6.2 0.0
1 494.625 2.0 72.2 70.0 7.6 0.0
3 406.0 0.0 53.4 81.8 4.6 0.004
2 549.4 2.0 57.4 72.2 3.0 0.0
3 416.0 2.0 63.0 70.0 10.0 0.0
3 424.0 2.0 53.0 72.2 2.0 0.0
1 378.333333333 0.0 55.2 74.6 3.6 0.002
1 456.166666667 3.0 48.0 67.0 1.0 0.0
2 1331.75 0.0 53.0 76.6 5.0 0.004
0 435.0 2.0 51.6 69.0 1.4 0.0
2 456.375 0.0 56.0 71.0 9.0 0.0
0 536.5 0.0 56.0 73.0 7.0 0.036
0 332.0 2.0 56.2 61.6 3.8 0.002
3 637.0 2.0 66.4 71.8 6.0 0.0
3 555.0 2.0 70.0 66.8 4.6 0.0
2 447.0 0.0 62.0 63.4 4.6 0.0
3 845.166666667 2.0 68.6 71.2 7.2 0.0
1 811.333333333 2.0 74.6 41.8 3.4 0.0
1 710.25 2.0 57.8 77.2 3.4 0.0
2 762.0 0.0 62.4 85.8 6.6 0.086
3 405.0 1.0 61.0 78.0 11.0 0.0
3 455.571428571 2.0 70.6 65.6 4.4 0.0
3 1204.77777778 2.0 63.0 72.0 8.0 0.0
1 395.5 1.0 66.6 73.2 7.4 0.0
1 422.5 3.0 57.0 76.6 12.4 1.982
3 508.0 2.0 69.0 32.0 6.6 0.0
2 2643.83333333 2.0 63.2 68.8 8.8 0.0
1 521.5 0.0 62.8 65.8 9.0 0.0
2 535.181818182 1.0 64.2 69.0 7.8 0.0
1 1678.58333333 0.0 67.0 49.6 6.0 0.0
3 380.0 1.0 73.4 60.8 5.4 0.0
1 464.916666667 2.0 53.4 63.6 3.2 0.0
3 554.666666667 0.0 57.8 68.0 9.0 0.0
3 1235.28571429 2.0 61.8 73.6 1.4 0.0
1 453.727272727 0.0 58.0 78.2 4.4 0.0
2 577.818181818 2.0 55.2 75.8 7.8 0.002
0 703.0 1.0 64.2 69.0 7.8 0.0
2 524.4 0.0 56.2 80.4 3.6 0.0
2 1015.34615385 1.0 69.8 70.8 6.6 0.0
2 2060.8 0.0 75.4 45.6 4.4 0.0
1 459.666666667 0.0 51.4 77.6 9.6 0.268
1 485.857142857 0.0 57.4 53.0 6.2 0.0
1 524.818181818 0.0 46.0 68.0 2.0 0.0
3 526.181818182 2.0 59.6 78.8 3.6 0.004
2 502.0 0.0 56.8 79.6 10.8 0.544
3 628.333333333 0.0 59.2 62.2 6.2 0.0
2 489.0 0.0 61.0 66.0 5.0 0.0
0 392.0 3.0 43.2 51.0 3.4 0.0
3 619.666666667 0.0 55.6 81.2 3.2 0.0
2 1526.5 0.0 61.4 65.8 4.2 0.0
3 350.0 2.0 55.4 68.0 3.6 0.0
3 657.5 1.0 65.6 57.4 6.6 0.0
1 3488.375 2.0 60.8 76.4 3.0 0.0
2 1719.90909091 0.0 59.0 76.6 7.0 0.0
3 646.0 2.0 65.0 64.6 9.6 0.0
3 540.75 0.0 60.6 58.2 6.8 0.0
1 681.1 0.0 61.4 72.8 6.2 0.0
3 500.0 2.0 68.4 65.0 4.8 0.0
3 438.125 2.0 58.2 70.0 4.0 0.0
0 554.0 2.0 56.4 79.2 4.6 0.208
2 767.714285714 3.0 58.0 83.0 2.2 0.004
1 892.625 0.0 56.4 67.4 4.2 0.0
3 695.8 1.0 70.0 70.0 7.0 0.0
1 385.875 1.0 75.2 63.0 6.4 0.0
1 4907.0 0.0 59.0 76.6 7.0 0.0
1 710.545454545 0.0 60.2 76.8 6.4 0.0
1 2088.375 1.0 68.0 70.8 7.4 0.0
1 650.454545455 2.0 68.8 66.6 6.8 0.0
3 498.25 1.0 64.0 53.4 7.2 0.0
3 442.857142857 2.0 63.2 68.8 8.8 0.0
3 443.666666667 0.0 72.8 36.6 5.0 0.0
0 473.0 0.0 63.2 62.4 6.4 0.0
1 377.0 1.0 68.8 70.2 7.2 0.0
2 590.941176471 2.0 60.6 68.2 3.8 0.0
2 1876.07692308 0.0 67.8 57.8 6.6 0.0
1 489.071428571 1.0 71.2 70.2 9.0 0.0
0 394.5 0.0 66.4 57.6 5.6 0.0
1 759.909090909 2.0 67.6 72.2 7.0 0.0
2 559.458333333 3.0 59.8 81.2 3.0 0.028
1 637.0 1.0 68.6 70.4 7.0 0.0
2 457.214285714 1.0 68.0 66.0 7.4 0.0
2 435.6 0.0 59.2 77.0 6.4 0.008
1 912.0 1.0 68.0 69.8 7.2 0.0
1 478.384615385 1.0 69.2 67.4 8.4 0.0
2 637.5 0.0 64.0 61.2 11.6 0.0
1 369.0 0.0 59.2 60.6 9.4 0.0
3 708.666666667 1.0 63.6 62.8 9.0 0.0
3 4094.75 2.0 67.2 35.6 2.4 0.0
1 466.666666667 0.0 54.4 85.4 3.6 0.002
2 775.125 0.0 54.0 83.0 3.0 0.0
0 428.0 0.0 62.2 64.0 11.6 0.0
3 525.5 0.0 53.0 86.0 8.0 0.096
1 370.0 3.0 56.0 81.0 6.0 0.0
1 554.1 2.0 57.0 78.0 1.0 0.0
1 3069.625 0.0 61.4 55.0 10.0 0.0
3 542.75 2.0 60.2 78.4 3.2 0.004
3 576.25 3.0 59.0 86.0 10.0 0.0
1 9825.0 3.0 44.8 62.4 2.4 0.0
3 485.0 0.0 61.4 69.6 5.2 0.0
1 2469.85714286 0.0 57.0 60.6 3.8 0.0
1 402.5 2.0 61.4 68.4 4.2 0.0
0 434.0 2.0 58.6 78.4 4.2 0.0
1 375.0 3.0 47.8 64.8 1.0 0.0
3 588.0 0.0 53.0 76.6 5.0 0.004
2 546.333333333 2.0 71.6 43.0 3.6 0.0
3 370.6 2.0 69.2 53.0 4.8 0.0
0 443.0 2.0 58.6 73.2 3.4 0.0
1 600.0 1.0 69.0 71.2 7.6 0.0
3 605.5 0.0 57.4 75.6 7.0 0.014
2 573.238095238 2.0 61.4 68.4 4.2 0.0
2 1174.9 2.0 57.6 66.8 2.0 0.0
2 3025.95238095 2.0 62.8 51.0 3.2 0.0
0 217.0 0.0 61.0 71.0 10.0 0.0
1 655.125 0.0 61.6 64.8 8.2 0.004
0 705.5 0.0 58.6 57.6 3.4 0.0
3 442.0 0.0 67.8 60.8 6.6 0.0
1 452.444444444 0.0 56.6 71.0 8.2 0.01
2 755.0 0.0 51.2 68.6 5.8 0.0
0 3044.5 1.0 68.0 70.8 7.4 0.0
0 273.0 1.0 69.8 67.8 7.6 0.0
2 755.421052632 0.0 59.8 57.8 6.2 0.0
1 346.625 0.0 58.2 73.4 1.8 0.0
1 442.117647059 0.0 58.4 50.0 4.4 0.0
2 636.571428571 0.0 59.6 63.6 2.0 0.0
1 556.875 3.0 50.0 65.0 1.0 0.0
3 570.25 1.0 69.0 72.2 6.8 0.0
2 765.529411765 0.0 61.0 56.4 6.0 0.0
1 510.9375 2.0 67.8 68.6 4.0 0.0
2 518.928571429 1.0 75.2 63.0 6.4 0.0
2 562.111111111 2.0 63.6 79.6 5.0 0.0
2 1364.83333333 1.0 67.2 69.0 6.2 0.0
3 482.0 0.0 58.0 65.8 7.8 0.0
3 641.0 2.0 55.2 52.2 3.6 0.0
0 385.0 3.0 52.8 78.2 5.0 0.0
2 484.75 3.0 55.8 80.6 9.4 0.114
1 453.5 0.0 52.8 67.2 3.2 0.0
1 1801.4 0.0 51.2 78.0 9.0 0.302
2 467.307692308 0.0 54.4 66.8 4.8 0.0
1 409.888888889 3.0 60.6 76.8 3.6 0.002
3 458.727272727 2.0 65.8 66.2 4.6 0.0
2 456.454545455 1.0 62.0 68.4 8.0 0.0
3 307.0 1.0 70.0 65.0 7.0 0.0
3 514.0 2.0 54.6 66.8 1.6 0.0
3 1032.5 0.0 66.0 61.0 8.0 0.0
3 601.285714286 1.0 61.2 63.2 9.4 0.0
2 456.333333333 2.0 72.4 50.0 3.8 0.0
1 488.555555556 0.0 56.0 65.6 5.8 0.014
1 512.5 0.0 53.2 52.8 2.0 0.0
2 568.8 0.0 41.0 64.0 4.0 0.0
2 770.5 0.0 58.6 71.0 8.6 0.0
1 1885.0 2.0 56.6 66.6 2.4 0.0
2 501.739130435 2.0 60.0 61.0 3.0 0.0
1 662.818181818 1.0 68.6 58.8 7.0 0.0
2 1211.36842105 2.0 58.6 73.2 3.4 0.0
3 485.333333333 0.0 59.4 77.0 4.6 0.0
2 457.909090909 0.0 51.2 61.6 0.8 0.0
1 2382.0 0.0 57.4 75.6 7.0 0.014
0 197.0 2.0 57.6 66.8 2.0 0.0
1 6829.66666667 2.0 70.0 66.8 7.2 0.0
1 3887.27272727 0.0 60.8 56.6 8.4 0.0
3 468.75 0.0 61.0 65.2 7.0 0.002
3 906.75 0.0 44.6 45.4 3.8 0.0
3 2754.33333333 0.0 56.0 66.6 5.4 0.022
3 437.5 0.0 59.0 84.0 4.0 0.0
3 415.166666667 2.0 57.4 81.8 4.0 0.0
3 598.0 0.0 58.0 68.4 9.0 0.0
3 803.333333333 0.0 60.4 78.8 7.2 0.0
3 475.75 0.0 53.2 55.0 1.8 0.0
1 1675.0 0.0 58.0 67.0 3.0 0.0
2 687.785714286 2.0 57.4 81.8 4.0 0.0
2 493.619047619 2.0 69.6 68.4 7.0 0.0
2 688.769230769 0.0 62.0 63.0 6.0 0.0
2 596.058823529 0.0 55.4 72.2 8.0 0.132
2 1628.08333333 2.0 62.0 46.6 8.4 0.0
3 461.0 0.0 57.6 55.8 14.2 0.0
3 581.666666667 1.0 68.6 66.4 7.4 0.0
0 6255.0 2.0 61.4 61.0 3.6 0.0
0 330.666666667 2.0 52.2 73.6 3.2 0.0
2 391.285714286 2.0 61.8 59.2 5.2 0.0
1 694.769230769 1.0 67.4 68.4 8.6 0.0
3 446.0 2.0 59.8 85.6 5.8 0.194
0 7210.75 1.0 67.2 69.0 6.2 0.0
2 2880.25 1.0 65.2 65.6 9.8 0.0
1 1926.71428571 0.0 62.8 67.0 6.4 0.0
1 559.375 0.0 57.0 74.4 5.6 0.0
2 671.529411765 2.0 68.6 71.2 7.2 0.0
2 487.6 3.0 52.0 64.0 1.2 0.0
2 2150.77777778 2.0 69.2 70.4 5.0 0.0
1 630.857142857 0.0 57.6 67.8 5.2 0.0
1 2372.58333333 1.0 64.4 66.2 7.8 0.0
1 841.6 3.0 49.6 70.2 3.2 0.0
1 737.142857143 2.0 72.0 57.2 3.6 0.0
2 1757.42857143 1.0 72.8 64.2 7.4 0.0
1 470.909090909 3.0 52.8 78.2 5.0 0.0
3 495.25 0.0 56.6 46.2 3.6 0.0
1 493.545454545 2.0 71.6 65.2 6.4 0.0
0 490.5 0.0 58.4 63.4 8.4 0.0
2 1106.43478261 0.0 56.2 47.0 1.8 0.0
3 460.0 1.0 68.0 70.4 8.0 0.0
3 2753.25 2.0 67.2 40.2 2.8 0.002
3 525.444444444 3.0 60.6 76.8 3.6 0.002
2 732.7 0.0 58.4 68.8 5.0 0.0
1 2850.8 0.0 55.8 76.6 2.2 0.0
3 2035.25 0.0 57.8 73.4 11.2 0.178
3 405.333333333 0.0 60.0 66.4 7.4 0.0
0 434.0 3.0 50.6 61.4 7.4 0.0
1 1547.0 0.0 46.4 37.2 6.2 0.0
1 546.4 2.0 61.0 84.6 6.6 0.088
0 388.0 2.0 64.8 78.0 6.2 0.0
3 512.888888889 0.0 54.6 60.6 3.4 0.0
3 747.0 0.0 57.8 75.4 10.6 0.762
2 420.333333333 0.0 59.6 66.8 6.2 0.0
3 564.0 0.0 58.0 61.0 7.0 0.0
1 5992.5 2.0 60.6 66.4 6.6 0.0
2 895.0 1.0 61.2 63.2 9.4 0.0
1 508.615384615 0.0 49.0 78.0 3.0 0.0
0 1802.5 0.0 60.4 70.4 2.0 0.0
2 341.5 3.0 57.0 76.6 12.4 1.982
1 2883.71428571 0.0 60.2 60.6 9.2 0.0
0 6929.0 2.0 62.0 46.6 8.4 0.0
0 520.5 0.0 64.8 46.8 8.4 0.0
1 581.4 0.0 56.8 47.4 11.6 0.0
0 260.0 2.0 74.0 41.4 3.6 0.0
2 1014.85714286 0.0 53.4 70.4 7.4 0.0
2 958.125 2.0 65.8 68.8 5.6 0.0
1 4781.66666667 0.0 66.0 61.0 8.0 0.0
3 553.0 2.0 65.2 72.2 3.2 0.002
2 682.454545455 2.0 56.0 69.6 4.0 0.0
2 617.035714286 1.0 67.6 66.8 6.2 0.0
2 1265.62857143 2.0 68.8 66.6 6.8 0.0
3 450.333333333 0.0 54.4 85.4 3.6 0.002
1 6495.83333333 2.0 61.8 73.6 1.4 0.0
3 483.6 2.0 54.6 59.4 5.2 0.0
3 506.0 0.0 59.8 69.0 6.0 0.214
2 1178.0 2.0 65.4 46.8 3.6 0.0
3 1593.33333333 3.0 47.8 64.8 1.0 0.0
3 468.666666667 0.0 47.4 70.4 4.6 0.022
3 682.25 1.0 65.8 72.0 9.0 0.0
1 435.875 1.0 69.4 72.8 7.6 0.0
2 7146.44444444 0.0 62.8 65.8 9.0 0.0
2 1064.21428571 0.0 58.4 81.6 3.2 0.0
1 974.75 0.0 50.2 91.2 2.2 0.0
1 1982.06666667 2.0 57.6 65.8 9.6 0.0
2 382.583333333 0.0 54.2 54.4 3.0 0.0
1 376.2 0.0 55.4 72.6 2.8 0.0
2 1406.88888889 0.0 67.2 36.4 7.4 0.0
2 1026.58333333 2.0 57.8 77.2 3.4 0.0
2 221.0 0.0 60.6 83.2 11.4 0.456
3 560.333333333 0.0 64.8 46.8 8.4 0.0
2 529.071428571 0.0 58.0 65.8 7.8 0.0
2 503.764705882 1.0 67.4 68.4 8.6 0.0
0 445.0 0.0 54.6 52.0 3.4 0.0
3 447.857142857 2.0 65.4 73.2 5.2 0.0
2 4158.35714286 0.0 55.4 72.6 2.8 0.0
3 444.25 3.0 51.4 61.8 1.2 0.0
0 334.0 2.0 56.0 83.0 4.0 0.0
0 449.0 1.0 67.2 67.6 9.0 0.0
3 482.0 0.0 56.4 67.4 4.2 0.0
1 8962.72727273 2.0 57.6 71.6 5.6 0.0
2 2279.16666667 2.0 67.2 67.8 5.6 0.0
2 939.3125 2.0 63.8 75.4 8.2 0.0
3 518.0 0.0 75.4 45.6 4.4 0.0
2 433.3 1.0 66.8 72.4 7.2 0.0
2 1320.06666667 0.0 65.4 31.2 10.6 0.0
2 1198.29411765 2.0 55.6 64.6 6.4 0.002
2 498.1 0.0 56.0 68.0 19.0 0.0
1 800.142857143 2.0 52.2 67.0 2.0 0.0
0 606.5 0.0 56.6 71.0 8.2 0.01
1 438.0 1.0 70.0 61.0 7.0 0.0
1 775.307692308 1.0 64.2 70.6 8.0 0.0
3 772.0 2.0 61.0 80.0 9.0 0.0
1 551.5 0.0 70.0 48.0 5.2 0.0
1 1866.0 0.0 65.6 60.0 4.0 0.0
3 455.5 1.0 65.2 63.8 10.2 0.0
1 463.272727273 0.0 58.0 77.0 2.0 0.0
3 512.375 2.0 70.6 73.4 6.6 0.002
2 450.461538462 2.0 58.2 70.0 4.0 0.0
1 419.571428571 2.0 56.0 83.0 4.0 0.0
3 460.444444444 1.0 69.4 72.8 7.6 0.0
1 534.25 1.0 64.8 65.8 7.2 0.0
1 553.5 0.0 64.0 61.2 11.6 0.0
1 438.769230769 0.0 53.6 70.2 3.0 0.0
1 12581.0 0.0 62.0 63.4 4.6 0.0
2 670.733333333 2.0 59.8 70.0 3.0 0.0
3 305.0 1.0 68.6 58.8 7.0 0.0
2 1023.65217391 1.0 71.2 70.2 9.0 0.0
3 786.0 1.0 72.6 66.6 7.4 0.0
3 637.6 0.0 58.8 72.6 8.6 0.0
3 581.142857143 2.0 61.4 61.0 3.6 0.0
3 689.25 2.0 72.2 63.6 5.0 0.0
2 600.0 2.0 65.6 70.6 4.8 0.0
1 384.571428571 0.0 64.8 68.8 7.6 0.0
0 512.0 0.0 55.2 76.8 8.4 0.22
1 1178.23076923 2.0 59.6 78.8 3.6 0.004
3 540.166666667 1.0 64.4 66.2 7.8 0.0
3 408.5 0.0 63.0 60.0 6.0 0.0
3 586.777777778 0.0 58.2 73.4 1.8 0.0
1 4868.8 1.0 69.2 68.4 6.2 0.0
3 553.2 0.0 57.8 78.6 3.6 0.0
2 475.75 2.0 65.0 74.0 7.0 0.0
2 612.260869565 0.0 63.0 63.6 7.6 0.0
3 735.714285714 0.0 60.2 70.0 6.6 0.0
0 599.0 0.0 61.0 65.2 7.0 0.002
3 455.0 0.0 65.6 60.0 4.0 0.0
2 588.913043478 0.0 61.6 64.8 8.2 0.004
1 546.142857143 2.0 68.0 65.8 9.0 0.0
1 399.285714286 2.0 53.0 69.2 1.0 0.0
2 523.285714286 3.0 56.0 74.6 6.2 0.0
3 596.333333333 0.0 54.0 69.0 11.0 0.11
1 426.428571429 0.0 52.4 81.0 2.6 0.0
1 928.0 0.0 50.8 71.8 4.6 0.0
2 416.2 0.0 56.4 45.6 2.4 0.0
1 1490.57142857 0.0 60.2 72.0 11.0 0.092
1 368.7 0.0 53.8 57.8 9.0 0.0
3 356.0 0.0 58.4 63.4 8.4 0.0
3 697.666666667 2.0 59.0 50.6 1.2 0.0
1 555.555555556 1.0 66.2 62.2 7.6 0.0
3 606.875 2.0 62.0 64.2 3.4 0.0
3 441.5 2.0 60.8 58.6 3.2 0.0
0 485.5 0.0 57.8 78.6 3.6 0.0
2 466.733333333 0.0 59.0 69.0 9.0 0.0
1 1603.21428571 2.0 65.2 72.2 3.2 0.002
1 525.4 2.0 55.2 57.6 3.0 0.0
1 582.0 2.0 67.0 73.0 7.0 0.0
3 454.75 2.0 68.2 75.2 5.8 0.0
3 531.833333333 0.0 61.6 64.8 8.2 0.004
3 1488.42857143 0.0 54.4 61.8 10.2 0.0
0 3648.0 1.0 65.6 71.4 9.4 0.0
3 394.0 1.0 64.2 70.6 8.0 0.0
3 501.0 0.0 57.0 80.0 15.0 0.43
2 488.217391304 2.0 67.8 68.6 4.0 0.0
2 474.3125 2.0 58.4 78.2 3.8 0.0
1 588.0 0.0 54.0 83.0 3.0 0.0
0 515.0 1.0 67.2 69.8 9.4 0.004
1 2487.3125 2.0 60.4 62.6 4.4 0.0
0 588.0 3.0 47.4 65.4 1.0 0.0
1 19393.6666667 0.0 62.4 85.8 6.6 0.086
1 4378.625 2.0 68.6 73.6 6.2 0.0
1 623.0 0.0 45.8 74.0 2.4 0.0
3 638.333333333 0.0 55.0 77.0 7.0 0.0
1 529.714285714 3.0 59.8 81.2 3.0 0.028
0 580.0 0.0 60.4 62.0 10.8 0.0
0 349.0 2.0 53.0 69.2 1.0 0.0
2 513.571428571 0.0 60.2 70.0 6.6 0.0
3 262.0 3.0 43.8 63.8 8.6 0.064
3 550.571428571 0.0 54.6 71.4 10.2 0.23
1 507.333333333 2.0 65.4 73.2 5.2 0.0
2 3227.0 2.0 66.2 73.6 6.2 0.0
2 536.0 3.0 61.6 80.6 4.6 0.006
1 2139.0 2.0 58.6 81.0 6.6 0.226
0 1340.5 0.0 58.0 68.4 9.0 0.0
2 546.692307692 2.0 59.2 62.4 4.2 0.0
2 6962.27272727 0.0 64.2 44.2 9.0 0.0
3 467.454545455 2.0 57.6 71.6 5.6 0.0
3 439.5 2.0 53.2 73.8 3.0 0.0
2 475.357142857 3.0 51.4 61.8 1.2 0.0
1 4169.55555556 2.0 53.2 73.8 3.0 0.0
0 339.5 2.0 53.0 70.0 3.0 0.0
0 852.0 0.0 51.8 77.6 1.6 0.0
2 1095.71428571 1.0 66.0 69.6 6.8 0.0
1 373.625 0.0 59.6 71.6 7.0 0.0
2 4552.4 2.0 60.6 63.0 4.2 0.0
1 15858.0 0.0 61.0 73.2 6.0 0.04
1 721.785714286 0.0 61.0 66.0 5.0 0.0
0 463.0 0.0 63.8 72.2 7.8 0.0
1 417.555555556 0.0 52.0 69.0 5.0 0.0
3 2324.2 1.0 64.0 72.0 11.0 0.0
3 651.0 2.0 58.0 74.0 2.6 0.0
3 480.8 0.0 58.4 65.8 3.2 0.0
1 1013.75 2.0 67.2 35.6 2.4 0.0
3 342.5 0.0 64.0 61.2 11.6 0.0
2 4551.71428571 3.0 52.6 46.0 2.0 0.0
2 527.875 0.0 57.8 68.0 9.0 0.0
1 691.0 2.0 74.0 41.4 3.6 0.0
2 487.153846154 0.0 60.0 82.0 3.0 0.0
2 1036.5 0.0 57.4 75.6 7.0 0.014
3 590.5 0.0 55.2 76.8 8.4 0.22
1 338.75 1.0 65.2 63.8 10.2 0.0
1 639.571428571 0.0 61.0 65.2 7.0 0.002
2 440.736842105 0.0 58.4 63.4 8.4 0.0
3 478.2 0.0 58.8 70.0 6.8 0.0
1 1061.33333333 2.0 55.4 68.0 3.6 0.0
2 608.5 0.0 60.2 72.0 11.0 0.092
2 420.904761905 1.0 74.2 60.2 6.0 0.0
1 517.818181818 0.0 57.4 71.2 5.6 0.0
2 1020.14285714 2.0 56.8 88.4 5.4 0.348
3 819.4 1.0 68.0 70.8 7.4 0.0
2 499.5 2.0 67.2 71.2 7.2 0.0
3 1525.0 0.0 65.0 47.0 8.0 0.0
0 651.0 0.0 60.6 58.2 6.8 0.0
1 508.933333333 0.0 52.4 69.2 1.2 0.0
1 500.0 0.0 57.6 65.4 6.0 0.0
2 743.0 3.0 52.2 66.4 1.2 0.0
0 609.0 1.0 62.0 68.4 8.0 0.0
2 431.625 2.0 70.2 64.4 4.2 0.0
2 370.5 0.0 56.0 61.0 4.4 0.0
1 3310.66666667 1.0 65.6 72.4 6.8 0.0
2 1043.81818182 0.0 61.2 70.0 6.0 0.0
1 334.666666667 0.0 57.0 55.4 3.2 0.0
1 561.0 0.0 54.0 77.0 1.0 0.0
3 787.0 3.0 50.4 82.2 1.8 0.004
1 1719.0 2.0 65.8 55.4 5.0 0.0
2 542.764705882 0.0 57.6 83.4 3.0 0.0
2 497.0 2.0 56.0 85.8 3.4 0.184
2 557.333333333 0.0 61.4 71.8 6.4 0.012
1 747.777777778 0.0 56.0 84.6 5.2 0.0
1 601.222222222 0.0 60.4 62.0 10.8 0.0
3 914.0 0.0 60.2 60.6 9.2 0.0
3 1034.75 2.0 76.2 52.8 4.2 0.0
1 493.166666667 0.0 60.2 65.0 8.6 0.0
2 737.347826087 2.0 69.8 67.6 6.6 0.0
2 387.076923077 0.0 59.0 56.0 6.0 0.0
1 499.2 3.0 43.6 65.4 5.4 0.122
1 1638.35294118 0.0 59.8 69.0 6.0 0.214
2 458.230769231 0.0 57.2 59.0 3.4 0.0
3 466.0 2.0 72.2 70.0 7.6 0.0
0 616.0 1.0 64.6 71.4 6.4 0.0
1 594.818181818 1.0 65.6 57.4 6.6 0.0
1 568.857142857 3.0 58.8 83.0 2.8 0.0
3 495.2 0.0 61.6 69.6 5.8 0.0
3 526.5 0.0 49.0 72.0 2.0 0.0
1 377.666666667 1.0 70.0 70.0 7.0 0.0
2 637.647058824 0.0 54.6 80.0 2.4 0.0
1 474.0 0.0 62.0 65.4 9.4 0.0
3 381.5 0.0 47.0 70.0 4.2 0.0
2 608.466666667 2.0 52.2 73.6 3.2 0.0
3 379.5 0.0 69.0 53.0 6.0 0.0
1 416.0 0.0 59.0 71.8 8.2 0.0
2 1489.73684211 1.0 69.6 66.0 7.0 0.0
2 2273.5 0.0 46.4 37.2 6.2 0.0
1 453.75 0.0 50.8 69.2 1.4 0.0
3 1638.75 1.0 65.0 63.2 6.2 0.0
2 589.076923077 1.0 69.6 73.6 6.0 0.0
1 1950.0625 2.0 64.0 48.6 3.4 0.0
2 453.666666667 1.0 68.2 68.8 8.0 0.0
1 581.857142857 0.0 60.8 74.8 3.2 0.0
2 1131.26666667 0.0 60.0 74.0 9.6 0.0
1 400.666666667 0.0 57.0 67.0 5.0 0.0
1 600.5 0.0 52.6 72.0 5.2 0.032
2 42323.0833333 2.0 53.0 72.2 2.0 0.0
2 517.071428571 2.0 55.8 67.0 1.8 0.0
3 608.2 1.0 77.2 53.0 6.0 0.0
2 398.2 0.0 61.6 77.2 18.0 0.696
2 694.357142857 0.0 49.6 73.2 3.0 0.0
2 1062.875 0.0 50.8 71.8 4.6 0.0
1 428.25 3.0 50.6 61.4 7.4 0.0
3 538.75 1.0 59.0 70.0 8.0 0.0
0 942.0 0.0 54.6 60.6 3.4 0.0
1 485.866666667 2.0 64.8 64.6 2.4 0.0
2 622.652173913 2.0 55.2 52.2 3.6 0.0
3 507.25 2.0 63.6 79.6 5.0 0.0
1 319.0 0.0 60.6 83.2 11.4 0.456
0 500.0 2.0 57.0 71.0 4.0 0.0
0 666.0 0.0 56.8 79.6 10.8 0.544
3 475.5 0.0 62.8 67.0 6.4 0.0
2 444.214285714 0.0 55.2 74.6 3.6 0.002
3 450.0 0.0 60.2 76.8 6.4 0.0
1 754.0 3.0 43.8 63.8 8.6 0.064
2 582.388888889 2.0 64.0 73.6 6.2 0.0
3 502.4 2.0 55.2 78.6 4.0 0.0
3 2534.5 1.0 68.0 69.8 7.2 0.0
3 906.333333333 0.0 52.4 81.0 2.6 0.0
1 520.0 2.0 56.8 83.0 4.4 0.272
1 979.3 2.0 62.0 46.6 8.4 0.0
0 397.0 0.0 75.4 35.6 5.2 0.0
3 717.888888889 0.0 56.0 53.4 8.0 0.0
3 435.333333333 2.0 69.2 70.4 5.0 0.0
2 466.142857143 2.0 70.0 62.0 7.0 0.0
3 762.428571429 3.0 61.6 80.6 4.6 0.006
1 513.2 0.0 60.0 45.0 7.8 0.0
3 303.0 3.0 60.0 83.4 4.4 0.018
1 649.928571429 0.0 51.0 69.0 11.0 0.0
2 436.526315789 0.0 55.8 62.0 6.6 0.002
3 613.0 2.0 72.4 50.0 3.8 0.0
3 1387.0 0.0 61.4 71.8 6.4 0.012
2 797.153846154 1.0 69.6 56.8 6.8 0.0
2 524.222222222 3.0 39.2 60.2 4.6 0.0
1 3596.77777778 0.0 47.8 69.0 1.0 0.0
2 1402.9 0.0 54.0 68.6 5.8 0.0
3 828.5 2.0 53.8 70.8 1.2 0.0
2 2298.7 2.0 70.0 66.8 7.2 0.0
1 2055.2 0.0 56.0 66.6 5.4 0.022
3 147.0 0.0 62.0 63.4 4.6 0.0
2 420.869565217 0.0 62.4 62.8 4.4 0.0
0 363.0 2.0 65.4 46.8 3.6 0.0
3 890.875 1.0 69.8 67.8 7.6 0.0
1 372.166666667 1.0 70.6 65.4 8.0 0.002
3 841.818181818 0.0 59.4 47.4 4.0 0.0
2 854.6 0.0 51.6 66.2 8.6 0.0
1 495.166666667 0.0 54.6 60.6 3.4 0.0
1 555.5 2.0 59.8 70.0 3.0 0.0
2 3895.0 2.0 64.0 76.0 8.0 0.0
3 567.0 0.0 61.4 55.0 10.0 0.0
2 1263.35714286 0.0 55.6 81.2 3.2 0.0
3 649.0 0.0 63.6 70.6 8.0 0.0
3 478.0 0.0 58.0 65.0 6.0 0.0
1 743.083333333 0.0 57.2 70.6 8.0 0.0
0 2873.0 2.0 53.0 72.2 2.0 0.0
3 447.714285714 2.0 53.4 63.6 3.2 0.0
2 920.8 2.0 59.2 73.8 4.2 0.0
0 577.0 0.0 53.4 52.6 2.2 0.0
0 445.0 0.0 48.2 76.0 1.6 0.0
1 1821.46153846 0.0 51.8 77.6 1.6 0.0
3 629.769230769 1.0 69.8 70.8 6.6 0.0
1 507.285714286 0.0 48.0 64.0 1.0 0.0
0 474.0 0.0 58.4 50.0 4.4 0.0
3 550.454545455 0.0 55.0 86.0 5.0 0.0
1 595.833333333 0.0 61.0 56.4 6.0 0.0
2 1450.25 0.0 59.6 71.2 8.4 0.0
1 368.0 1.0 66.0 69.6 6.8 0.0
2 1560.9 0.0 64.8 46.8 8.4 0.0
1 1684.44444444 2.0 69.2 70.4 5.0 0.0
2 469.166666667 0.0 54.0 70.0 4.0 0.0
1 483.909090909 2.0 62.8 50.8 6.4 0.0
0 416.0 0.0 66.0 61.0 8.0 0.0
1 2359.75 0.0 66.0 66.0 5.0 0.0
3 545.25 3.0 50.6 72.8 4.2 0.0
1 400.0 1.0 62.4 67.4 8.0 0.0
0 712.0 0.0 53.8 57.0 3.0 0.0
2 509.956521739 1.0 67.6 71.0 8.0 0.0
2 618.555555556 2.0 68.4 65.0 4.8 0.0
1 978.769230769 1.0 73.0 68.8 5.6 0.0
2 568.571428571 0.0 74.8 35.2 4.2 0.0
1 7672.35294118 0.0 52.8 71.0 4.4 0.0
2 580.176470588 0.0 58.8 61.6 12.2 0.016
2 534.857142857 2.0 60.4 62.6 4.4 0.0
1 485.0 2.0 69.0 76.8 6.4 0.0
2 461.6 0.0 52.4 60.8 2.2 0.0
2 398.166666667 0.0 54.6 52.0 3.4 0.0
1 434.0 0.0 55.4 72.2 8.0 0.132
1 384.666666667 2.0 69.2 53.0 4.8 0.0
1 545.333333333 1.0 74.2 60.2 6.0 0.0
2 447.533333333 0.0 58.0 78.2 4.4 0.0
2 372.5 3.0 40.6 50.8 2.2 0.0
1 358.375 0.0 53.6 46.8 4.2 0.0
2 972.578947368 2.0 66.0 64.0 9.6 0.0
3 572.769230769 2.0 61.8 69.2 3.4 0.0
0 359.0 2.0 67.2 73.2 5.6 0.0
2 3370.33333333 2.0 54.8 53.8 4.8 0.0
2 1529.6875 1.0 64.8 74.6 8.4 0.0
3 1598.6 2.0 62.8 51.0 3.2 0.0
3 479.75 3.0 52.6 82.2 3.0 0.172
2 6671.88888889 1.0 72.6 66.6 7.4 0.0
3 524.25 0.0 64.8 68.8 7.6 0.0
3 752.571428571 1.0 70.0 73.2 9.0 0.0
1 424.916666667 1.0 67.6 66.8 6.2 0.0
1 3030.8 1.0 68.0 70.0 7.8 0.0
0 494.0 0.0 63.0 57.2 7.8 0.0
2 558.111111111 0.0 59.0 73.0 6.0 0.0
3 561.125 0.0 52.8 70.0 1.8 0.0
1 490.7 1.0 71.4 69.4 5.8 0.0
1 7677.25 0.0 55.4 68.6 7.4 0.008
1 1143.25 0.0 52.4 60.8 2.2 0.0
2 1696.73684211 2.0 62.0 61.0 14.0 0.0
3 500.571428571 0.0 50.6 85.6 7.2 0.458
3 338.0 3.0 44.8 62.4 2.4 0.0
2 799.25 1.0 73.0 68.8 5.6 0.0
0 667.5 0.0 58.6 66.0 5.2 0.0
3 475.0 2.0 57.0 73.0 4.4 0.0
2 482.958333333 1.0 62.6 66.8 8.0 0.0
3 534.0 0.0 53.0 54.6 1.4 0.0
1 386.5 0.0 60.4 78.8 7.2 0.0
1 12837.0 0.0 67.8 57.8 6.6 0.0
2 457.833333333 1.0 64.0 53.4 7.2 0.0
1 20298.9230769 0.0 57.4 67.2 5.6 0.0
2 635.25 2.0 53.2 73.8 3.0 0.0
3 560.0 3.0 53.0 63.0 1.0 0.0
1 815.705882353 2.0 60.8 58.6 3.2 0.0
2 566.1875 1.0 64.2 70.6 8.0 0.0
2 2043.5 0.0 53.0 64.2 7.4 0.028
2 448.125 0.0 55.6 80.4 5.4 0.082
1 14231.6 2.0 68.4 65.0 4.8 0.0
2 501.571428571 2.0 69.0 76.8 6.4 0.0
0 596.0 0.0 62.4 71.8 6.0 0.056
3 402.5 0.0 63.0 60.4 4.2 0.0
3 684.0 2.0 62.0 65.0 9.0 0.0
3 514.4 2.0 71.4 65.6 5.8 0.0
3 478.5 0.0 59.6 63.6 2.0 0.0
2 3288.72222222 3.0 52.8 78.2 5.0 0.0
1 7433.07142857 2.0 65.2 72.6 5.0 0.0
0 223.0 2.0 71.6 43.0 3.6 0.0
3 541.5 0.0 58.0 69.0 9.0 0.0
2 662.611111111 2.0 64.2 43.4 3.2 0.0
2 603.333333333 2.0 51.6 69.0 1.4 0.0
2 803.363636364 2.0 56.2 82.2 4.8 0.0
3 566.0 3.0 53.2 82.6 12.2 0.564
2 485.416666667 0.0 58.4 71.0 2.2 0.0
3 622.111111111 2.0 68.6 73.6 6.2 0.0
0 990.5 2.0 70.0 66.8 4.6 0.0
3 567.111111111 2.0 60.0 66.8 5.2 0.0
3 534.0 0.0 59.0 66.8 7.6 0.0
0 701.0 0.0 61.4 72.8 6.2 0.0
2 897.875 0.0 55.4 68.6 7.4 0.008
2 782.526315789 1.0 67.6 72.0 7.6 0.0
1 1243.66666667 0.0 58.6 71.0 8.6 0.0
1 6113.5 2.0 64.6 73.0 4.4 0.0
2 982.333333333 2.0 65.2 42.4 2.4 0.0
3 1513.16666667 2.0 63.0 60.2 6.4 0.0
3 614.0 3.0 44.4 59.4 1.4 0.0
2 680.333333333 2.0 55.4 68.0 3.6 0.0
2 1109.3 0.0 53.0 54.6 1.4 0.0
3 415.166666667 0.0 54.0 72.0 4.4 0.0
2 646.0 0.0 57.4 60.6 4.4 0.0
0 309.0 2.0 55.2 75.8 7.8 0.002
1 11812.7857143 3.0 51.4 60.0 1.0 0.0
1 7630.4 2.0 68.6 67.2 7.8 0.0
2 740.6 0.0 52.4 64.0 2.2 0.0
2 437.947368421 2.0 68.0 67.0 7.0 0.0
1 1051.4375 2.0 57.8 36.0 6.0 0.0
3 569.5 0.0 51.4 71.6 3.0 0.0
3 576.5 2.0 65.6 70.6 4.8 0.0
2 624.166666667 0.0 48.8 60.2 4.6 0.0
1 5179.6 2.0 64.6 79.4 5.4 0.0
3 526.666666667 2.0 63.4 62.4 4.0 0.0
2 740.916666667 2.0 71.4 67.6 4.6 0.0
3 423.4 0.0 54.6 34.4 9.4 0.0
3 476.444444444 1.0 65.2 65.6 9.8 0.0
2 1723.21428571 2.0 74.6 41.8 3.4 0.0
0 511.5 1.0 65.0 70.0 5.8 0.0
3 553.0 0.0 60.0 73.0 10.0 0.0
3 580.0 3.0 53.2 73.2 4.8 0.078
1 480.666666667 3.0 54.6 69.6 2.0 0.0
1 1399.0 1.0 67.6 75.4 7.2 0.0
3 638.0 0.0 62.8 67.0 3.4 0.0
3 614.5 2.0 61.4 68.4 4.2 0.0
1 480.285714286 2.0 56.8 88.4 5.4 0.348
3 418.0 0.0 59.8 69.0 9.0 0.0
1 3503.6 0.0 62.4 62.2 5.4 0.0
3 1358.4 2.0 61.0 84.6 6.6 0.088
2 442.0 0.0 58.4 65.8 3.2 0.0
2 500.0 0.0 53.4 85.8 3.0 0.0
3 764.0 0.0 49.0 78.0 3.0 0.0
1 966.75 0.0 63.0 68.0 4.8 0.0
2 466.736842105 2.0 67.6 72.2 7.0 0.0
1 597.666666667 1.0 70.8 58.2 8.2 0.0
2 7953.1 2.0 55.4 66.0 6.0 0.0
2 1012.0 3.0 50.2 54.2 8.2 0.0
2 478.857142857 0.0 51.2 78.0 9.0 0.302
1 418.3 0.0 58.4 58.2 8.2 0.0
1 5917.375 0.0 49.0 65.0 1.0 0.0
3 386.777777778 0.0 57.0 74.4 5.6 0.0
1 514.866666667 2.0 70.2 64.4 4.2 0.0
2 942.368421053 0.0 59.8 69.0 9.0 0.0
1 458.470588235 2.0 59.2 62.4 4.2 0.0
3 885.2 2.0 63.8 75.4 8.2 0.0
3 449.2 2.0 62.6 74.2 6.0 0.006
2 574.5 2.0 57.0 75.2 5.8 0.01
2 563.846153846 2.0 64.0 48.6 3.4 0.0
1 1796.9 2.0 67.0 69.0 8.0 0.0
1 4006.16666667 0.0 47.6 69.0 2.0 0.0
0 578.0 0.0 55.6 61.4 3.8 0.0
3 450.0 0.0 49.0 75.8 8.0 0.22
2 446.3125 1.0 66.2 73.2 7.8 0.0
0 552.0 0.0 67.8 57.8 6.6 0.0
3 613.272727273 1.0 68.0 74.0 9.0 0.0
1 715.0 1.0 68.0 66.8 7.8 0.0
2 1158.75 0.0 57.4 67.2 5.6 0.0
0 425.0 3.0 50.0 66.6 8.4 0.0
2 685.434782609 1.0 66.0 69.4 7.6 0.0
0 500.5 0.0 59.6 70.2 7.8 0.004
1 4258.0 2.0 65.6 74.6 4.4 0.0
2 6404.0 0.0 59.0 71.8 8.2 0.0
3 1869.4 1.0 67.6 72.0 7.6 0.0
2 377.416666667 0.0 55.2 68.0 6.0 0.048
1 301.0 0.0 48.2 76.0 1.6 0.0
1 1395.46153846 1.0 68.4 65.0 6.0 0.0
1 668.666666667 0.0 48.8 60.2 4.6 0.0
1 578.272727273 0.0 50.0 76.0 2.0 0.0
2 650.0 0.0 61.0 69.0 6.0 0.0
2 586.0 0.0 59.2 62.2 6.2 0.0
3 674.0 2.0 52.0 84.0 6.0 0.0
2 3248.94117647 0.0 61.6 69.6 5.8 0.0
1 1486.8 1.0 67.2 69.8 9.4 0.004
2 6031.5 2.0 71.8 53.2 3.8 0.0
2 9364.0 0.0 44.6 45.4 3.8 0.0
0 714.0 0.0 55.2 68.0 6.0 0.048
3 428.555555556 0.0 59.8 57.8 6.2 0.0
2 1571.0 3.0 50.4 82.2 1.8 0.004
0 425.0 0.0 49.2 58.0 1.6 0.0
2 643.142857143 0.0 54.4 61.8 10.2 0.0
2 419.0 2.0 69.2 70.4 6.8 0.0
1 7961.85714286 2.0 76.2 52.8 4.2 0.0
1 353.0 0.0 60.0 69.2 13.0 0.0
3 666.727272727 0.0 58.8 75.6 6.4 0.004
2 1398.05263158 0.0 52.8 70.2 6.6 0.008
1 943.357142857 0.0 58.2 57.0 3.0 0.0
3 509.0 0.0 73.0 42.8 5.2 0.0
1 450.0 3.0 50.4 82.2 1.8 0.004
2 409.5 0.0 67.8 60.8 6.6 0.0
0 438.0 3.0 60.4 82.8 6.4 0.028
1 640.75 2.0 60.2 70.2 6.8 0.042
0 7362.5 1.0 67.6 75.4 7.2 0.0
1 464.5 0.0 59.2 68.6 8.2 0.02
2 2525.23529412 0.0 57.6 67.8 5.2 0.0
3 318.5 0.0 62.0 62.0 5.0 0.0
0 415.0 0.0 52.4 62.2 7.0 0.002
3 1211.2 0.0 56.8 69.0 8.6 0.0
1 3209.69230769 0.0 60.6 58.2 6.8 0.0
2 918.888888889 0.0 63.6 70.6 8.0 0.0
3 1126.5 1.0 73.0 68.8 5.6 0.0
2 673.125 0.0 62.4 66.2 5.8 0.0
0 677.333333333 0.0 59.4 47.4 4.0 0.0
3 549.0 0.0 61.0 40.0 11.0 0.0
1 453.444444444 3.0 40.2 49.2 4.2 0.0
2 5060.875 2.0 55.2 76.6 2.6 0.0
2 956.538461538 3.0 46.2 70.8 2.2 0.0
1 591.666666667 0.0 58.2 62.0 6.8 0.0
3 458.444444444 0.0 56.0 80.0 6.0 0.0
1 3998.5 3.0 58.0 83.0 2.2 0.004
0 670.5 0.0 53.0 71.0 5.0 0.0
0 1557.0 0.0 58.4 58.2 8.2 0.0
3 572.333333333 0.0 56.0 68.0 19.0 0.0
1 744.0 0.0 59.6 82.4 7.8 0.09
1 1614.6 1.0 66.2 73.2 7.8 0.0
3 725.0 2.0 69.6 68.8 4.8 0.0
3 350.0 2.0 66.0 69.0 9.0 0.0
3 603.5 0.0 60.6 85.0 4.2 0.004
3 516.666666667 1.0 66.2 62.2 7.6 0.0
0 374.0 1.0 61.4 66.2 8.8 0.0
0 634.0 0.0 64.0 68.6 5.0 0.0
0 288.0 3.0 60.0 83.4 4.4 0.018
1 5136.25 2.0 56.0 69.6 4.0 0.0
3 493.333333333 0.0 55.6 85.8 5.0 0.006
3 23047.6666667 0.0 52.8 62.6 2.4 0.0
3 613.0 0.0 56.4 45.6 2.4 0.0
1 578.5 0.0 66.4 59.8 4.0 0.0
1 11855.5 3.0 50.2 54.2 8.2 0.0
2 3103.05882353 2.0 70.8 74.0 7.4 0.0
3 739.0 0.0 53.8 84.8 3.0 0.0
1 2335.8125 0.0 57.0 60.0 2.0 0.0
2 975.545454545 2.0 65.6 75.0 8.0 0.0
2 460.0 2.0 56.2 61.6 3.8 0.002
2 641.2 2.0 67.4 64.2 5.6 0.0
3 579.0 2.0 54.0 69.2 6.0 0.0
2 851.111111111 0.0 58.0 82.0 9.0 0.0
1 876.0 0.0 60.8 67.4 6.6 0.0
2 418.538461538 0.0 54.6 60.6 3.4 0.0
1 2154.71428571 2.0 56.0 84.0 13.0 0.0
0 492.666666667 0.0 59.4 69.8 10.0 0.054
2 7326.625 3.0 47.0 75.0 4.0 0.0
3 473.0 2.0 56.2 82.2 4.8 0.0
2 394.357142857 0.0 58.8 70.0 6.8 0.0
1 441.444444444 0.0 59.6 70.2 7.8 0.004
0 974.0 2.0 65.2 72.6 5.0 0.0
1 741.833333333 0.0 59.0 61.0 4.0 0.0
1 696.526315789 2.0 65.0 70.0 9.0 0.0
1 2943.875 0.0 67.4 59.0 6.8 0.0
3 395.0 0.0 50.0 60.8 1.2 0.0
1 1853.4 1.0 66.8 68.8 7.4 0.0
1 551.0 0.0 65.4 31.2 10.6 0.0
0 514.0 0.0 54.0 84.4 3.6 0.0
2 583.909090909 0.0 53.8 57.0 3.0 0.0
1 594.666666667 0.0 59.8 57.8 6.2 0.0
3 528.0 2.0 65.8 68.8 5.6 0.0
3 522.0 0.0 46.4 51.4 13.6 0.0
2 626.0 1.0 71.0 69.0 7.6 0.0
2 738.227272727 2.0 55.2 78.6 4.0 0.0
0 656.0 0.0 58.4 81.6 3.2 0.0
3 569.714285714 1.0 63.2 65.0 7.2 0.0
1 398.0 2.0 63.2 68.8 8.8 0.0
2 937.0 0.0 65.2 58.0 5.2 0.0
1 3136.8 2.0 64.0 73.6 6.2 0.0
3 657.9 1.0 75.2 63.0 6.4 0.0
0 446.666666667 1.0 71.0 69.0 7.6 0.0
1 805.142857143 2.0 62.0 65.0 4.0 0.0
1 589.75 2.0 55.2 52.2 3.6 0.0
1 500.125 0.0 50.0 68.0 1.0 0.0
2 450.615384615 2.0 57.6 65.8 9.6 0.0
2 423.636363636 0.0 54.0 73.0 6.0 0.0
1 759.0 2.0 55.4 66.0 6.0 0.0
1 413.666666667 2.0 55.8 67.0 1.8 0.0
2 538.909090909 3.0 54.6 69.6 2.0 0.0
2 1354.92857143 2.0 57.8 36.0 6.0 0.0
0 2620.66666667 2.0 55.6 64.6 6.4 0.002
3 4558.0 0.0 41.8 64.6 2.0 0.0
3 536.333333333 0.0 53.8 76.8 3.4 0.0
2 593.863636364 2.0 71.0 74.0 9.0 0.01
1 623.0 1.0 70.0 73.2 9.0 0.0
2 466.461538462 0.0 54.0 75.0 6.0 0.0
2 571.5 2.0 64.6 73.0 4.4 0.0
2 510.214285714 0.0 56.0 53.4 8.0 0.0
1 10078.0909091 2.0 59.2 73.8 4.2 0.0
1 582.0 0.0 64.6 67.0 8.2 0.0
0 267.0 2.0 64.6 73.0 4.4 0.0
2 570.85 1.0 68.6 68.4 7.0 0.0
1 7984.41666667 0.0 56.0 70.0 4.0 0.0
0 428.0 0.0 62.4 55.4 5.8 0.0
0 487.0 2.0 56.2 82.2 4.8 0.0
3 574.166666667 1.0 69.6 73.6 6.0 0.0
1 469.363636364 0.0 59.0 52.0 10.0 0.0
2 418.5 2.0 58.6 78.4 4.2 0.0
0 435.2 3.0 51.4 60.0 1.0 0.0
1 454.666666667 0.0 50.0 75.2 4.8 0.0
3 509.25 2.0 64.6 73.0 4.4 0.0
1 3501.625 2.0 67.4 64.2 5.6 0.0
1 616.2 0.0 64.0 68.6 5.0 0.0
2 4207.5 0.0 50.0 60.8 1.2 0.0
1 2911.0 0.0 55.4 89.2 2.6 0.0
2 2512.25 2.0 62.6 71.4 6.2 0.002
2 1894.81818182 0.0 66.4 59.8 4.0 0.0
0 446.0 0.0 61.8 48.6 4.6 0.0
1 472.285714286 0.0 50.0 58.0 6.0 0.0
1 517.352941176 2.0 62.6 64.8 4.4 0.0
2 433.0 3.0 60.8 84.2 10.8 0.93
2 946.923076923 0.0 57.2 74.2 7.8 0.19
2 545.727272727 2.0 74.0 41.4 3.6 0.0
1 537.090909091 1.0 65.0 70.0 5.8 0.0
2 1050.11111111 0.0 61.6 42.8 10.6 0.0
3 459.5 0.0 67.0 48.0 4.0 0.0
2 1036.28571429 0.0 47.4 70.4 4.6 0.022
1 1019.66666667 0.0 60.8 68.2 6.8 0.0
0 631.0 1.0 66.2 62.2 7.6 0.0
2 1730.64285714 2.0 68.6 68.8 5.8 0.0
0 584.0 0.0 60.6 85.0 4.2 0.004
2 428.285714286 3.0 58.2 86.0 7.0 0.94
2 906.666666667 3.0 58.8 83.0 2.8 0.0
2 523.857142857 3.0 43.2 51.0 3.4 0.0
3 671.0 0.0 59.8 65.2 3.4 0.0
2 634.523809524 2.0 67.4 74.0 6.8 0.0
3 515.8 2.0 67.0 43.6 4.4 0.0
2 3321.76190476 2.0 67.6 59.4 5.4 0.0
1 572.6 0.0 58.8 72.6 8.6 0.0
3 496.2 2.0 71.8 53.2 3.8 0.0
3 573.0 1.0 70.8 58.2 8.2 0.0
3 465.4 0.0 51.2 78.0 9.0 0.302
3 966.0 1.0 70.4 48.2 6.0 0.0
1 407.0 0.0 56.8 69.0 8.6 0.0
1 491.25 0.0 62.4 66.2 5.8 0.0
3 22818.6666667 0.0 51.0 60.8 1.8 0.0
2 548.769230769 1.0 66.2 62.2 7.6 0.0
3 476.666666667 0.0 55.0 50.0 3.0 0.0
3 450.166666667 0.0 57.0 57.0 13.0 0.0
2 1445.05882353 1.0 69.8 71.2 6.6 0.0
3 555.0 1.0 67.6 75.4 7.2 0.0
1 447.615384615 0.0 67.2 36.4 7.4 0.0
2 486.473684211 0.0 62.4 71.8 6.0 0.056
2 470.045454545 1.0 66.4 65.0 9.0 0.0
3 539.153846154 0.0 69.4 63.8 5.0 0.0
3 2954.75 2.0 58.6 81.0 6.6 0.226
1 407.444444444 0.0 53.0 83.0 2.6 0.0
1 1152.90909091 0.0 66.4 57.6 5.6 0.0
2 1043.63636364 0.0 61.0 70.0 6.0 0.0
3 511.1 2.0 70.0 51.0 6.0 0.0
1 1898.4 0.0 58.0 78.0 2.0 0.0
3 785.0 1.0 66.4 65.0 9.0 0.0
1 397.777777778 1.0 69.8 70.8 6.6 0.0
2 3013.82608696 2.0 67.2 35.6 2.4 0.0
0 339.0 0.0 61.0 70.0 6.0 0.0
2 500.476190476 0.0 63.8 72.2 7.8 0.0
2 1032.31578947 2.0 62.6 64.8 4.4 0.0
3 486.625 2.0 59.0 80.0 10.0 0.26
3 499.25 0.0 57.8 47.8 6.8 0.0
2 434.285714286 3.0 51.4 60.0 1.0 0.0
3 418.0 2.0 58.4 78.2 3.8 0.0
3 436.0 0.0 57.4 57.6 8.6 0.0
1 1061.5 0.0 61.6 69.6 5.8 0.0
3 434.333333333 0.0 61.0 70.0 6.0 0.0
1 2902.71428571 2.0 68.0 71.0 8.0 0.0
2 527.8 0.0 58.0 70.0 10.0 0.0
2 1214.70588235 0.0 59.4 77.0 4.6 0.0
3 695.0 1.0 67.8 68.8 6.8 0.0
2 474.857142857 1.0 69.2 67.4 8.4 0.0
3 1172.5 1.0 65.6 72.4 6.8 0.0
1 447.25 0.0 69.4 63.8 5.0 0.0
3 587.6 3.0 58.2 86.0 7.0 0.94
1 1613.0 2.0 60.6 58.2 2.0 0.0
2 748.904761905 2.0 62.8 50.8 6.4 0.0
0 151.0 0.0 53.0 62.0 3.0 0.0
3 553.0 0.0 48.8 70.8 5.8 0.0
2 496.375 0.0 63.0 71.0 7.0 0.0
2 619.0 0.0 57.8 73.4 11.2 0.178
0 401.0 1.0 67.6 72.0 7.6 0.0
3 481.0 0.0 57.4 68.2 7.0 0.0
2 493.210526316 0.0 73.0 42.8 5.2 0.0
0 433.5 0.0 55.6 85.8 5.0 0.006
3 605.333333333 0.0 53.0 84.0 5.0 0.0
1 584.363636364 2.0 62.0 60.2 11.8 0.0
1 500.545454545 0.0 63.0 63.6 7.6 0.0
2 622.473684211 1.0 72.6 70.4 7.2 0.0
2 2862.43478261 1.0 67.2 69.8 9.4 0.004
1 5245.28571429 1.0 65.0 66.4 6.6 0.0
2 734.15 2.0 69.6 68.8 4.8 0.0
1 639.538461538 2.0 62.0 61.6 2.2 0.0
1 668.5 0.0 56.0 73.0 7.0 0.036
3 1116.42857143 2.0 71.4 67.6 4.6 0.0
1 379.25 2.0 63.6 79.6 5.0 0.0
1 567.75 1.0 66.2 71.4 8.4 0.0
2 2688.25 0.0 67.4 59.0 6.8 0.0
2 594.6 0.0 60.0 68.0 7.0 0.0
2 499.25 0.0 58.6 75.4 4.8 0.0
2 447.7 1.0 65.0 70.0 5.8 0.0
2 607.95 2.0 72.0 57.2 3.6 0.0
3 8021.125 2.0 69.0 77.0 12.0 0.0
2 984.875 2.0 64.8 74.6 9.0 0.106
2 486.142857143 0.0 57.8 75.4 10.6 0.762
1 357.5 3.0 52.2 66.4 1.2 0.0
3 695.833333333 2.0 67.6 59.4 5.4 0.0
2 653.0 0.0 49.0 75.8 8.0 0.22
3 494.0 0.0 67.4 59.0 6.8 0.0
1 423.083333333 2.0 52.0 71.0 1.0 0.0
3 543.666666667 0.0 59.2 77.0 6.4 0.008
0 441.666666667 0.0 60.8 68.2 6.8 0.0
1 394.0 0.0 62.0 62.4 11.0 0.0
1 317.333333333 0.0 55.2 68.0 6.0 0.048
3 416.0 0.0 51.6 66.2 8.6 0.0
1 411.428571429 0.0 58.0 70.0 10.0 0.0
3 556.833333333 0.0 54.4 66.8 4.8 0.0
3 507.75 0.0 50.0 75.2 4.8 0.0
2 1166.88888889 2.0 68.6 67.2 7.8 0.0
1 492.529411765 2.0 54.8 53.8 4.8 0.0
3 579.333333333 0.0 58.6 57.6 3.4 0.0
1 631.818181818 0.0 63.0 57.2 7.8 0.0
2 430.909090909 0.0 48.8 70.8 5.8 0.0
2 583.588235294 1.0 70.2 73.6 8.4 0.0
3 746.75 0.0 52.4 60.8 2.2 0.0
1 410.428571429 0.0 57.2 73.6 2.8 0.0
3 251.0 2.0 55.6 64.6 6.4 0.002
3 435.857142857 1.0 64.8 74.6 8.4 0.0
2 1378.11111111 0.0 52.6 72.0 3.2 0.0
1 366.0 1.0 61.4 66.2 8.8 0.0
3 417.0 0.0 64.0 68.6 5.0 0.0
3 798.857142857 2.0 67.4 64.2 5.6 0.0
0 371.5 3.0 44.4 59.4 1.4 0.0
3 336.0 1.0 66.0 69.6 6.8 0.0
3 551.272727273 0.0 53.0 70.0 3.0 0.0
2 820.583333333 0.0 55.0 81.0 8.0 0.0
1 489.0 2.0 56.4 79.2 4.6 0.208
3 593.714285714 3.0 57.8 82.0 3.2 0.0
2 484.2 0.0 55.0 45.0 5.0 0.0
3 530.0 2.0 64.6 79.4 5.4 0.0
3 552.625 1.0 68.0 66.8 7.8 0.0
1 4750.33333333 2.0 68.6 71.2 7.2 0.0
2 417.157894737 2.0 53.0 68.0 1.0 0.0
3 538.818181818 1.0 71.0 69.0 7.6 0.0
3 712.25 0.0 67.8 57.8 6.6 0.0
1 676.833333333 1.0 72.4 64.6 6.6 0.0
1 527.125 2.0 60.6 68.2 3.8 0.0
0 483.0 2.0 68.8 66.6 6.8 0.0
0 628.0 0.0 57.4 57.6 8.6 0.0
2 411.555555556 2.0 65.6 74.6 4.4 0.0
3 320.5 0.0 51.2 68.6 5.8 0.0
2 446.117647059 2.0 60.4 64.8 5.6 0.0
3 363.666666667 0.0 58.4 81.6 3.2 0.0
1 680.833333333 0.0 60.0 64.8 7.4 0.0
3 457.0 0.0 55.2 73.8 2.0 0.0
1 636.125 3.0 43.2 51.0 3.4 0.0
2 1814.73684211 1.0 68.6 70.2 8.2 0.0
3 424.666666667 2.0 56.8 88.4 5.4 0.348
3 937.75 3.0 60.4 82.8 6.4 0.028
3 21879.0 1.0 68.8 70.2 7.2 0.0
1 510.384615385 1.0 69.6 73.6 6.0 0.0
3 520.222222222 2.0 56.0 80.2 3.0 0.002
1 591.909090909 2.0 66.0 67.0 7.0 0.0
3 403.166666667 0.0 51.2 61.6 0.8 0.0
3 397.0 3.0 41.0 60.2 1.2 0.0
0 408.0 2.0 62.8 64.0 3.0 0.0
3 657.666666667 0.0 59.2 68.6 8.2 0.02
1 8131.4 3.0 52.6 46.0 2.0 0.0
3 660.428571429 2.0 64.2 43.4 3.2 0.0
3 402.909090909 2.0 55.2 57.6 3.0 0.0
1 6154.125 3.0 44.4 59.4 1.4 0.0
3 562.2 1.0 70.2 73.6 8.4 0.0
1 520.0 3.0 60.8 84.2 10.8 0.93
2 411.583333333 2.0 59.8 85.6 5.8 0.194
1 1992.5 0.0 59.4 67.6 8.2 0.0
1 602.25 2.0 61.2 59.0 3.6 0.032
0 643.0 2.0 63.0 75.0 9.0 0.0
1 3356.8 3.0 50.4 63.0 1.8 0.0
1 533.9 3.0 48.0 43.6 2.4 0.0
1 731.722222222 2.0 58.8 46.6 3.0 0.0
3 605.714285714 2.0 58.4 70.0 2.8 0.0
0 507.666666667 2.0 63.4 62.4 4.0 0.0
1 378.3 2.0 57.0 82.0 6.0 0.0
1 464.428571429 0.0 54.6 80.0 2.4 0.0
0 248.0 0.0 57.2 73.6 2.8 0.0
2 456.142857143 0.0 47.0 70.0 4.2 0.0
2 3637.16666667 3.0 50.4 63.0 1.8 0.0
2 460.071428571 0.0 67.8 42.8 4.8 0.0
1 545.666666667 2.0 58.4 78.2 3.8 0.0
3 372.0 0.0 56.0 77.0 6.0 0.1
2 1081.57894737 1.0 71.4 69.4 5.8 0.0
1 442.5 0.0 54.0 68.6 5.8 0.0
1 523.666666667 0.0 56.2 80.4 3.6 0.0
3 612.75 0.0 57.0 64.0 4.0 0.0
2 564.166666667 0.0 57.4 71.2 5.6 0.0
0 328.0 3.0 50.4 66.2 1.4 0.0
3 636.166666667 0.0 53.8 57.8 9.0 0.0
1 549.923076923 0.0 57.0 64.0 4.0 0.0
3 598.888888889 1.0 68.0 66.0 7.4 0.0
3 554.142857143 2.0 71.6 65.2 6.4 0.0
2 943.8 0.0 54.0 84.4 3.6 0.0
3 513.142857143 0.0 59.6 71.2 8.4 0.0
1 1052.0 0.0 61.8 67.6 10.8 0.0
2 699.15 1.0 77.2 53.0 6.0 0.0
3 754.666666667 0.0 62.2 64.0 11.6 0.0
1 805.4375 1.0 69.8 67.8 7.6 0.0
2 451.266666667 2.0 68.2 75.2 5.8 0.0
1 503.666666667 0.0 59.4 47.4 4.0 0.0
1 4313.55555556 0.0 52.0 74.2 2.6 0.0
0 330.0 3.0 44.4 63.8 1.4 0.0
1 2044.5 2.0 63.0 60.2 6.4 0.0
1 483.5 0.0 59.0 66.8 7.6 0.0
2 481.928571429 0.0 75.0 43.0 6.0 0.0
2 758.411764706 2.0 66.0 69.0 10.0 0.0
1 1026.75 2.0 57.6 66.8 2.0 0.0
3 531.4 0.0 63.0 63.6 7.6 0.0
1 499.0 1.0 65.0 63.2 6.2 0.0
3 470.875 0.0 60.0 70.0 6.0 0.0
3 460.4 0.0 54.2 54.4 3.0 0.0
3 493.5 0.0 58.2 65.2 4.4 0.0
2 1064.4 2.0 61.4 61.0 3.6 0.0
2 1316.18181818 1.0 67.8 68.8 6.8 0.0
2 464.307692308 0.0 58.2 57.0 3.0 0.0
2 443.533333333 2.0 63.0 77.0 8.0 0.0
2 915.428571429 0.0 58.2 71.2 8.6 0.0
0 2083.5 0.0 53.6 82.6 3.0 0.0
0 737.0 2.0 55.4 68.6 3.6 0.0
2 642.75 3.0 60.4 82.8 6.4 0.028
0 390.0 0.0 62.0 64.0 16.0 0.0
0 415.0 2.0 69.8 54.2 4.2 0.0
2 1294.28571429 0.0 50.0 87.0 3.0 0.0
3 1173.75 0.0 48.2 76.0 1.6 0.0
1 2189.44444444 2.0 65.6 70.6 4.8 0.0
3 952.5 2.0 56.6 66.6 2.4 0.0
3 692.666666667 1.0 72.8 64.2 7.4 0.0
1 625.0 0.0 51.0 78.0 5.0 0.45
3 498.75 0.0 51.0 69.0 2.0 0.0
3 503.0 0.0 57.4 67.2 5.6 0.0
1 543.0 0.0 52.8 70.0 1.8 0.0
3 456.0 1.0 70.4 73.2 7.4 0.0
3 436.2 2.0 68.6 56.8 5.0 0.0
2 610.75 3.0 53.2 73.2 4.8 0.078
2 4992.14285714 2.0 56.6 66.6 2.4 0.0
1 4030.33333333 3.0 53.2 73.2 4.8 0.078
3 554.571428571 0.0 55.8 76.6 2.2 0.0
2 545.866666667 0.0 56.0 48.0 2.0 0.0
3 294.5 1.0 67.0 73.0 12.0 0.0
2 547.642857143 2.0 61.0 84.6 6.6 0.088
2 494.75 0.0 58.8 72.6 8.6 0.0
2 1559.54545455 3.0 60.0 83.4 4.4 0.018
1 393.125 1.0 66.0 69.4 7.6 0.0
1 525.909090909 0.0 52.0 53.0 4.0 0.0
3 426.5 3.0 43.6 65.4 5.4 0.122
3 463.5 0.0 55.4 72.2 8.0 0.132
2 666.0 2.0 64.6 79.4 5.4 0.0
1 394.375 0.0 58.0 60.0 18.0 0.0
1 6706.2 2.0 70.8 74.0 7.4 0.0
3 654.0 2.0 64.8 64.6 2.4 0.0
1 1712.54545455 3.0 44.4 63.8 1.4 0.0
2 1724.07142857 0.0 56.0 84.6 5.2 0.0
3 475.0 3.0 58.0 83.0 2.2 0.004
0 466.5 0.0 57.6 55.8 14.2 0.0
2 530.333333333 0.0 46.4 51.4 13.6 0.0
1 544.166666667 0.0 53.6 82.6 3.0 0.0
1 2138.13333333 2.0 63.8 75.4 8.2 0.0
3 495.4 0.0 62.4 71.8 6.0 0.056
3 474.125 2.0 65.6 74.6 4.4 0.0
3 446.25 1.0 72.4 64.6 6.6 0.0
0 444.0 2.0 55.2 78.6 4.0 0.0
2 529.842105263 2.0 66.0 67.0 7.0 0.0
3 611.0 3.0 50.2 54.2 8.2 0.0
3 678.5 1.0 66.2 73.2 7.8 0.0
2 969.85 2.0 52.0 68.0 1.0 0.0
0 1843.0 1.0 69.6 66.0 7.0 0.0
1 448.666666667 0.0 51.0 55.0 5.0 0.0
1 3513.30769231 0.0 60.4 60.0 12.8 0.0
2 558.0 0.0 55.0 78.0 6.0 0.0
1 6149.0 0.0 56.6 73.2 3.4 0.0
3 784.5 0.0 58.6 66.0 5.2 0.0
0 41512.0 2.0 67.6 72.2 7.0 0.0
2 550.230769231 0.0 51.0 60.8 1.8 0.0
0 504.5 0.0 50.6 85.6 7.2 0.458
3 609.142857143 2.0 57.8 36.0 6.0 0.0
1 649.0 2.0 53.6 72.4 4.6 0.0
3 670.5 2.0 68.0 72.0 19.0 0.0
1 376.111111111 3.0 59.6 79.4 7.4 0.002
3 403.5 1.0 68.0 74.0 7.0 0.0
2 618.272727273 0.0 64.8 68.8 7.6 0.0
2 607.15 2.0 65.2 72.6 5.0 0.0
2 398.416666667 0.0 61.4 55.0 10.0 0.0
1 8612.0 2.0 72.2 63.6 5.0 0.0
1 6274.66666667 0.0 54.4 61.8 10.2 0.0
3 334.5 0.0 63.2 62.2 5.6 0.0
3 373.833333333 0.0 60.8 72.8 5.4 0.0
0 1265.0 0.0 61.4 55.0 10.0 0.0
2 564.7 0.0 54.4 85.4 3.6 0.002
3 501.0 0.0 63.0 66.0 15.0 0.0
3 523.0 0.0 58.8 65.8 6.2 0.006
0 620.0 0.0 52.8 67.2 3.2 0.0
1 951.166666667 2.0 58.6 73.2 3.4 0.0
2 642.285714286 1.0 69.0 71.2 7.6 0.0
3 571.142857143 0.0 53.0 83.0 2.6 0.0
3 586.0 2.0 65.4 46.8 3.6 0.0
1 3871.0 0.0 55.8 81.4 3.4 0.006
1 3536.22222222 0.0 54.6 52.0 3.4 0.0
0 502.5 0.0 64.6 67.0 8.2 0.0
0 415.0 3.0 50.6 72.8 4.2 0.0
3 466.75 0.0 59.6 66.8 6.2 0.0
2 489.857142857 3.0 50.6 72.8 4.2 0.0
1 683.714285714 0.0 47.0 69.0 3.0 0.0
1 8299.0 2.0 62.6 71.4 6.2 0.002
1 608.230769231 2.0 57.4 72.2 3.0 0.0
1 409.222222222 1.0 68.6 70.2 8.2 0.0
2 441.0 2.0 70.6 65.6 4.4 0.0
2 443.3 0.0 56.0 73.0 7.0 0.036
1 11360.6 0.0 59.4 60.4 3.6 0.0
3 685.6 2.0 66.0 64.0 9.6 0.0
1 2331.54545455 0.0 61.6 42.8 10.6 0.0
3 431.4 0.0 53.6 46.8 4.2 0.0
3 619.636363636 2.0 67.2 71.2 7.2 0.0
1 4220.6 1.0 62.2 65.6 6.4 0.0
1 537.0 3.0 60.0 83.4 4.4 0.018
1 492.230769231 0.0 61.8 48.6 4.6 0.0
2 3867.73333333 0.0 61.4 72.8 6.2 0.0
2 445.8 3.0 43.6 65.4 5.4 0.122
2 635.090909091 0.0 57.2 70.6 8.0 0.0
2 416.5 2.0 60.0 66.8 5.2 0.0
1 757.888888889 2.0 54.8 63.2 2.4 0.0
2 474.823529412 0.0 55.0 74.0 4.0 0.0
0 580.0 0.0 57.4 81.4 8.6 0.296
3 566.5 0.0 60.0 61.0 8.0 0.0
2 1172.84210526 0.0 58.0 75.0 7.0 0.0
1 477.625 3.0 54.0 83.0 8.0 0.13
2 550.416666667 0.0 52.4 81.0 2.6 0.0
3 759.5 2.0 62.0 61.0 14.0 0.0
3 526.0 0.0 60.8 74.8 3.2 0.0
1 582.571428571 0.0 60.0 74.0 9.6 0.0
1 1570.85714286 2.0 68.6 56.8 5.0 0.0
3 812.5 0.0 74.8 35.2 4.2 0.0
1 655.0 3.0 51.4 63.4 1.2 0.0
2 453.590909091 2.0 65.8 66.2 4.6 0.0
2 5957.58333333 1.0 67.4 63.8 8.4 0.0
1 3179.75 0.0 60.2 60.0 5.4 0.0
3 382.8 0.0 60.0 68.0 7.0 0.0
3 387.5 0.0 60.6 79.8 5.0 0.0
3 412.166666667 0.0 67.0 49.6 6.0 0.0
0 356.0 2.0 53.8 70.8 1.2 0.0
3 494.5 0.0 57.0 67.0 5.0 0.0
3 674.25 0.0 57.2 74.2 7.8 0.19
2 842.083333333 0.0 53.6 70.2 3.0 0.0
1 497.0 0.0 55.2 76.8 8.4 0.22
3 996.75 2.0 62.0 61.6 2.2 0.0
1 535.5 0.0 56.6 46.2 3.6 0.0
2 611.7 2.0 53.8 70.8 1.2 0.0
3 507.0 3.0 59.8 81.2 3.0 0.028
1 6091.77777778 2.0 65.8 70.4 7.4 0.0
3 245.0 0.0 55.4 89.2 2.6 0.0
1 550.125 1.0 64.2 69.0 7.8 0.0
1 449.5 2.0 66.8 70.0 6.8 0.0
1 376.111111111 1.0 69.0 71.0 8.0 0.0
1 498.666666667 3.0 46.2 70.8 2.2 0.0
0 415.0 2.0 55.4 66.0 6.0 0.0
2 556.5 0.0 62.0 62.4 11.0 0.0
3 484.166666667 2.0 56.0 64.8 3.4 0.0
3 774.333333333 0.0 75.4 35.6 5.2 0.0
2 1446.71428571 2.0 63.4 62.4 4.0 0.0
2 900.695652174 1.0 68.4 65.0 6.0 0.0
2 7453.30769231 2.0 68.0 65.8 9.0 0.0
3 512.0 2.0 65.4 76.0 6.2 0.32
3 735.0 2.0 68.0 65.8 9.0 0.0
3 984.555555556 2.0 57.0 71.0 4.0 0.0
1 2035.44444444 2.0 60.0 66.8 5.2 0.0
1 1670.41176471 1.0 68.6 68.4 7.0 0.0
3 779.714285714 0.0 51.8 77.6 1.6 0.0
3 357.0 0.0 60.6 83.2 11.4 0.456
3 437.0 1.0 71.0 68.0 6.2 0.0
1 521.777777778 2.0 67.6 59.4 5.4 0.0
1 1629.78571429 2.0 56.2 69.6 4.2 0.0
0 470.0 0.0 56.0 63.0 8.0 0.0
0 255028.0 1.0 68.8 70.2 7.2 0.0
2 466.761904762 0.0 52.8 67.2 3.2 0.0
2 693.142857143 0.0 63.2 62.4 6.4 0.0
2 587.5 0.0 57.6 82.4 11.0 0.104
2 1298.21428571 0.0 60.4 62.0 10.8 0.0
2 534.5 0.0 57.8 78.6 3.6 0.0
1 1239.33333333 3.0 51.6 56.8 10.4 0.0
2 555.333333333 0.0 57.4 81.4 8.6 0.296
3 4754.3 2.0 68.6 64.0 5.8 0.0
1 2737.9375 3.0 50.6 72.8 4.2 0.0
3 598.0 0.0 52.8 67.2 3.2 0.0
3 1461.14285714 1.0 62.0 68.4 8.0 0.0
1 827.714285714 2.0 71.8 53.2 3.8 0.0
1 1984.0 1.0 65.8 72.0 9.0 0.0
0 1240.5 3.0 49.6 70.2 3.2 0.0
1 2559.0 2.0 56.6 69.0 5.2 0.0
2 452.0 1.0 63.6 62.8 9.0 0.0
2 976.666666667 2.0 57.8 61.4 2.4 0.0
2 386.4 2.0 60.2 78.4 3.2 0.004
0 405.0 2.0 56.8 88.4 5.4 0.348
1 1160.33333333 3.0 48.0 71.2 2.2 0.0
2 799.409090909 3.0 60.6 76.8 3.6 0.002
2 613.428571429 0.0 61.4 70.4 3.8 0.0
1 607.0 3.0 57.6 81.4 2.0 0.014
2 21683.75 1.0 65.6 69.8 8.6 0.0
1 721.133333333 2.0 59.0 50.6 1.2 0.0
2 491.235294118 0.0 59.4 69.8 10.0 0.054
2 606.555555556 0.0 57.0 60.6 3.8 0.0
1 547.0 1.0 69.0 68.6 8.0 0.0
1 724.2 0.0 63.6 70.6 8.0 0.0
2 1515.47619048 1.0 68.0 70.4 8.0 0.0
1 550.888888889 1.0 64.6 71.4 6.4 0.0
3 1588.0 2.0 59.8 70.0 3.0 0.0
2 961.666666667 3.0 51.6 56.8 10.4 0.0
0 683.5 0.0 59.0 71.8 8.2 0.0
0 547.5 0.0 60.2 60.6 9.2 0.0
1 618.0 0.0 53.0 69.0 5.0 0.0
2 1041.1 0.0 59.2 68.6 8.2 0.02
0 25841.0 1.0 65.6 69.8 8.6 0.0
3 644.2 1.0 64.8 65.8 7.2 0.0
0 480.666666667 0.0 61.6 69.6 5.8 0.0
2 545.866666667 0.0 70.0 48.0 5.2 0.0
1 2717.5 1.0 72.6 66.6 7.4 0.0
1 411.5 0.0 57.4 81.4 8.6 0.296
1 590.666666667 0.0 52.8 62.6 2.4 0.0
2 1105.5 2.0 60.6 66.4 6.6 0.0
2 1013.85714286 0.0 62.0 62.2 5.6 0.0
0 382.666666667 0.0 64.8 68.8 7.6 0.0
2 3592.9375 0.0 53.8 57.8 9.0 0.0
2 471.894736842 2.0 59.0 50.6 1.2 0.0
3 411.571428571 0.0 54.0 68.6 5.8 0.0
0 722.0 0.0 60.2 60.0 5.4 0.0
3 426.571428571 1.0 68.4 75.0 6.2 0.0
1 487.3 0.0 55.0 63.0 6.0 0.0
3 627.0 2.0 69.0 76.8 6.4 0.0
2 708.625 2.0 61.8 69.2 3.4 0.0
3 497.833333333 2.0 60.4 64.8 5.6 0.0
1 497.5 2.0 54.0 69.2 6.0 0.0
1 3161.27272727 2.0 55.2 76.6 2.6 0.0
1 3136.14285714 0.0 56.6 57.2 7.0 0.0
1 1377.0 2.0 69.8 54.2 4.2 0.0
3 568.636363636 1.0 68.6 70.4 7.0 0.0
3 749.142857143 2.0 61.8 59.2 5.2 0.0
2 769.2 1.0 60.0 67.0 12.0 0.0
1 2261.61538462 2.0 55.0 77.0 1.0 0.0
1 5494.90909091 0.0 59.2 62.2 6.2 0.0
0 200.0 1.0 69.0 73.0 6.8 0.0
3 6069.375 0.0 53.0 73.0 3.0 0.0
0 252.0 0.0 61.0 56.4 6.0 0.0
2 807.1 0.0 42.8 69.4 2.0 0.0
1 4991.54545455 2.0 67.2 71.2 7.2 0.0
2 1496.26315789 2.0 64.0 61.0 8.0 0.0
2 513.285714286 3.0 52.0 64.0 1.0 0.0
0 543.0 0.0 67.2 36.4 7.4 0.0
2 3385.16666667 2.0 65.8 70.4 7.4 0.0
1 4400.66666667 2.0 69.6 68.4 7.0 0.0
2 639.7 1.0 67.6 75.4 7.2 0.0
1 577.7 0.0 65.0 68.0 5.0 0.0
2 425.461538462 0.0 56.0 86.0 5.0 0.0
2 533.695652174 2.0 63.0 79.6 6.4 0.0
0 458.0 2.0 67.0 72.0 11.0 0.0
3 469.666666667 1.0 67.2 69.8 9.4 0.004
2 557.75 3.0 47.0 62.0 5.0 0.0
3 445.166666667 0.0 56.2 47.0 1.8 0.0
2 1047.54166667 1.0 68.4 75.0 6.2 0.0
2 420.0 1.0 69.4 72.8 7.6 0.0
1 835.0 0.0 52.2 52.8 1.8 0.0
1 461.545454545 2.0 64.8 78.0 6.2 0.0
2 644.0 0.0 61.0 71.0 10.0 0.0
2 1571.06666667 2.0 65.8 55.4 5.0 0.0
1 636.8 0.0 54.0 64.0 7.0 0.0
3 470.875 0.0 56.0 65.6 5.8 0.014
3 566.75 0.0 59.0 89.0 6.0 0.03
2 510.952380952 0.0 60.2 60.6 9.2 0.0
1 565.1 0.0 59.4 64.2 8.6 0.0
1 1668.66666667 2.0 60.6 63.0 4.2 0.0
3 367.0 2.0 74.6 41.8 3.4 0.0
1 533.3125 2.0 51.0 74.0 1.0 0.0
2 713.421052632 1.0 69.0 68.6 8.0 0.0
3 447.0 0.0 57.4 60.6 4.4 0.0
2 845.047619048 0.0 59.0 73.0 9.0 0.0
3 1771.25 2.0 70.0 66.8 7.2 0.0
3 415.75 1.0 71.2 70.2 9.0 0.0
3 12462.0 1.0 64.6 71.4 6.4 0.0
2 1034.33333333 2.0 53.6 72.4 4.6 0.0
3 558.666666667 1.0 65.6 71.4 9.4 0.0
0 493.0 0.0 54.4 61.8 10.2 0.0
3 1280.0 0.0 52.4 64.0 2.2 0.0
2 520.25 1.0 65.6 57.4 6.6 0.0
3 292.5 2.0 69.2 70.4 6.8 0.0
3 457.375 0.0 52.0 68.2 4.6 0.02
1 449.333333333 0.0 53.0 86.0 8.0 0.096
0 932.0 0.0 56.0 61.0 4.4 0.0
2 296.5 2.0 59.0 81.0 4.0 0.0
1 4206.0 0.0 52.4 64.0 2.2 0.0
0 412.5 2.0 60.8 58.6 3.2 0.0
3 849.333333333 3.0 57.6 81.4 2.0 0.014
3 459.5 2.0 56.2 69.6 4.2 0.0
3 471.5 0.0 62.4 55.4 5.8 0.0
2 748.4 2.0 65.0 64.6 9.6 0.0
2 555.642857143 0.0 60.0 45.0 7.8 0.0
1 6409.44444444 0.0 58.4 81.4 4.2 0.0
3 319.0 0.0 59.2 60.6 9.4 0.0
1 2756.3 0.0 57.6 83.4 3.0 0.0
2 575.916666667 2.0 56.0 71.0 13.0 0.0
0 285.0 1.0 69.6 56.8 6.8 0.0
1 2463.35714286 2.0 61.4 61.0 3.6 0.0
1 8333.2 2.0 68.6 68.8 5.8 0.0
0 669.666666667 0.0 56.4 67.4 4.2 0.0
3 954.1 2.0 67.2 67.8 5.6 0.0
3 670.857142857 0.0 55.0 63.0 6.0 0.0
3 560.5 2.0 60.4 62.6 4.4 0.0
2 825.5 0.0 57.0 83.0 5.0 0.0
1 716.5 3.0 55.0 78.2 7.2 0.024
1 419.833333333 1.0 62.6 66.8 8.0 0.0
2 442.941176471 0.0 58.2 65.2 4.4 0.0
1 513.0 2.0 61.8 59.2 5.2 0.0
2 445.0 2.0 55.0 63.0 5.0 0.0
1 583.285714286 1.0 68.0 66.0 7.4 0.0
1 789.0 0.0 52.0 51.0 4.0 0.0
3 433.2 2.0 53.0 69.2 1.0 0.0
3 398.333333333 2.0 55.4 66.0 6.0 0.0
3 399.0 1.0 62.4 67.4 8.0 0.0
3 506.875 0.0 61.0 64.0 17.0 0.0
1 3513.22222222 2.0 55.0 78.0 3.0 0.0
2 489.875 2.0 56.4 79.2 4.6 0.208
2 495.0 3.0 50.6 61.4 7.4 0.0
2 2114.84615385 1.0 69.0 72.2 6.8 0.0
2 433.8 1.0 63.2 70.4 9.6 0.0
1 498.8 0.0 57.6 55.8 14.2 0.0
3 861.5 2.0 62.0 60.0 7.0 0.0
1 701.076923077 1.0 67.2 67.6 9.0 0.0
3 278.0 0.0 58.6 71.0 8.6 0.0
2 3289.625 1.0 68.0 69.0 9.0 0.0
1 701.166666667 0.0 62.0 62.2 5.6 0.0
0 6341.0 0.0 52.8 65.8 4.4 0.0
1 498.0 0.0 58.4 63.4 8.4 0.0
3 597.5 1.0 69.0 68.6 8.0 0.0
1 440.4 0.0 51.4 71.6 3.0 0.0
0 1408.0 0.0 61.6 64.8 8.2 0.004
0 9924.0 2.0 60.6 63.0 4.2 0.0
2 455.692307692 0.0 66.0 61.0 8.0 0.0
3 433.666666667 2.0 56.4 79.2 4.6 0.208
2 1615.23529412 0.0 63.0 57.2 7.8 0.0
3 532.0 2.0 69.8 54.2 4.2 0.0
1 1147.8 0.0 44.6 45.4 3.8 0.0
3 491.25 1.0 61.4 66.2 8.8 0.0
2 762.230769231 2.0 53.8 54.2 2.2 0.0
2 1896.76190476 0.0 58.0 70.0 3.0 0.0
3 1177.0 0.0 63.0 66.2 7.2 0.0
1 416.111111111 1.0 68.0 70.4 8.0 0.0
2 2901.66666667 0.0 62.0 65.4 9.4 0.0
2 938.0 0.0 52.0 68.2 4.6 0.02
1 645.833333333 0.0 63.2 62.2 5.6 0.0
2 1027.42857143 3.0 52.6 82.2 3.0 0.172
3 621.0 0.0 47.8 69.0 1.0 0.0
0 330.0 2.0 66.2 73.6 6.2 0.0
3 485.833333333 0.0 60.4 70.4 2.0 0.0
3 527.285714286 2.0 64.8 78.0 6.2 0.0
1 7633.625 0.0 64.8 46.8 8.4 0.0
1 2249.33333333 0.0 56.0 78.0 8.0 0.78
2 2245.0 1.0 70.6 60.2 6.2 0.0
1 627.153846154 1.0 67.8 73.0 7.2 0.0
2 476.736842105 2.0 65.2 72.2 3.2 0.002
2 454.777777778 1.0 68.0 66.8 7.8 0.0
1 811.769230769 2.0 62.8 61.0 6.2 0.0
2 4165.55555556 0.0 62.0 62.0 5.0 0.0
3 407.888888889 3.0 50.6 61.4 7.4 0.0
2 942.0 0.0 54.2 59.2 7.8 0.0
3 430.0 0.0 59.6 71.6 7.0 0.0
1 455.5 1.0 69.6 56.8 6.8 0.0
0 435.0 2.0 58.0 66.0 7.0 0.0
0 579.5 0.0 60.2 70.0 6.6 0.0
1 303.5 3.0 60.4 82.8 6.4 0.028
1 467.25 0.0 61.4 71.8 6.4 0.012
0 409.0 2.0 63.0 30.0 14.0 0.0
1 4152.27272727 1.0 68.2 68.8 8.0 0.0
2 2544.82352941 1.0 67.2 67.6 9.0 0.0
2 592.4 1.0 65.0 66.4 6.6 0.0
1 4132.625 0.0 60.0 66.4 7.4 0.0
1 434.461538462 0.0 57.8 68.0 9.0 0.0
3 498.75 2.0 69.6 68.4 7.0 0.0
1 615.8 2.0 67.2 40.2 2.8 0.002
2 436.5 1.0 66.0 70.0 9.0 0.0
2 581.0 0.0 60.0 64.8 7.4 0.0
3 359.0 2.0 68.6 68.8 5.8 0.0
3 560.833333333 3.0 46.2 70.8 2.2 0.0
3 482.571428571 1.0 68.6 68.4 7.0 0.0
2 3197.45454545 0.0 57.6 65.4 6.0 0.0
1 6702.08333333 0.0 50.0 67.0 5.0 0.0
0 426.0 1.0 72.6 66.6 7.4 0.0
3 515.0 0.0 59.0 71.8 8.2 0.0
1 386.1 0.0 58.0 65.8 7.8 0.0
3 789.0 2.0 64.8 74.6 9.0 0.106
1 1605.33333333 3.0 62.8 79.4 5.0 0.094
1 488.625 0.0 75.4 35.6 5.2 0.0
3 548.333333333 0.0 57.6 83.4 3.0 0.0
3 646.0 2.0 59.2 73.8 4.2 0.0
0 832.0 1.0 68.6 68.4 7.0 0.0
3 411.75 2.0 64.0 48.6 3.4 0.0
3 473.222222222 0.0 57.0 48.0 13.0 0.0
1 464.6 2.0 68.6 64.0 5.8 0.0
0 247.0 2.0 57.0 75.2 5.8 0.01
1 508.0 1.0 68.0 71.2 8.4 0.0
2 431.428571429 2.0 53.4 63.6 3.2 0.0
2 5828.8 2.0 56.0 88.0 4.0 0.32
2 572.260869565 2.0 55.2 57.6 3.0 0.0
3 1233.5 0.0 52.6 72.0 5.2 0.032
1 2014.14285714 0.0 60.4 55.0 10.6 0.0
2 507.866666667 0.0 58.4 50.0 4.4 0.0
2 444.076923077 1.0 65.2 63.8 10.2 0.0
3 641.125 2.0 62.0 46.6 8.4 0.0
3 493.75 1.0 69.8 71.2 6.6 0.0
0 760.0 0.0 59.0 84.0 4.0 0.0
3 416.8 2.0 67.0 71.0 8.0 0.0
2 407.636363636 0.0 63.0 71.0 8.0 0.0
3 566.5 0.0 47.6 69.0 2.0 0.0
0 1374.66666667 2.0 60.0 55.0 3.0 0.0
1 535.111111111 0.0 54.0 60.0 4.0 0.0
1 826.0 0.0 59.0 65.0 13.0 0.74
0 356.0 2.0 69.0 76.8 6.4 0.0
2 480.083333333 3.0 40.2 49.2 4.2 0.0
2 459.2 0.0 50.0 90.0 7.0 0.64
2 337.0 0.0 59.0 72.0 13.0 0.0
2 558.0 0.0 49.0 87.0 2.0 0.0
3 458.5 0.0 59.0 75.0 8.0 0.0
2 1323.14285714 0.0 60.2 72.8 2.4 0.0
3 2280.33333333 1.0 67.2 69.0 6.2 0.0
1 3303.25 1.0 67.2 69.0 6.2 0.0
1 2464.16666667 0.0 57.8 78.6 3.6 0.0
1 2419.75 3.0 58.0 76.2 2.8 0.004
3 605.0 3.0 56.0 84.0 3.0 0.0
2 523.5 0.0 55.6 85.8 5.0 0.006
1 442.166666667 3.0 61.6 80.6 4.6 0.006
3 556.5 2.0 65.4 70.0 6.8 0.0
3 472.714285714 2.0 56.0 85.8 3.4 0.184
2 792.4 0.0 56.4 67.4 4.2 0.0
3 1830.6 1.0 65.6 69.8 8.6 0.0
3 598.0 0.0 51.4 77.6 9.6 0.268
1 804.7 2.0 54.6 59.4 5.2 0.0
1 432.272727273 2.0 60.4 64.8 5.6 0.0
3 582.0 0.0 56.0 61.0 8.0 0.0
3 592.25 2.0 52.2 73.6 3.2 0.0
1 900.235294118 0.0 60.2 70.0 6.6 0.0
3 771.75 2.0 59.2 62.4 4.2 0.0
2 2893.8 0.0 52.4 62.2 7.0 0.002
1 640.529411765 2.0 62.0 64.2 3.4 0.0
3 532.5 2.0 74.0 41.4 3.6 0.0
1 575.5 0.0 59.6 66.8 6.2 0.0
2 792.722222222 0.0 69.4 63.8 5.0 0.0
2 799.0 0.0 57.4 53.0 6.2 0.0
2 985.285714286 2.0 69.2 72.8 5.2 0.0
0 713.0 0.0 57.2 59.0 3.4 0.0
2 536.75 2.0 54.0 69.2 6.0 0.0
3 486.076923077 2.0 54.8 53.8 4.8 0.0
0 686.0 0.0 57.8 75.4 10.6 0.762
1 2840.1 0.0 60.8 72.8 5.4 0.0
3 120941.0 0.0 57.4 81.4 8.6 0.296
2 465.857142857 0.0 59.4 47.4 4.0 0.0
1 663.928571429 0.0 75.4 45.6 4.4 0.0
1 2178.06666667 0.0 60.4 70.4 2.0 0.0
3 442.0 2.0 60.0 72.0 8.0 0.0
2 11012.5 0.0 61.8 67.6 10.8 0.0
2 1253.05 1.0 67.8 73.0 7.2 0.0
3 344.5 3.0 53.0 80.4 6.0 0.104
1 473.125 0.0 60.6 79.8 5.0 0.0
3 362.0 3.0 55.0 80.0 11.0 0.02
2 487.230769231 0.0 60.8 68.2 6.8 0.0
1 393.727272727 0.0 57.0 72.0 13.0 0.0
3 1422.5 2.0 69.2 72.8 5.2 0.0
3 602.625 2.0 58.6 78.4 4.2 0.0
1 2802.08333333 1.0 70.6 67.2 7.0 0.0
1 422.875 1.0 62.0 76.0 9.0 0.0
3 537.4 2.0 57.6 66.8 2.0 0.0
2 625.090909091 1.0 66.6 73.2 7.4 0.0
0 780.0 0.0 53.0 86.0 8.0 0.096
0 366.5 0.0 56.6 46.2 3.6 0.0
3 493.8 1.0 70.6 65.4 8.0 0.002
1 2947.66666667 0.0 59.8 65.2 3.4 0.0
1 453.916666667 0.0 53.4 81.8 4.6 0.004
3 457.333333333 2.0 55.8 67.0 1.8 0.0
3 383.625 2.0 57.8 77.2 3.4 0.0
0 662.0 0.0 47.8 69.0 1.0 0.0
0 424.0 0.0 59.2 62.2 6.2 0.0
1 2608.25 1.0 66.4 74.8 8.0 0.0
3 872.4 1.0 66.2 71.4 8.4 0.0
2 4571.28571429 3.0 53.2 82.6 12.2 0.564
1 461.142857143 2.0 58.2 70.0 4.0 0.0
1 5392.125 0.0 57.0 71.0 6.0 0.0
2 451.210526316 0.0 60.6 58.2 6.8 0.0
3 502.777777778 0.0 60.0 74.0 9.6 0.0
1 613.0 2.0 53.0 72.2 2.0 0.0
1 1734.75 0.0 49.2 58.0 1.6 0.0
1 378.0 2.0 61.0 80.0 8.0 0.32
3 498.75 0.0 60.0 45.0 7.8 0.0
1 554.25 0.0 58.6 66.0 5.2 0.0
3 468.0 1.0 66.0 69.4 7.6 0.0
2 2381.125 1.0 69.2 68.4 6.2 0.0
3 392.0 0.0 50.8 71.8 4.6 0.0
1 21679.0 1.0 71.0 68.0 6.2 0.0
2 584.111111111 2.0 59.8 80.6 8.6 0.056
3 682.0 2.0 65.8 70.4 7.4 0.0
1 504.666666667 0.0 54.2 59.2 7.8 0.0
2 526.647058824 1.0 69.0 73.0 6.8 0.0
1 1293.25 1.0 64.0 53.4 7.2 0.0
2 438.0 0.0 54.0 72.0 4.4 0.0
2 384.0 0.0 53.0 86.0 8.0 0.096
3 657.666666667 1.0 67.0 71.0 9.0 0.0
1 436.818181818 0.0 58.4 65.8 3.2 0.0
0 945.0 0.0 57.0 68.0 8.0 0.01
2 497.583333333 0.0 50.0 84.0 4.0 0.0
1 419.333333333 0.0 63.8 72.2 7.8 0.0
2 452.055555556 2.0 58.0 68.0 4.0 0.0
2 983.823529412 2.0 57.0 73.0 4.4 0.0
3 484.166666667 2.0 61.2 59.0 3.6 0.032
1 404.5 2.0 62.6 74.2 6.0 0.006
2 489.214285714 2.0 62.0 64.2 3.4 0.0
3 473.666666667 1.0 69.0 73.0 6.8 0.0
3 634.833333333 2.0 64.8 71.0 7.6 0.0
0 552.5 0.0 57.4 75.6 7.0 0.014
3 505.666666667 1.0 69.6 56.8 6.8 0.0
1 2659.88888889 2.0 62.0 80.0 15.0 0.0
2 458.875 0.0 56.0 66.6 5.4 0.022
3 505.3 0.0 58.4 81.4 4.2 0.0
3 6880.5 0.0 60.8 56.6 8.4 0.0
1 740.0 0.0 57.4 60.6 4.4 0.0
3 559.0 0.0 60.2 72.0 11.0 0.092
3 620.0 0.0 57.4 71.2 5.6 0.0
0 520.0 0.0 47.0 70.0 4.2 0.0
2 1142.77777778 2.0 60.0 73.6 3.2 0.0
0 418.0 2.0 61.8 73.6 1.4 0.0
3 504.8 1.0 66.4 74.8 8.0 0.0
2 471.95 1.0 61.4 66.2 8.8 0.0
0 584.0 2.0 60.2 78.4 3.2 0.004
1 925.333333333 0.0 61.0 61.0 9.0 0.0
3 458.0 0.0 50.2 91.2 2.2 0.0
3 520.0 0.0 63.8 72.2 7.8 0.0
0 378.0 0.0 58.0 65.8 7.8 0.0
3 401.333333333 0.0 67.0 55.0 6.0 0.0
2 449.666666667 3.0 53.2 63.8 1.6 0.0
1 460.0 3.0 52.6 82.2 3.0 0.172
0 584.0 2.0 67.2 35.6 2.4 0.0
2 1112.0 0.0 49.2 58.0 1.6 0.0
2 865.944444444 0.0 61.4 73.0 8.2 0.0
3 319.0 0.0 62.0 62.2 5.6 0.0
2 630.166666667 0.0 58.6 57.6 3.4 0.0
3 1313.7 0.0 55.8 81.4 3.4 0.006
0 423.0 0.0 58.2 57.0 3.0 0.0
3 522.5 0.0 45.8 74.0 2.4 0.0
3 568.75 2.0 60.6 58.2 2.0 0.0
3 362.5 0.0 56.0 73.0 7.0 0.036
2 472.866666667 2.0 54.8 63.2 2.4 0.0
0 640.0 0.0 72.8 36.6 5.0 0.0
2 390.823529412 0.0 56.8 69.0 8.6 0.0
3 483.0 2.0 62.6 64.8 4.4 0.0
3 489.0 2.0 60.2 70.2 6.8 0.042
2 8985.06666667 2.0 65.0 70.0 11.0 0.0
2 568.818181818 2.0 60.2 70.2 6.8 0.042
1 544.272727273 0.0 67.8 60.8 6.6 0.0
2 1349.92857143 0.0 53.6 82.6 3.0 0.0
1 370.0 3.0 52.0 64.0 1.2 0.0
0 412.0 0.0 53.4 81.8 4.6 0.004
1 1104.9 0.0 50.0 56.0 5.0 0.0
1 541.9 1.0 68.4 75.0 6.2 0.0
1 1165.0 2.0 61.8 69.2 3.4 0.0
3 367.333333333 2.0 65.2 42.4 2.4 0.0
1 9060.75 0.0 53.2 55.0 1.8 0.0
