3 1016.5 2.0 69.8 54.2 4.2 0.0
2 780.615384615 0.0 58.0 68.0 9.0 0.0
1 741.0 3.0 54.0 54.0 2.0 0.0
1 527.0 2.0 55.0 65.0 2.0 0.0
1 4188.4 1.0 61.0 74.0 9.0 0.0
3 214.0 0.0 61.6 42.8 10.6 0.0
2 693.0 0.0 66.0 61.0 8.0 0.0
1 601.5 2.0 53.2 73.8 3.0 0.0
2 1135.16666667 2.0 61.4 68.4 4.2 0.0
1 723.75 2.0 52.2 67.0 2.0 0.0
2 2212.25 2.0 55.2 76.6 2.6 0.0
1 1084.5 0.0 60.2 72.8 2.4 0.0
2 1540.4 2.0 69.2 72.8 5.2 0.0
3 331.0 2.0 59.6 78.8 3.6 0.004
2 954.25 1.0 64.2 69.0 7.8 0.0
2 530.5 0.0 59.8 57.8 6.2 0.0
3 641.5 2.0 70.2 64.4 4.2 0.0
2 13609.0 2.0 60.8 76.4 3.0 0.0
3 1105.5 2.0 59.2 62.4 4.2 0.0
2 736.222222222 2.0 52.2 73.6 3.2 0.0
2 1101.86666667 1.0 69.4 72.8 7.6 0.0
3 1262.38461538 2.0 65.6 75.0 8.0 0.0
3 223.0 0.0 52.4 62.2 7.0 0.002
1 5191.75 2.0 69.0 76.8 6.4 0.0
3 393.666666667 1.0 65.0 68.0 10.0 0.0
2 1237.5 0.0 64.0 61.2 11.6 0.0
1 446.2 1.0 68.8 70.2 7.2 0.0
2 1177.0 3.0 48.2 69.2 1.0 0.0
2 595.666666667 0.0 60.8 67.4 6.6 0.0
2 470.25 3.0 52.8 78.2 5.0 0.0
3 1140.83333333 0.0 65.6 60.0 4.0 0.0
3 946.0 3.0 50.4 82.2 1.8 0.004
2 590.333333333 3.0 56.0 76.6 8.6 0.306
1 636.0 3.0 54.0 74.0 7.0 0.0
3 528.5 0.0 67.8 60.8 6.6 0.0
2 674.888888889 1.0 69.0 68.0 11.0 0.0
1 339.0 0.0 53.4 85.8 3.0 0.0
3 29258.6666667 2.0 76.2 52.8 4.2 0.0
3 282.0 0.0 54.4 66.8 4.8 0.0
2 3733.5 0.0 63.0 60.0 6.0 0.0
1 837.0 2.0 55.4 68.6 3.6 0.0
3 708.333333333 0.0 57.4 67.2 5.6 0.0
1 1992.22222222 0.0 53.0 54.6 1.4 0.0
3 259.0 1.0 67.8 68.8 6.8 0.0
0 633.0 2.0 62.0 61.6 2.2 0.0
2 553.777777778 2.0 64.8 78.0 6.2 0.0
3 750.6 2.0 64.8 78.0 6.2 0.0
3 392.333333333 1.0 63.2 65.0 7.2 0.0
1 1292.66666667 2.0 56.6 66.6 2.4 0.0
1 572.5 0.0 58.6 75.4 4.8 0.0
3 1033.0 2.0 54.6 66.8 1.6 0.0
2 4338.5 0.0 49.0 75.8 8.0 0.22
2 1510.33333333 0.0 45.8 74.0 2.4 0.0
2 529.166666667 0.0 47.0 70.0 4.2 0.0
3 859.0 2.0 57.8 36.0 6.0 0.0
2 375.333333333 0.0 48.8 60.2 4.6 0.0
2 504.066666667 0.0 51.4 71.6 3.0 0.0
2 675.8 0.0 48.8 70.8 5.8 0.0
2 576.222222222 2.0 60.2 78.4 3.2 0.004
2 1431.8 1.0 70.4 48.2 6.0 0.0
3 1537.0 0.0 60.4 78.8 7.2 0.0
2 2639.0 0.0 53.8 84.8 3.0 0.0
3 234.0 2.0 68.6 64.0 5.8 0.0
3 504.5 0.0 55.2 74.6 3.6 0.002
2 535.071428571 2.0 58.6 78.4 4.2 0.0
1 1822.5 0.0 50.8 48.6 1.8 0.0
1 684.0 2.0 65.4 70.0 6.8 0.0
2 786.722222222 0.0 73.0 42.8 5.2 0.0
1 820.0 3.0 53.2 63.8 1.6 0.0
3 282.5 0.0 58.2 73.4 1.8 0.0
2 1676.8 0.0 64.2 44.2 9.0 0.0
1 4655.5 0.0 51.2 68.6 5.8 0.0
1 753.0 0.0 46.4 51.4 13.6 0.0
1 606.0 0.0 54.6 60.6 3.4 0.0
1 400.0 2.0 60.2 78.4 3.2 0.004
3 322.5 0.0 57.2 70.6 8.0 0.0
1 728.333333333 0.0 52.8 62.6 2.4 0.0
1 481.375 1.0 65.6 57.4 6.6 0.0
2 5367.25 0.0 60.2 72.0 11.0 0.092
2 2234.57142857 1.0 68.0 69.8 7.2 0.0
2 2332.375 0.0 52.4 64.0 2.2 0.0
2 510.454545455 0.0 58.4 63.4 8.4 0.0
3 1445.33333333 1.0 64.6 71.4 6.4 0.0
3 263.0 2.0 72.4 50.0 3.8 0.0
2 3825.0 2.0 57.6 66.8 2.0 0.0
2 17091.5 3.0 51.6 56.8 10.4 0.0
2 776.941176471 2.0 65.2 42.4 2.4 0.0
1 367.666666667 0.0 58.0 78.2 4.4 0.0
2 1312.25 0.0 55.4 68.6 7.4 0.008
1 1548.0 0.0 66.4 59.8 4.0 0.0
1 876.666666667 2.0 62.6 71.4 6.2 0.002
2 1608.0 2.0 68.4 73.0 8.4 0.0
3 976.0 1.0 70.0 70.0 7.0 0.0
1 1607.0 2.0 65.0 64.6 9.6 0.0
1 283.333333333 2.0 54.8 63.2 2.4 0.0
1 1121.0 2.0 71.6 43.0 3.6 0.0
1 233.0 0.0 56.4 67.4 4.2 0.0
1 324.5 0.0 60.2 60.6 9.2 0.0
1 642.0 3.0 43.0 45.0 4.0 0.0
3 261.0 2.0 69.6 68.4 7.0 0.0
2 222.0 0.0 46.4 51.4 13.6 0.0
3 754.0 3.0 39.2 60.2 4.6 0.0
2 761.086956522 2.0 67.6 59.4 5.4 0.0
3 274.0 3.0 50.4 63.0 1.8 0.0
3 1044.5 0.0 61.0 65.2 7.0 0.002
1 408.5 2.0 60.4 62.6 4.4 0.0
3 2925.0 0.0 63.0 57.2 7.8 0.0
2 1477.15384615 0.0 54.4 61.8 10.2 0.0
1 215.0 2.0 71.4 65.6 5.8 0.0
3 1181.75 0.0 52.0 68.2 4.6 0.02
2 1503.66666667 0.0 57.6 65.4 6.0 0.0
3 594.666666667 2.0 67.6 59.4 5.4 0.0
3 858.5 2.0 54.0 69.2 6.0 0.0
2 10400.6666667 0.0 67.4 59.0 6.8 0.0
3 1086.0 0.0 61.8 48.6 4.6 0.0
2 800.823529412 2.0 62.8 51.0 3.2 0.0
2 524.083333333 0.0 62.2 64.0 11.6 0.0
1 494.0 0.0 62.2 60.0 5.8 0.0
2 706.545454545 1.0 62.6 66.8 8.0 0.0
3 502.5 2.0 55.6 64.6 6.4 0.002
2 501.333333333 0.0 54.0 72.0 4.4 0.0
1 1204.75 2.0 70.0 66.8 7.2 0.0
1 313.75 3.0 50.4 66.2 1.4 0.0
3 342.0 2.0 64.6 73.0 4.4 0.0
2 7654.77777778 1.0 68.0 66.8 7.8 0.0
2 2138.71428571 1.0 70.6 60.2 6.2 0.0
1 1119.6 0.0 57.0 60.6 3.8 0.0
2 1242.27272727 2.0 59.8 70.0 3.0 0.0
0 230.0 1.0 69.0 71.2 7.6 0.0
2 1154.83333333 2.0 70.6 73.4 6.6 0.002
3 808.0 2.0 57.8 77.2 3.4 0.0
1 2340.83333333 2.0 61.8 69.2 3.4 0.0
2 1622.5 3.0 44.8 62.4 2.4 0.0
2 495.153846154 2.0 55.0 63.0 5.0 0.0
2 610.692307692 2.0 61.4 61.0 3.6 0.0
1 44214.25 2.0 55.2 75.8 7.8 0.002
1 4898.0 1.0 65.2 65.6 9.8 0.0
2 860.5 2.0 60.6 58.2 2.0 0.0
2 2505.625 0.0 69.4 63.8 5.0 0.0
1 516.0 0.0 59.0 87.0 8.0 0.0
2 611.733333333 0.0 60.0 64.8 7.4 0.0
3 5045.5 2.0 66.2 73.6 6.2 0.0
3 529.0 2.0 63.2 68.8 8.8 0.0
1 9145.0 1.0 72.8 64.2 7.4 0.0
3 441.5 0.0 53.6 70.2 3.0 0.0
2 714.833333333 0.0 58.8 75.6 6.4 0.004
2 660.076923077 2.0 59.2 62.4 4.2 0.0
2 729.333333333 2.0 64.0 73.6 6.2 0.0
1 219.5 2.0 56.0 64.0 11.0 0.0
1 338.6 1.0 66.8 72.4 7.2 0.0
2 620.181818182 2.0 70.2 64.4 4.2 0.0
0 864.333333333 0.0 61.4 72.8 6.2 0.0
1 390.666666667 1.0 67.6 72.0 7.6 0.0
2 737.375 0.0 53.2 55.0 1.8 0.0
1 219.0 0.0 63.2 62.4 6.4 0.0
1 8841.0 0.0 58.4 68.8 5.0 0.0
1 927.0 0.0 62.8 67.0 3.4 0.0
2 1114.75 2.0 56.0 69.0 6.0 0.0
1 1155.0 2.0 64.6 73.0 4.4 0.0
3 890.75 2.0 59.0 50.6 1.2 0.0
2 1027.0 1.0 71.4 69.4 5.8 0.0
3 109.0 0.0 69.4 63.8 5.0 0.0
3 762.75 1.0 64.2 69.0 7.8 0.0
2 627.4 0.0 66.0 50.0 6.0 0.0
2 596.0625 0.0 54.6 34.4 9.4 0.0
2 600.1 0.0 62.4 62.8 4.4 0.0
3 409.0 1.0 69.8 67.8 7.6 0.0
3 247.0 2.0 56.2 69.6 4.2 0.0
3 763.5 1.0 68.4 75.0 6.2 0.0
2 884.333333333 0.0 58.6 57.6 3.4 0.0
2 1138.16666667 2.0 63.0 60.2 6.4 0.0
1 372.333333333 0.0 55.4 72.6 2.8 0.0
1 1322.0 2.0 60.0 73.6 3.2 0.0
3 461.0 2.0 57.8 61.4 2.4 0.0
2 3351.55555556 1.0 69.8 67.8 7.6 0.0
1 10111.8 0.0 57.6 65.4 6.0 0.0
3 483.0 2.0 60.4 62.6 4.4 0.0
1 4079.0 3.0 51.4 63.4 1.2 0.0
2 1684.75 0.0 59.4 60.4 3.6 0.0
1 12630.0 1.0 67.8 72.0 8.6 0.0
2 680.785714286 0.0 56.4 45.6 2.4 0.0
1 596.0 0.0 57.6 55.8 14.2 0.0
1 572.857142857 2.0 65.8 68.8 5.6 0.0
3 730.0 3.0 60.0 84.0 4.0 0.0
1 4440.16666667 0.0 56.4 45.6 2.4 0.0
1 644.0 1.0 68.6 66.4 7.4 0.0
3 143.0 1.0 72.6 70.4 7.2 0.0
2 919.0 1.0 67.8 68.8 6.8 0.0
2 667.785714286 2.0 57.6 65.8 9.6 0.0
1 1782.75 2.0 67.2 71.2 7.2 0.0
3 406.0 1.0 73.4 60.8 5.4 0.0
1 4039.0 0.0 57.4 67.2 5.6 0.0
1 678.333333333 3.0 50.6 61.4 7.4 0.0
2 552.636363636 0.0 57.6 67.8 5.2 0.0
2 1342.88888889 0.0 63.0 63.6 7.6 0.0
1 530.25 2.0 67.2 73.2 5.6 0.0
1 1250.0 0.0 52.4 81.0 2.6 0.0
1 1389.75 0.0 53.4 70.4 7.4 0.0
3 223.0 2.0 63.0 75.0 9.0 0.0
3 688.0 0.0 56.2 47.0 1.8 0.0
1 314.4 0.0 56.2 47.0 1.8 0.0
3 430.0 2.0 64.0 48.6 3.4 0.0
1 1418.77777778 1.0 63.2 65.0 7.2 0.0
1 7734.2 2.0 64.0 48.6 3.4 0.0
0 176.0 2.0 62.6 71.4 6.2 0.002
1 316.666666667 2.0 64.8 64.6 2.4 0.0
3 456.5 2.0 61.4 68.4 4.2 0.0
2 490.692307692 3.0 56.0 74.6 6.2 0.0
1 977.0 0.0 59.4 77.0 4.6 0.0
2 614.285714286 0.0 54.0 84.4 3.6 0.0
1 2040.0 2.0 53.8 70.8 1.2 0.0
1 540.5 2.0 66.4 71.8 6.0 0.0
2 466.222222222 1.0 61.4 66.2 8.8 0.0
1 278.666666667 1.0 64.0 73.0 10.0 0.0
1 1614.4 0.0 60.2 72.0 11.0 0.092
2 7233.0 0.0 65.6 60.0 4.0 0.0
2 519.555555556 2.0 58.4 70.0 2.8 0.0
1 14835.5 2.0 66.2 73.6 6.2 0.0
1 5131.83333333 2.0 65.8 55.4 5.0 0.0
3 1109.0 1.0 68.0 70.8 7.4 0.0
3 674.0 0.0 53.0 48.0 1.0 0.0
1 677.5 1.0 77.2 53.0 6.0 0.0
2 684.888888889 1.0 64.8 65.8 7.2 0.0
3 656.333333333 2.0 64.8 71.0 7.6 0.0
1 1022.33333333 2.0 71.4 67.6 4.6 0.0
3 217.0 0.0 59.6 70.2 7.8 0.004
3 530.333333333 3.0 47.8 64.8 1.0 0.0
2 1234.0 3.0 49.6 70.2 3.2 0.0
1 455.5 2.0 62.6 74.2 6.0 0.006
1 546.0 1.0 68.0 66.0 7.4 0.0
2 1911.76923077 0.0 61.0 61.0 9.0 0.0
1 1133.33333333 0.0 58.2 65.2 4.4 0.0
1 337.0 3.0 52.0 64.0 1.2 0.0
1 1408.4 1.0 67.2 67.6 9.0 0.0
2 1678.2 0.0 59.8 65.2 3.4 0.0
2 832.75 0.0 66.0 66.0 5.0 0.0
3 1002.0 1.0 77.2 53.0 6.0 0.0
3 294.0 0.0 56.0 53.4 8.0 0.0
2 1809.875 2.0 69.0 32.0 6.6 0.0
3 340.0 2.0 66.4 71.8 6.0 0.0
1 9527.5 3.0 54.6 69.6 2.0 0.0
2 3333.4 0.0 51.0 60.8 1.8 0.0
2 1566.0 2.0 69.6 68.8 4.8 0.0
3 232.0 2.0 58.4 70.0 2.8 0.0
2 4155.31818182 1.0 68.6 70.4 7.0 0.0
2 1374.33333333 2.0 58.6 81.0 6.6 0.226
1 1797.66666667 3.0 55.0 78.2 7.2 0.024
2 1261.0 2.0 65.8 68.8 5.6 0.0
1 14816.6 0.0 61.4 65.8 4.2 0.0
2 1907.5 2.0 62.6 71.4 6.2 0.002
1 464.0 0.0 60.0 45.0 7.8 0.0
2 796.0 3.0 47.4 65.4 1.0 0.0
2 533.777777778 1.0 77.2 53.0 6.0 0.0
2 638.692307692 0.0 55.2 74.6 3.6 0.002
3 244.0 2.0 56.0 80.2 3.0 0.002
2 1932.0 0.0 65.4 49.4 6.4 0.0
1 6736.85714286 2.0 65.2 42.4 2.4 0.0
2 410.5 0.0 61.6 77.2 18.0 0.696
1 8026.0 0.0 55.8 62.0 6.6 0.002
3 771.0 0.0 62.2 68.4 5.6 0.0
1 797.666666667 0.0 56.0 84.6 5.2 0.0
0 335.0 0.0 56.0 53.4 8.0 0.0
2 1520.91666667 0.0 52.8 70.2 6.6 0.008
1 611.5 0.0 58.8 70.0 6.8 0.0
1 861.333333333 3.0 50.0 66.6 8.4 0.0
3 315.5 2.0 67.0 41.0 4.0 0.0
2 1331.10526316 1.0 70.0 70.0 7.0 0.0
0 5193.0 0.0 48.8 60.2 4.6 0.0
2 539.2 3.0 60.6 76.8 3.6 0.002
2 2041.66666667 0.0 60.0 66.4 7.4 0.0
2 521.727272727 0.0 65.4 31.2 10.6 0.0
2 948.384615385 0.0 59.6 66.8 6.2 0.0
3 758.0 2.0 57.4 81.8 4.0 0.0
1 592.666666667 2.0 55.2 78.6 4.0 0.0
2 30996.4 0.0 63.2 62.2 5.6 0.0
1 358.0 3.0 50.6 72.8 4.2 0.0
1 556.333333333 0.0 50.8 71.8 4.6 0.0
1 1340.5 1.0 69.8 67.8 7.6 0.0
2 528.666666667 3.0 43.2 51.0 3.4 0.0
2 653.7 1.0 68.0 71.2 8.4 0.0
3 101.0 0.0 60.0 68.0 7.0 0.0
2 1054.05555556 0.0 74.8 35.2 4.2 0.0
2 590.5 0.0 58.0 75.0 9.0 0.0
0 46502.0 1.0 73.4 60.8 5.4 0.0
1 340.5 0.0 58.2 71.2 8.6 0.0
2 1721.0 0.0 62.8 67.0 3.4 0.0
2 14391.1666667 1.0 65.0 63.2 6.2 0.0
1 341.0 0.0 57.8 78.6 3.6 0.0
1 533.0 0.0 60.8 68.2 6.8 0.0
2 925.153846154 1.0 67.6 66.8 6.2 0.0
3 575.5 1.0 70.6 60.2 6.2 0.0
1 483.333333333 2.0 57.4 72.2 3.0 0.0
2 539.6 0.0 50.0 75.2 4.8 0.0
3 691.25 1.0 67.6 66.8 6.2 0.0
2 1170.66666667 0.0 55.4 72.2 8.0 0.132
1 4221.81818182 2.0 67.4 64.2 5.6 0.0
1 190.0 2.0 61.0 84.6 6.6 0.088
0 341.0 0.0 57.4 71.2 5.6 0.0
3 854.0 1.0 68.0 71.2 8.4 0.0
3 3291.5 2.0 67.2 35.6 2.4 0.0
1 2210.25 0.0 53.0 76.6 5.0 0.004
3 221.0 0.0 51.8 77.6 1.6 0.0
1 326.5 1.0 67.4 63.8 8.4 0.0
1 658.0 0.0 61.4 70.4 3.8 0.0
3 648.2 1.0 72.4 64.6 6.6 0.0
3 987.5 2.0 64.0 73.6 6.2 0.0
2 564.636363636 0.0 75.4 45.6 4.4 0.0
2 3766.92857143 0.0 62.2 68.4 5.6 0.0
2 576.5 3.0 48.0 71.2 2.2 0.0
2 651.1 0.0 57.0 59.8 6.2 0.0
3 849.0 1.0 62.6 66.8 8.0 0.0
2 609.428571429 1.0 66.2 73.2 7.8 0.0
1 235.75 0.0 60.6 85.0 4.2 0.004
1 6892.33333333 2.0 60.0 66.8 5.2 0.0
0 858.0 2.0 60.4 62.6 4.4 0.0
2 3473.0 2.0 57.0 75.2 5.8 0.01
1 1304.75 2.0 70.0 40.0 5.0 0.01
3 700.0 0.0 60.2 65.0 8.6 0.0
1 918.0 1.0 69.4 72.2 6.4 0.0
1 300.0 0.0 54.2 59.2 7.8 0.0
2 581.75 1.0 66.8 72.4 7.2 0.0
3 5174.375 1.0 68.0 66.8 7.8 0.0
0 295.0 1.0 67.6 71.0 8.0 0.0
1 347.5 0.0 56.0 56.0 9.0 0.0
3 734.666666667 0.0 63.2 62.4 6.4 0.0
1 5358.16666667 0.0 62.8 65.8 9.0 0.0
1 1042.4 2.0 70.6 65.6 4.4 0.0
1 341.0 3.0 53.0 80.4 6.0 0.104
2 797.285714286 1.0 69.8 71.2 6.6 0.0
3 1231.33333333 0.0 56.0 73.0 7.0 0.036
1 312.5 0.0 75.4 35.6 5.2 0.0
1 1123.66666667 0.0 60.2 76.8 6.4 0.0
3 855.75 2.0 51.6 69.0 1.4 0.0
2 1014.69230769 0.0 55.4 72.6 2.8 0.0
3 1117.16666667 1.0 70.4 73.2 7.4 0.0
1 618.0 2.0 57.8 77.2 3.4 0.0
2 1150.5 2.0 64.8 64.6 2.4 0.0
2 2744.61538462 0.0 60.2 72.8 2.4 0.0
2 844.0 2.0 67.0 43.6 4.4 0.0
1 160.0 2.0 56.2 69.6 4.2 0.0
2 514.076923077 3.0 40.2 49.2 4.2 0.0
3 464.0 0.0 56.4 45.6 2.4 0.0
3 382.333333333 1.0 61.0 78.0 11.0 0.0
1 363.0 1.0 69.6 66.0 7.0 0.0
2 1007.09677419 2.0 65.0 64.6 9.6 0.0
1 406.5 0.0 59.4 69.8 10.0 0.054
3 860.666666667 2.0 63.0 60.2 6.4 0.0
2 4038.0 0.0 58.4 68.8 5.0 0.0
1 5868.33333333 3.0 56.0 76.6 8.6 0.306
1 1083.33333333 1.0 63.2 70.4 9.6 0.0
0 548.0 2.0 72.0 57.2 3.6 0.0
3 167.0 0.0 57.0 57.0 13.0 0.0
2 3366.0 2.0 56.0 69.6 4.0 0.0
1 2385.0 2.0 61.8 73.6 1.4 0.0
1 387.375 2.0 55.2 52.2 3.6 0.0
0 1972.0 0.0 54.6 52.0 3.4 0.0
2 2931.63636364 1.0 69.6 73.6 6.0 0.0
1 1053.5 0.0 59.6 71.2 8.4 0.0
2 520.181818182 0.0 52.8 70.0 1.8 0.0
2 587.285714286 2.0 65.6 75.0 8.0 0.0
1 1197.0 0.0 63.2 62.2 5.6 0.0
2 3962.2 0.0 57.4 68.2 7.0 0.0
2 8470.41666667 0.0 60.0 69.2 13.0 0.0
3 557.5 1.0 70.8 58.2 8.2 0.0
1 765.333333333 0.0 57.8 47.8 6.8 0.0
2 236.0 1.0 69.6 56.8 6.8 0.0
1 7736.0 1.0 70.4 73.2 7.4 0.0
1 2348.0 2.0 58.6 78.4 4.2 0.0
2 1004.2 0.0 56.0 66.6 5.4 0.022
2 887.5 1.0 65.0 59.0 7.0 0.0
2 710.846153846 2.0 59.0 50.6 1.2 0.0
2 610.714285714 2.0 56.4 79.2 4.6 0.208
1 9496.5 2.0 54.6 66.8 1.6 0.0
1 390.25 0.0 60.0 68.0 7.0 0.0
2 582.857142857 0.0 60.8 74.8 3.2 0.0
2 536.3 3.0 40.6 50.8 2.2 0.0
3 600.2 0.0 64.6 67.0 8.2 0.0
1 2045.0 3.0 62.8 79.4 5.0 0.094
3 618.6 0.0 59.4 47.4 4.0 0.0
2 604.625 0.0 52.4 81.0 2.6 0.0
3 460.333333333 2.0 67.6 72.2 7.0 0.0
2 366.0 0.0 58.4 65.8 3.2 0.0
1 944.0 0.0 57.4 60.6 4.4 0.0
1 341.25 0.0 48.8 70.8 5.8 0.0
2 725.823529412 0.0 58.6 66.0 5.2 0.0
2 775.8 0.0 55.6 80.4 5.4 0.082
2 802.7 0.0 72.8 36.6 5.0 0.0
3 457.0 2.0 61.8 69.2 3.4 0.0
3 246.0 0.0 57.0 74.4 5.6 0.0
3 465.0 1.0 71.0 69.0 7.6 0.0
1 443.0 3.0 55.8 80.6 9.4 0.114
2 473.692307692 0.0 57.6 83.4 3.0 0.0
1 345.0 3.0 57.8 82.0 3.2 0.0
2 510.083333333 0.0 66.4 59.8 4.0 0.0
2 616.833333333 2.0 56.0 80.2 3.0 0.002
2 475.5 0.0 67.8 60.8 6.6 0.0
3 480.0 2.0 60.2 78.4 3.2 0.004
2 2185.4 1.0 65.0 66.4 6.6 0.0
2 3134.83333333 0.0 50.0 60.8 1.2 0.0
2 1284.0 1.0 62.4 67.4 8.0 0.0
2 924.0 0.0 53.4 85.8 3.0 0.0
1 343.8 1.0 67.6 71.8 6.0 0.0
3 1912.33333333 1.0 64.0 53.4 7.2 0.0
3 304.0 0.0 49.6 73.2 3.0 0.0
3 671.0 0.0 55.6 61.4 3.8 0.0
2 632.25 2.0 63.2 68.8 8.8 0.0
1 1389.6 0.0 65.4 49.4 6.4 0.0
1 562.666666667 0.0 52.4 64.0 2.2 0.0
1 555.0 0.0 58.6 66.0 5.2 0.0
2 1479.25 2.0 71.4 67.6 4.6 0.0
1 3486.0 2.0 62.8 51.0 3.2 0.0
2 4004.0625 2.0 65.8 55.4 5.0 0.0
3 555.5 0.0 60.6 79.8 5.0 0.0
2 3933.28571429 0.0 52.2 52.8 1.8 0.0
2 734.0 0.0 57.2 59.0 3.4 0.0
1 316.0 2.0 67.4 74.0 6.8 0.0
3 753.5 0.0 56.2 80.4 3.6 0.0
2 10051.0 0.0 42.8 69.4 2.0 0.0
3 227.5 2.0 55.8 67.0 1.8 0.0
2 6503.0 0.0 61.4 69.6 5.2 0.0
2 672.692307692 0.0 58.8 61.6 12.2 0.016
2 741.0 0.0 53.0 54.6 1.4 0.0
1 727.5 2.0 62.0 64.2 3.4 0.0
2 511.777777778 0.0 51.2 61.6 0.8 0.0
1 973.0 1.0 69.2 67.4 8.4 0.0
2 412.888888889 0.0 53.8 76.8 3.4 0.0
2 407.833333333 0.0 56.0 61.0 4.4 0.0
1 434.0 0.0 61.8 67.6 10.8 0.0
1 3355.0 2.0 60.6 63.0 4.2 0.0
3 821.333333333 0.0 62.0 65.0 16.0 0.0
3 277.0 2.0 58.6 78.4 4.2 0.0
1 703.833333333 0.0 52.2 52.8 1.8 0.0
1 500.8 1.0 70.4 48.2 6.0 0.0
3 616.5 1.0 68.0 70.4 8.0 0.0
2 2045.93333333 2.0 66.4 71.8 6.0 0.0
2 499.8 0.0 54.4 66.8 4.8 0.0
3 1411.33333333 1.0 68.0 69.8 7.2 0.0
2 5550.71428571 1.0 66.0 69.4 7.6 0.0
1 520.5 0.0 62.4 71.8 6.0 0.056
2 1432.8 2.0 61.8 59.2 5.2 0.0
1 405.0 2.0 63.6 79.6 5.0 0.0
3 1774.14285714 1.0 64.8 65.8 7.2 0.0
1 1098.5 1.0 66.6 73.2 7.4 0.0
2 831.411764706 2.0 70.8 74.0 7.4 0.0
2 591.230769231 2.0 57.4 81.8 4.0 0.0
2 840.230769231 0.0 53.8 57.8 9.0 0.0
3 765.5 0.0 60.2 60.0 5.4 0.0
2 1206.66666667 0.0 47.8 69.0 1.0 0.0
3 270.0 0.0 60.0 64.8 7.4 0.0
1 3603.2 1.0 67.8 68.8 6.8 0.0
1 333.0 3.0 44.4 59.4 1.4 0.0
3 237.0 2.0 61.8 59.2 5.2 0.0
1 364.0 2.0 61.4 68.4 4.2 0.0
0 947.0 2.0 56.0 69.6 4.0 0.0
1 5954.5 0.0 52.4 62.2 7.0 0.002
1 605.166666667 0.0 59.2 77.0 6.4 0.008
1 373.0 0.0 64.2 44.2 9.0 0.0
3 5384.0 1.0 65.0 63.2 6.2 0.0
1 552.0 3.0 53.0 87.0 3.0 0.48
3 263.0 3.0 61.6 80.6 4.6 0.006
1 413.4 1.0 69.0 68.6 8.0 0.0
3 241.0 0.0 53.8 57.8 9.0 0.0
2 1473.14285714 1.0 65.2 63.8 10.2 0.0
1 866.333333333 0.0 73.0 53.0 5.0 0.0
1 355.5 0.0 53.8 84.8 3.0 0.0
2 729.090909091 1.0 66.4 74.8 8.0 0.0
2 611.294117647 2.0 62.0 64.2 3.4 0.0
3 206.0 3.0 56.0 76.6 8.6 0.306
1 8556.66666667 0.0 57.4 53.0 6.2 0.0
1 300.5 0.0 58.8 61.6 12.2 0.016
2 765.0 3.0 48.8 71.8 3.8 0.0
1 237.0 0.0 50.0 60.8 1.2 0.0
1 334.0 2.0 63.0 79.6 6.4 0.0
3 303.5 1.0 69.8 70.8 6.6 0.0
1 949.666666667 0.0 57.6 67.8 5.2 0.0
3 502.5 2.0 62.0 64.2 3.4 0.0
2 1926.55555556 2.0 65.4 70.0 6.8 0.0
1 1985.5 1.0 68.0 71.2 8.4 0.0
2 450.363636364 0.0 51.0 69.0 2.0 0.0
0 372.0 2.0 71.6 65.2 6.4 0.0
2 846.4 1.0 68.4 65.0 6.0 0.0
1 436.0 0.0 61.6 64.8 8.2 0.004
1 614.8 1.0 68.6 70.2 8.2 0.0
3 723.0 0.0 48.2 76.0 1.6 0.0
2 642.8 0.0 64.6 67.0 8.2 0.0
1 5219.8 0.0 58.4 71.0 2.2 0.0
3 1046.0 0.0 57.0 77.0 15.0 0.14
1 203.666666667 2.0 69.2 70.4 6.8 0.0
3 643.0 2.0 64.2 43.4 3.2 0.0
2 499.444444444 0.0 59.6 71.2 8.4 0.0
3 727.0 0.0 58.4 81.4 4.2 0.0
2 2286.33333333 0.0 56.8 54.4 1.8 0.0
3 965.0 1.0 74.2 60.2 6.0 0.0
1 2601.8 2.0 64.8 78.0 6.2 0.0
3 752.0 3.0 50.0 66.6 8.4 0.0
3 561.666666667 0.0 55.2 68.0 6.0 0.048
2 425.0 0.0 63.6 70.6 8.0 0.0
2 519.285714286 0.0 53.6 70.2 3.0 0.0
3 307.0 0.0 60.4 60.0 12.8 0.0
2 1171.23076923 1.0 74.2 60.2 6.0 0.0
2 3775.5 1.0 67.4 63.8 8.4 0.0
2 710.428571429 3.0 55.8 80.6 9.4 0.114
1 393.0 1.0 66.0 69.4 7.6 0.0
1 953.25 1.0 71.0 69.0 7.6 0.0
3 286.0 1.0 67.4 68.4 8.6 0.0
2 529.25 1.0 72.8 64.2 7.4 0.0
0 216.0 1.0 69.8 71.2 6.6 0.0
1 7531.5 2.0 57.0 75.2 5.8 0.01
1 3129.0 0.0 62.0 63.4 4.6 0.0
1 1442.5 2.0 59.0 50.6 1.2 0.0
1 289.5 0.0 54.6 52.0 3.4 0.0
3 621.0 0.0 53.6 82.6 3.0 0.0
1 368.8 0.0 61.4 55.0 10.0 0.0
2 1262.0 2.0 71.0 55.0 5.0 0.0
3 327.666666667 0.0 53.8 57.0 3.0 0.0
3 318.0 0.0 47.4 70.4 4.6 0.022
1 528.4 2.0 69.2 70.4 5.0 0.0
2 740.0 3.0 58.0 76.2 2.8 0.004
2 552.538461538 0.0 59.8 69.0 9.0 0.0
1 2801.07692308 1.0 70.2 73.6 8.4 0.0
3 691.0 2.0 69.0 32.0 6.6 0.0
3 288.0 2.0 55.2 52.2 3.6 0.0
2 475.166666667 0.0 53.4 81.8 4.6 0.004
3 5919.85714286 0.0 58.4 81.6 3.2 0.0
1 406.0 0.0 55.2 76.8 8.4 0.22
2 605.6875 0.0 59.8 69.0 6.0 0.214
1 1048.0 0.0 50.0 75.2 4.8 0.0
1 244.0 1.0 67.2 69.8 9.4 0.004
2 964.0 1.0 66.2 71.4 8.4 0.0
2 582.071428571 0.0 59.8 67.2 8.2 0.0
3 181.0 3.0 40.2 49.2 4.2 0.0
3 1475.0 0.0 64.8 46.8 8.4 0.0
3 3204.0 1.0 66.6 73.2 7.4 0.0
2 740.0 3.0 43.8 63.8 8.6 0.064
1 20111.6666667 1.0 62.2 65.6 6.4 0.0
1 389.5 0.0 52.0 74.2 2.6 0.0
2 536.25 2.0 66.0 67.0 7.0 0.0
2 3063.27272727 1.0 69.4 72.2 6.4 0.0
2 1987.63636364 1.0 66.6 73.2 7.4 0.0
1 1920.42857143 0.0 53.4 81.8 4.6 0.004
1 15548.0 1.0 66.4 74.8 8.0 0.0
1 5083.71428571 0.0 59.0 66.8 7.6 0.0
3 286.5 1.0 66.8 72.4 7.2 0.0
1 3369.0 0.0 41.8 64.6 2.0 0.0
2 572.0 3.0 59.6 79.4 7.4 0.002
3 1161.0 0.0 60.0 69.2 13.0 0.0
2 1913.5 0.0 51.2 68.6 5.8 0.0
2 588.25 2.0 67.6 72.2 7.0 0.0
2 889.333333333 0.0 55.0 45.0 5.0 0.0
3 709.5 0.0 66.0 61.0 8.0 0.0
3 870.0 2.0 68.6 67.2 7.8 0.0
1 570.0 1.0 70.6 60.2 6.2 0.0
1 362.0 1.0 70.0 73.2 9.0 0.0
2 1135.5 0.0 56.0 63.0 8.0 0.0
2 962.608695652 1.0 70.0 64.0 10.0 0.01
0 2894.0 2.0 69.6 68.8 4.8 0.0
2 462.0 0.0 55.6 81.2 3.2 0.0
2 968.833333333 2.0 68.6 67.2 7.8 0.0
2 608.636363636 0.0 61.4 55.0 10.0 0.0
3 260.0 1.0 65.6 57.4 6.6 0.0
2 646.0 0.0 57.0 55.4 3.2 0.0
3 736.0 1.0 69.8 71.2 6.6 0.0
1 283.5 0.0 52.0 68.2 4.6 0.02
2 2131.6 1.0 69.0 72.2 6.8 0.0
1 815.0 0.0 61.6 69.6 5.8 0.0
0 1600.0 0.0 64.8 68.8 7.6 0.0
3 481.666666667 0.0 66.4 59.8 4.0 0.0
1 292.0 0.0 59.6 66.8 6.2 0.0
3 323.0 0.0 55.6 80.4 5.4 0.082
2 682.142857143 0.0 61.0 71.0 10.0 0.0
3 261.0 0.0 58.0 78.2 4.4 0.0
2 1487.19047619 0.0 57.8 47.8 6.8 0.0
1 389.0 2.0 56.0 85.8 3.4 0.184
1 2501.33333333 0.0 56.8 54.4 1.8 0.0
1 1536.22222222 2.0 57.6 66.8 2.0 0.0
0 570.0 0.0 53.0 76.6 5.0 0.004
0 855.0 0.0 57.4 75.6 7.0 0.014
3 1187.0 3.0 40.6 50.8 2.2 0.0
2 2255.91666667 2.0 63.0 79.6 6.4 0.0
3 326.0 0.0 54.0 68.6 5.8 0.0
3 760.75 2.0 62.0 64.0 20.0 0.0
2 900.625 1.0 64.0 53.4 7.2 0.0
2 3855.83333333 1.0 69.2 68.4 6.2 0.0
2 524.846153846 2.0 62.0 61.6 2.2 0.0
1 402.0 1.0 69.0 73.0 6.8 0.0
3 185.0 2.0 58.4 78.2 3.8 0.0
3 274.0 0.0 56.6 71.0 8.2 0.01
3 439.666666667 1.0 69.0 73.0 6.8 0.0
3 1040.0 0.0 57.0 72.0 11.0 0.0
3 491.0 0.0 55.2 73.8 2.0 0.0
1 300.5 2.0 64.2 43.4 3.2 0.0
1 571.166666667 0.0 57.8 68.0 9.0 0.0
3 541.25 0.0 59.6 66.8 6.2 0.0
3 365.833333333 3.0 43.2 51.0 3.4 0.0
2 1605.0 1.0 65.6 69.8 8.6 0.0
1 230.0 0.0 60.8 74.8 3.2 0.0
2 8453.85714286 2.0 65.2 72.6 5.0 0.0
2 677.538461538 0.0 61.6 69.6 5.8 0.0
2 3735.92857143 2.0 60.6 63.0 4.2 0.0
2 651.5 0.0 56.0 53.4 8.0 0.0
1 3750.5 0.0 56.6 46.2 3.6 0.0
2 1172.66666667 2.0 66.2 73.6 6.2 0.0
3 599.25 0.0 52.4 60.8 2.2 0.0
0 1069.0 0.0 52.4 81.0 2.6 0.0
2 712.166666667 2.0 65.4 76.0 6.2 0.32
2 3142.0 3.0 57.6 81.4 2.0 0.014
1 3231.0 0.0 60.8 72.8 5.4 0.0
2 2934.66666667 2.0 61.8 73.6 1.4 0.0
2 6970.66666667 0.0 51.6 66.2 8.6 0.0
3 362.0 0.0 58.2 65.2 4.4 0.0
2 4324.4 0.0 49.6 73.2 3.0 0.0
2 2361.8 1.0 70.2 73.6 8.4 0.0
1 2022.33333333 2.0 59.2 73.8 4.2 0.0
3 788.0 2.0 68.4 65.0 4.8 0.0
3 495.5 0.0 59.0 84.0 4.0 0.0
2 19079.125 0.0 57.8 75.4 10.6 0.762
2 1869.25 2.0 59.8 85.6 5.8 0.194
1 498.0 0.0 58.4 58.2 8.2 0.0
2 801.928571429 2.0 64.0 48.6 3.4 0.0
2 613.857142857 1.0 63.2 65.0 7.2 0.0
1 7787.0 0.0 56.0 53.4 8.0 0.0
2 469.25 0.0 57.8 68.0 9.0 0.0
2 979.0 2.0 55.2 69.8 1.6 0.0
3 416.25 3.0 52.2 66.4 1.2 0.0
3 492.5 1.0 75.2 63.0 6.4 0.0
1 3777.71428571 2.0 70.8 74.0 7.4 0.0
1 253.75 3.0 59.6 79.4 7.4 0.002
2 688.5 1.0 67.6 71.8 6.0 0.0
2 524.571428571 2.0 67.8 68.6 4.0 0.0
3 266.0 0.0 58.4 63.4 8.4 0.0
1 617.333333333 0.0 61.0 40.0 11.0 0.0
2 3247.71428571 2.0 58.6 73.2 3.4 0.0
1 250.333333333 0.0 56.2 80.4 3.6 0.0
1 291.0 0.0 54.4 66.8 4.8 0.0
2 1111.83333333 2.0 65.2 72.2 3.2 0.002
3 744.0 0.0 59.0 76.6 7.0 0.0
2 848.8 0.0 58.4 71.0 2.2 0.0
1 550.0 1.0 64.6 71.4 6.4 0.0
3 699.333333333 0.0 61.4 72.8 6.2 0.0
1 3063.75 2.0 62.0 60.2 11.8 0.0
2 466.0 3.0 57.0 76.6 12.4 1.982
1 627.5 0.0 55.2 74.6 3.6 0.002
3 318.0 1.0 68.6 58.8 7.0 0.0
2 693.583333333 0.0 59.0 84.0 4.0 0.0
1 398.0 0.0 60.4 78.8 7.2 0.0
3 440.0 2.0 62.6 64.8 4.4 0.0
0 24697.0 1.0 68.0 66.0 7.4 0.0
1 10007.0 0.0 61.4 73.0 8.2 0.0
1 1205.5 1.0 63.6 62.8 9.0 0.0
2 392.5 3.0 39.2 60.2 4.6 0.0
3 1008.33333333 2.0 69.6 68.8 4.8 0.0
3 183.0 1.0 69.0 72.2 6.8 0.0
2 602.75 2.0 53.8 70.8 1.2 0.0
2 680.0 0.0 53.0 86.0 8.0 0.096
3 412.0 0.0 58.4 58.2 8.2 0.0
2 644.5 0.0 57.6 55.8 14.2 0.0
1 493.5 2.0 62.0 61.0 14.0 0.0
3 1827.5 0.0 57.4 81.4 8.6 0.296
2 617.307692308 2.0 65.8 66.2 4.6 0.0
1 296.0 0.0 57.2 73.6 2.8 0.0
1 629.3 1.0 68.4 75.0 6.2 0.0
2 1099.6 0.0 50.2 91.2 2.2 0.0
1 6297.22222222 3.0 60.4 82.8 6.4 0.028
1 405.5 0.0 47.4 70.4 4.6 0.022
1 2073.75 2.0 65.6 75.0 8.0 0.0
3 686.5 0.0 58.4 65.8 3.2 0.0
3 641.8 2.0 61.2 59.0 3.6 0.032
1 2681.0 2.0 70.0 66.8 4.6 0.0
3 390.0 2.0 72.2 70.0 7.6 0.0
1 519.428571429 1.0 68.2 68.8 8.0 0.0
2 531.25 2.0 56.8 88.4 5.4 0.348
2 568.9 1.0 65.0 73.0 7.0 0.0
2 825.0 1.0 68.8 70.2 7.2 0.0
3 1305.0 0.0 67.4 59.0 6.8 0.0
2 1795.22222222 1.0 64.4 66.2 7.8 0.0
2 16264.2857143 2.0 57.0 76.0 4.4 0.0
1 379.0 0.0 67.8 60.8 6.6 0.0
1 12998.0 3.0 48.0 71.2 2.2 0.0
2 785.6 0.0 46.4 37.2 6.2 0.0
1 714.5 0.0 60.4 60.0 12.8 0.0
2 1578.33333333 2.0 67.2 71.2 7.2 0.0
1 20097.625 0.0 64.0 68.6 5.0 0.0
2 714.333333333 2.0 69.6 68.4 7.0 0.0
0 597.0 2.0 56.8 88.4 5.4 0.348
3 537.666666667 0.0 59.8 57.8 6.2 0.0
2 660.307692308 0.0 60.2 60.6 9.2 0.0
3 1159.0 2.0 56.0 64.8 3.4 0.0
3 232.0 1.0 69.4 72.2 6.4 0.0
1 17730.0 0.0 60.8 67.4 6.6 0.0
1 1117.4 1.0 61.2 63.2 9.4 0.0
2 1137.5 0.0 57.0 75.0 9.0 0.02
1 246.0 2.0 60.6 58.2 2.0 0.0
1 346.0 0.0 63.0 59.0 7.0 0.0
2 1093.38461538 2.0 60.4 64.8 5.6 0.0
2 1184.23529412 2.0 58.0 74.0 2.6 0.0
2 748.166666667 1.0 68.0 66.0 7.4 0.0
3 944.5 2.0 67.2 67.8 5.6 0.0
3 1053.0 0.0 57.2 74.2 7.8 0.19
2 658.888888889 0.0 61.6 64.8 8.2 0.004
2 1317.7 2.0 67.2 35.6 2.4 0.0
1 560.0 2.0 70.2 64.4 4.2 0.0
3 934.0 0.0 60.0 72.0 5.0 0.0
3 838.0 0.0 58.2 57.0 3.0 0.0
2 597.666666667 3.0 58.2 86.0 7.0 0.94
3 471.0 2.0 67.0 43.6 4.4 0.0
1 668.0 3.0 53.0 60.0 3.0 0.0
2 641.833333333 3.0 43.6 65.4 5.4 0.122
0 14270.3333333 2.0 56.0 64.8 3.4 0.0
2 555.666666667 1.0 68.6 70.2 8.2 0.0
3 861.0 0.0 64.0 68.6 5.0 0.0
3 667.5 1.0 61.2 63.2 9.4 0.0
2 1252.1 0.0 57.8 73.4 11.2 0.178
2 2100.8 2.0 56.2 69.6 4.2 0.0
1 188.5 1.0 70.6 67.2 7.0 0.0
2 2026.66666667 0.0 56.4 67.4 4.2 0.0
1 208.5 2.0 61.8 59.2 5.2 0.0
2 512.769230769 3.0 58.8 83.0 2.8 0.0
2 614.0 0.0 57.0 74.4 5.6 0.0
1 28172.3333333 1.0 65.6 69.8 8.6 0.0
3 322.0 0.0 54.6 34.4 9.4 0.0
1 335.333333333 2.0 56.4 79.2 4.6 0.208
3 208.0 1.0 66.2 71.4 8.4 0.0
1 1211.0 2.0 68.6 68.8 5.8 0.0
2 2342.6 0.0 62.8 65.8 9.0 0.0
2 717.333333333 0.0 50.8 71.8 4.6 0.0
1 724.0 0.0 52.6 72.0 3.2 0.0
2 1304.8 1.0 70.4 73.2 7.4 0.0
3 485.333333333 0.0 55.8 81.4 3.4 0.006
2 580.4 3.0 44.4 63.8 1.4 0.0
2 643.5 0.0 61.4 73.0 8.2 0.0
2 1216.27272727 2.0 57.8 61.4 2.4 0.0
2 370.0 3.0 55.0 78.2 7.2 0.024
1 1208.5 3.0 58.0 83.0 2.2 0.004
2 603.388888889 1.0 63.2 70.4 9.6 0.0
1 375.0 1.0 63.0 67.0 9.0 0.0
2 627.692307692 1.0 69.0 68.6 8.0 0.0
2 1447.41176471 1.0 68.4 75.0 6.2 0.0
3 1061.0 1.0 68.0 66.0 7.4 0.0
3 711.0 0.0 62.4 71.8 6.0 0.056
3 379.0 0.0 59.0 89.0 6.0 0.03
3 680.0 2.0 69.2 72.8 5.2 0.0
3 250.0 0.0 62.4 55.4 5.8 0.0
0 83643.0 2.0 65.2 72.2 3.2 0.002
3 491.0 3.0 58.2 86.0 7.0 0.94
3 380.0 3.0 56.0 74.6 6.2 0.0
2 588.538461538 0.0 58.2 71.2 8.6 0.0
1 259.0 0.0 62.2 64.0 11.6 0.0
2 1010.92857143 0.0 62.4 55.4 5.8 0.0
2 3477.6 0.0 62.4 66.2 5.8 0.0
1 463.5 3.0 60.0 83.4 4.4 0.018
3 587.333333333 0.0 59.4 77.0 4.6 0.0
2 528.0 0.0 59.0 70.0 8.0 0.0
3 344.0 0.0 52.4 81.0 2.6 0.0
2 2988.0 3.0 60.0 83.4 4.4 0.018
2 458.4 0.0 60.0 74.0 9.6 0.0
1 4536.75 0.0 51.4 71.6 3.0 0.0
3 592.0 1.0 68.2 68.8 8.0 0.0
1 1081.25 0.0 67.4 59.0 6.8 0.0
2 413.2 1.0 75.2 63.0 6.4 0.0
3 257.0 3.0 44.4 59.4 1.4 0.0
2 2270.0 2.0 64.6 73.0 4.4 0.0
1 1975.66666667 0.0 50.2 91.2 2.2 0.0
3 763.0 0.0 69.4 45.4 3.8 0.0
2 2097.08333333 2.0 62.0 60.2 11.8 0.0
1 993.0 0.0 53.6 46.8 4.2 0.0
1 236.2 0.0 56.0 61.0 4.4 0.0
2 5222.5 0.0 62.0 62.2 5.6 0.0
1 331.0 0.0 59.8 65.2 3.4 0.0
2 446.428571429 0.0 61.0 77.0 5.0 0.0
2 949.785714286 0.0 64.8 68.8 7.6 0.0
2 1557.2 1.0 69.0 73.0 6.8 0.0
1 1485.66666667 0.0 58.4 63.4 8.4 0.0
2 500.615384615 2.0 61.8 69.2 3.4 0.0
3 375.5 0.0 63.0 60.4 4.2 0.0
3 957.0 3.0 58.0 83.0 2.2 0.004
3 767.0 2.0 62.8 50.8 6.4 0.0
2 513.25 1.0 67.6 71.0 8.0 0.0
1 3753.0 3.0 50.2 54.2 8.2 0.0
2 740.0 2.0 66.8 70.6 6.2 0.0
2 1336.0 0.0 59.6 63.6 2.0 0.0
3 759.333333333 2.0 56.0 86.0 3.0 0.0
1 376.0 0.0 62.4 66.2 5.8 0.0
1 808.0 0.0 55.4 89.2 2.6 0.0
2 672.6 2.0 65.4 73.2 5.2 0.0
3 212.0 0.0 61.6 69.6 5.8 0.0
2 704.142857143 0.0 48.2 76.0 1.6 0.0
2 1131.0 0.0 59.0 66.8 7.6 0.0
2 630.944444444 2.0 56.2 82.2 4.8 0.0
3 223.0 0.0 58.8 65.8 6.2 0.006
3 797.0 2.0 58.6 73.2 3.4 0.0
1 172.0 0.0 54.0 84.4 3.6 0.0
2 771.75 3.0 52.2 66.4 1.2 0.0
3 921.75 3.0 51.4 60.0 1.0 0.0
1 513.5 2.0 69.8 54.2 4.2 0.0
3 216.5 2.0 70.6 65.6 4.4 0.0
1 169.0 0.0 60.6 79.8 5.0 0.0
2 568.733333333 0.0 58.2 65.2 4.4 0.0
2 71361.0 0.0 60.6 83.2 11.4 0.456
2 595.571428571 2.0 68.2 75.2 5.8 0.0
0 771.0 2.0 57.0 76.0 4.4 0.0
2 1233.86666667 0.0 55.2 73.8 2.0 0.0
2 819.642857143 2.0 57.6 71.6 5.6 0.0
1 2335.0 2.0 65.4 76.0 6.2 0.32
3 965.0 0.0 47.8 69.0 1.0 0.0
3 1073.5 0.0 60.0 70.0 7.0 0.0
2 496.833333333 3.0 48.0 60.0 3.0 0.0
2 759.7 1.0 71.2 70.2 9.0 0.0
2 1150.71428571 3.0 53.2 63.8 1.6 0.0
1 431.5 3.0 60.8 84.2 10.8 0.93
2 4238.83333333 0.0 57.4 60.6 4.4 0.0
2 508.818181818 0.0 54.6 52.0 3.4 0.0
2 3050.4 3.0 51.4 63.4 1.2 0.0
2 641.333333333 1.0 68.6 58.8 7.0 0.0
3 733.666666667 2.0 65.8 66.2 4.6 0.0
1 601.0 2.0 62.0 61.6 2.2 0.0
1 683.333333333 0.0 59.4 47.4 4.0 0.0
2 643.571428571 0.0 56.0 75.0 8.0 0.0
2 1310.0 2.0 54.0 69.2 6.0 0.0
3 272.0 0.0 48.8 70.8 5.8 0.0
1 320.0 2.0 70.6 73.4 6.6 0.002
1 1247.4 0.0 60.0 64.8 7.4 0.0
1 1313.0 1.0 69.6 56.8 6.8 0.0
3 173.0 0.0 58.4 50.0 4.4 0.0
2 668.142857143 2.0 62.6 74.2 6.0 0.006
1 4019.46153846 3.0 46.2 70.8 2.2 0.0
2 578.545454545 0.0 53.6 82.6 3.0 0.0
3 782.333333333 1.0 68.4 65.0 6.0 0.0
1 362.333333333 1.0 61.4 66.2 8.8 0.0
1 414.428571429 2.0 63.2 68.8 8.8 0.0
3 1053.33333333 0.0 60.2 70.0 6.6 0.0
1 270.0 2.0 60.6 68.2 3.8 0.0
1 1312.5 0.0 60.2 65.0 8.6 0.0
1 235.5 2.0 64.0 73.6 6.2 0.0
2 467.111111111 0.0 58.0 65.8 7.8 0.0
1 767.0 0.0 55.6 80.4 5.4 0.082
2 755.363636364 0.0 67.2 36.4 7.4 0.0
2 382.142857143 0.0 54.2 54.4 3.0 0.0
1 732.333333333 0.0 55.6 81.2 3.2 0.0
2 561.083333333 2.0 57.4 72.2 3.0 0.0
2 1308.3 2.0 54.8 53.8 4.8 0.0
2 581.230769231 3.0 60.0 87.0 5.0 0.01
1 338.0 3.0 60.6 76.8 3.6 0.002
3 781.333333333 0.0 60.6 58.2 6.8 0.0
1 180.0 2.0 65.4 46.8 3.6 0.0
2 574.0 2.0 56.0 85.8 3.4 0.184
1 2190.33333333 2.0 76.2 52.8 4.2 0.0
3 435.5 0.0 53.0 68.0 8.0 0.0
2 858.727272727 0.0 60.4 60.0 12.8 0.0
3 527.0 1.0 65.0 73.0 7.0 0.0
1 34282.3333333 2.0 65.8 70.4 7.4 0.0
1 427.0 0.0 53.8 76.8 3.4 0.0
1 490.0 2.0 56.0 64.8 3.4 0.0
1 561.5 0.0 63.0 63.6 7.6 0.0
1 12086.8 1.0 64.8 74.6 8.4 0.0
2 1444.06666667 2.0 68.8 66.6 6.8 0.0
1 1012.66666667 2.0 60.4 64.8 5.6 0.0
3 818.0 2.0 57.4 72.2 3.0 0.0
2 546.75 2.0 74.6 41.8 3.4 0.0
2 1698.5 1.0 70.0 73.2 9.0 0.0
1 687.0 0.0 56.6 73.2 3.4 0.0
1 347.25 0.0 56.0 73.0 7.0 0.036
1 385.0 0.0 52.8 70.0 1.8 0.0
2 1046.57142857 2.0 57.0 73.0 4.4 0.0
3 223.0 2.0 55.4 66.0 6.0 0.0
1 5056.33333333 3.0 39.2 60.2 4.6 0.0
1 393.5 0.0 52.6 66.8 2.6 0.0
1 658.2 2.0 68.6 73.6 6.2 0.0
2 1309.5 0.0 62.0 65.4 9.4 0.0
2 496.375 0.0 60.6 85.0 4.2 0.004
3 418.0 0.0 59.8 69.0 9.0 0.0
2 4375.41176471 2.0 66.0 64.0 9.6 0.0
3 489.0 2.0 61.4 61.0 3.6 0.0
3 1603.0 0.0 56.6 57.2 7.0 0.0
2 1297.5 2.0 52.2 67.0 2.0 0.0
3 3765.75 2.0 68.6 56.8 5.0 0.0
3 662.0 1.0 60.0 73.0 10.0 0.0
1 1183.0 2.0 58.2 70.0 4.0 0.0
1 687.666666667 0.0 67.8 57.8 6.6 0.0
1 1170.8 1.0 65.0 66.4 6.6 0.0
2 733.166666667 0.0 57.2 73.6 2.8 0.0
2 1171.5 3.0 50.4 66.2 1.4 0.0
1 372.0 0.0 58.8 75.6 6.4 0.004
2 523.4375 0.0 53.2 52.8 2.0 0.0
2 602.416666667 2.0 71.4 65.6 5.8 0.0
1 6051.3125 0.0 72.8 36.6 5.0 0.0
1 1441.0 2.0 62.0 46.6 8.4 0.0
3 1393.0 3.0 50.4 66.2 1.4 0.0
3 297.333333333 0.0 75.4 45.6 4.4 0.0
3 449.0 2.0 63.0 57.0 4.0 0.0
1 5978.0 0.0 59.8 69.0 6.0 0.214
3 385.0 0.0 57.4 68.2 7.0 0.0
2 681.1 2.0 63.6 79.6 5.0 0.0
3 243.0 2.0 54.8 63.2 2.4 0.0
3 299.666666667 0.0 57.4 71.2 5.6 0.0
2 564.625 0.0 60.8 68.2 6.8 0.0
3 417.0 2.0 59.8 70.0 3.0 0.0
1 803.666666667 0.0 49.2 58.0 1.6 0.0
0 255.0 3.0 57.0 76.6 12.4 1.982
0 2564.33333333 0.0 56.0 61.0 4.4 0.0
1 575.0 0.0 67.2 36.4 7.4 0.0
1 1053.0 0.0 54.2 54.4 3.0 0.0
2 530.75 0.0 56.8 79.6 10.8 0.544
3 1196.81818182 1.0 65.6 72.4 6.8 0.0
0 1325.0 2.0 71.8 53.2 3.8 0.0
2 2212.23076923 2.0 71.6 65.2 6.4 0.0
3 486.5 0.0 55.0 65.0 8.0 0.01
3 703.0 1.0 65.6 69.8 8.6 0.0
2 540.272727273 0.0 58.0 60.0 18.0 0.0
1 767.333333333 0.0 58.6 71.0 8.6 0.0
2 1812.66666667 0.0 55.0 81.0 8.0 0.0
1 7009.33333333 0.0 58.0 68.4 9.0 0.0
2 547.428571429 0.0 59.4 47.4 4.0 0.0
2 4117.0 2.0 56.6 69.0 5.2 0.0
2 820.692307692 2.0 58.4 78.2 3.8 0.0
3 164.0 2.0 64.8 64.6 2.4 0.0
2 2464.18181818 2.0 70.0 66.8 7.2 0.0
1 809.5 0.0 57.2 59.0 3.4 0.0
1 453.0 0.0 58.4 81.6 3.2 0.0
3 626.0 2.0 57.6 65.8 9.6 0.0
1 641.6 1.0 67.8 73.0 7.2 0.0
2 435.666666667 0.0 52.4 62.2 7.0 0.002
2 725.3 2.0 64.8 71.0 7.6 0.0
2 555.8 2.0 69.8 54.2 4.2 0.0
3 991.0 2.0 67.2 40.2 2.8 0.002
2 852.583333333 1.0 64.6 71.4 6.4 0.0
1 776.0 1.0 69.0 74.0 8.0 0.0
3 899.0 0.0 72.8 36.6 5.0 0.0
1 7602.33333333 0.0 61.4 71.8 6.4 0.012
3 593.0 2.0 61.0 80.0 9.0 0.0
1 488.5 3.0 51.6 56.8 10.4 0.0
3 1683.0 0.0 53.2 55.0 1.8 0.0
3 1945.0 3.0 54.6 69.6 2.0 0.0
2 6539.0 2.0 66.8 70.0 6.8 0.0
2 570.5 0.0 58.0 78.2 4.4 0.0
2 1302.5 3.0 50.4 82.2 1.8 0.004
3 1262.0 1.0 69.4 72.8 7.6 0.0
2 899.3 2.0 60.4 62.6 4.4 0.0
1 1522.0 3.0 52.2 66.4 1.2 0.0
2 810.666666667 2.0 72.0 57.2 3.6 0.0
2 2639.8 3.0 54.6 69.6 2.0 0.0
2 2690.88235294 2.0 76.2 52.8 4.2 0.0
2 528.846153846 0.0 66.6 64.0 3.6 0.0
1 387.75 0.0 66.4 57.6 5.6 0.0
2 618.909090909 1.0 70.6 67.2 7.0 0.0
2 585.583333333 2.0 69.2 53.0 4.8 0.0
1 2081.66666667 1.0 71.0 68.0 6.2 0.0
2 629.125 1.0 72.6 70.4 7.2 0.0
1 564.25 0.0 53.4 52.6 2.2 0.0
2 1966.58333333 1.0 73.0 68.8 5.6 0.0
2 813.363636364 3.0 50.6 72.8 4.2 0.0
1 1039.0 2.0 66.0 69.0 9.0 0.0
3 965.666666667 0.0 60.4 55.0 10.6 0.0
2 1779.81818182 2.0 65.6 70.6 4.8 0.0
1 1033.0 0.0 60.4 55.0 10.6 0.0
3 780.0 0.0 64.8 68.8 7.6 0.0
3 401.0 0.0 63.0 63.6 7.6 0.0
2 16280.6666667 1.0 72.6 66.6 7.4 0.0
3 1103.0 2.0 70.8 74.0 7.4 0.0
3 174.333333333 1.0 65.0 70.0 5.8 0.0
1 1309.75 0.0 63.6 70.6 8.0 0.0
3 967.0 0.0 54.4 85.4 3.6 0.002
3 245.0 2.0 52.2 73.6 3.2 0.0
1 378.0 2.0 71.6 65.2 6.4 0.0
2 505.666666667 0.0 56.2 80.4 3.6 0.0
2 708.0 0.0 60.0 78.0 9.0 0.02
1 265.0 3.0 59.8 81.2 3.0 0.028
2 682.625 0.0 60.4 78.8 7.2 0.0
1 697.5 3.0 48.0 43.6 2.4 0.0
1 1776.66666667 1.0 64.4 66.2 7.8 0.0
1 915.0 3.0 43.0 56.0 3.0 0.0
3 257.0 1.0 68.6 70.4 7.0 0.0
0 1796.5 2.0 70.8 74.0 7.4 0.0
2 1752.2 0.0 58.6 75.4 4.8 0.0
2 866.714285714 2.0 70.6 65.6 4.4 0.0
1 1391.33333333 3.0 61.6 80.6 4.6 0.006
2 579.888888889 2.0 60.8 58.6 3.2 0.0
2 740.923076923 0.0 52.0 74.2 2.6 0.0
1 327.0 0.0 53.2 55.0 1.8 0.0
3 225.0 0.0 55.6 85.8 5.0 0.006
3 968.0 0.0 56.0 72.0 15.0 0.0
2 784.5625 2.0 68.6 71.2 7.2 0.0
1 343.0 0.0 54.0 63.0 13.0 0.0
1 259.666666667 0.0 59.0 70.0 8.0 0.0
2 460.625 0.0 58.2 62.0 6.8 0.0
2 3701.33333333 3.0 53.2 82.6 12.2 0.564
2 542.666666667 2.0 68.6 64.0 5.8 0.0
3 1239.0 0.0 67.8 57.8 6.6 0.0
1 2265.2 2.0 56.0 69.6 4.0 0.0
2 674.0 0.0 56.8 69.0 8.6 0.0
3 1383.5 2.0 72.0 57.2 3.6 0.0
3 1190.0 0.0 51.0 60.8 1.8 0.0
2 1793.07692308 0.0 63.0 68.0 4.8 0.0
2 2079.05263158 1.0 69.2 67.4 8.4 0.0
3 636.0 0.0 56.8 69.0 8.6 0.0
0 869.0 0.0 59.2 60.6 9.4 0.0
1 624.571428571 2.0 62.6 64.8 4.4 0.0
1 412.0 2.0 68.8 66.6 6.8 0.0
2 1111.0 2.0 71.8 53.2 3.8 0.0
2 436.2 0.0 50.6 85.6 7.2 0.458
2 2389.0 0.0 52.8 65.8 4.4 0.0
3 46121.0 2.0 68.4 73.0 8.4 0.0
2 637.909090909 0.0 56.0 65.6 5.8 0.014
3 2675.25 1.0 61.0 74.0 9.0 0.0
2 1026.72727273 2.0 62.8 64.0 3.0 0.0
2 3207.28571429 2.0 53.8 54.2 2.2 0.0
2 2852.0 3.0 52.6 46.0 2.0 0.0
2 527.857142857 2.0 62.6 64.8 4.4 0.0
2 1273.52941176 2.0 55.2 78.6 4.0 0.0
1 343.333333333 2.0 65.6 74.6 4.4 0.0
0 1664.33333333 2.0 64.8 64.6 2.4 0.0
2 974.0 0.0 53.0 76.6 5.0 0.004
1 326.0 0.0 54.0 72.0 4.4 0.0
2 715.0 2.0 60.0 73.6 3.2 0.0
3 353.0 3.0 48.8 71.8 3.8 0.0
1 860.666666667 2.0 57.6 71.6 5.6 0.0
1 959.5 0.0 54.6 71.4 10.2 0.23
3 833.333333333 0.0 60.4 62.0 10.8 0.0
2 504.363636364 2.0 53.4 63.6 3.2 0.0
2 545.416666667 0.0 55.6 85.8 5.0 0.006
1 544.2 3.0 44.4 63.8 1.4 0.0
2 985.428571429 2.0 63.4 76.6 6.2 0.35
2 689.75 0.0 58.2 73.4 1.8 0.0
2 949.384615385 0.0 60.0 72.0 5.0 0.0
1 641.5 2.0 53.4 63.6 3.2 0.0
1 578.0 1.0 71.2 70.2 9.0 0.0
1 623.0 0.0 56.0 66.6 5.4 0.022
3 417.5 1.0 65.2 63.8 10.2 0.0
1 1063.25 2.0 59.8 70.0 3.0 0.0
3 990.0 0.0 57.6 55.8 14.2 0.0
2 604.0 2.0 55.4 68.6 3.6 0.0
1 22279.5 0.0 56.6 57.2 7.0 0.0
1 875.0 1.0 70.8 58.2 8.2 0.0
3 816.5 2.0 68.8 64.2 7.2 0.342
1 1647.0 2.0 63.4 62.4 4.0 0.0
2 291.0 0.0 59.4 67.6 8.2 0.0
2 520.7 0.0 57.2 74.2 7.8 0.19
1 301.0 1.0 64.0 53.4 7.2 0.0
2 2004.0 2.0 59.8 80.6 8.6 0.056
1 920.0 2.0 61.4 61.0 3.6 0.0
1 4212.36363636 2.0 55.2 76.6 2.6 0.0
2 537.071428571 2.0 65.6 74.6 4.4 0.0
2 526.538461538 3.0 51.4 61.8 1.2 0.0
2 1227.5 0.0 58.8 72.6 8.6 0.0
2 684.866666667 0.0 53.8 57.0 3.0 0.0
2 729.125 1.0 61.2 63.2 9.4 0.0
1 6859.0 0.0 55.8 76.6 2.2 0.0
3 1013.0 0.0 53.4 81.8 4.6 0.004
1 422.666666667 0.0 65.4 31.2 10.6 0.0
3 333.0 1.0 67.6 71.0 8.0 0.0
3 607.0 2.0 69.2 70.4 5.0 0.0
1 245.0 0.0 52.8 67.2 3.2 0.0
0 550.0 0.0 59.6 71.6 7.0 0.0
2 445.222222222 0.0 63.0 71.0 7.0 0.0
1 2042.0 0.0 53.0 83.0 2.6 0.0
3 1239.0 2.0 71.4 65.6 5.8 0.0
2 3565.5 2.0 67.4 64.2 5.6 0.0
1 2252.77777778 2.0 69.8 67.6 6.6 0.0
2 382.25 2.0 55.8 67.0 1.8 0.0
2 543.8 2.0 55.6 64.6 6.4 0.002
2 3720.75 2.0 53.0 72.2 2.0 0.0
2 506.285714286 0.0 55.8 62.0 6.6 0.002
1 1252.33333333 0.0 63.8 72.2 7.8 0.0
1 1465.0 2.0 55.4 66.0 6.0 0.0
2 2176.11111111 2.0 70.0 66.8 4.6 0.0
1 469.0 0.0 64.6 67.0 8.2 0.0
2 526.111111111 2.0 53.0 69.2 1.0 0.0
1 1611.0 0.0 59.8 67.2 8.2 0.0
3 307.0 2.0 67.4 64.2 5.6 0.0
3 1310.0 0.0 55.4 72.2 8.0 0.132
2 745.9 0.0 61.6 42.8 10.6 0.0
3 524.0 0.0 61.2 70.0 6.0 0.0
2 601.2 1.0 65.6 72.4 6.8 0.0
3 870.0 1.0 69.6 73.6 6.0 0.0
1 1215.33333333 2.0 56.0 80.2 3.0 0.002
2 455.9 2.0 64.2 43.4 3.2 0.0
3 309.0 1.0 70.6 65.4 8.0 0.002
2 1088.7 0.0 58.4 81.6 3.2 0.0
1 292.0 1.0 64.0 66.0 12.0 0.0
2 1378.0 0.0 53.0 83.0 2.6 0.0
3 556.333333333 0.0 50.4 78.8 2.6 0.0
0 7041.0 1.0 72.8 64.2 7.4 0.0
2 466.6 0.0 61.0 73.2 6.0 0.04
2 775.066666667 0.0 59.0 71.0 10.0 0.05
2 2553.72727273 1.0 69.8 70.8 6.6 0.0
3 816.0 3.0 41.0 60.2 1.2 0.0
3 983.5 0.0 61.0 73.2 6.0 0.04
1 541.333333333 2.0 55.8 67.0 1.8 0.0
1 527.5 2.0 58.6 73.2 3.4 0.0
2 440.2 2.0 72.2 63.6 5.0 0.0
2 1321.0 0.0 53.0 64.2 7.4 0.028
2 695.583333333 0.0 59.4 69.8 10.0 0.054
3 513.666666667 0.0 59.4 64.2 8.6 0.0
3 307.333333333 0.0 55.4 72.6 2.8 0.0
1 197.0 2.0 56.2 82.2 4.8 0.0
1 840.6 1.0 68.4 65.0 6.0 0.0
1 185.5 0.0 58.0 58.0 6.0 0.0
1 299.5 3.0 40.2 49.2 4.2 0.0
2 1791.5 2.0 56.2 61.6 3.8 0.002
0 946.0 1.0 63.2 65.0 7.2 0.0
2 1254.0 0.0 62.4 85.8 6.6 0.086
1 9862.33333333 0.0 55.4 68.6 7.4 0.008
0 229.0 1.0 67.6 66.8 6.2 0.0
2 517.571428571 0.0 50.4 78.8 2.6 0.0
1 798.8 0.0 59.6 71.6 7.0 0.0
3 3515.0 1.0 69.6 56.8 6.8 0.0
2 1033.5 0.0 55.8 81.4 3.4 0.006
1 1645.0 0.0 52.4 69.2 1.2 0.0
3 727.25 2.0 69.2 70.4 6.8 0.0
2 1380.0 1.0 66.0 69.6 6.8 0.0
3 683.0 2.0 65.4 76.0 6.2 0.32
3 915.0 1.0 69.0 68.6 8.0 0.0
1 483.0 0.0 61.4 69.6 5.2 0.0
2 2468.55555556 0.0 55.0 72.0 15.0 0.52
3 901.333333333 1.0 71.2 70.2 9.0 0.0
1 271.0 1.0 73.0 68.8 5.6 0.0
2 1069.66666667 0.0 59.2 60.6 9.4 0.0
1 387.25 1.0 65.0 70.0 5.8 0.0
2 869.736842105 1.0 65.2 65.6 9.8 0.0
1 558.333333333 0.0 56.6 71.0 8.2 0.01
2 612.583333333 0.0 50.8 69.2 1.4 0.0
2 639.125 0.0 53.4 52.6 2.2 0.0
2 1591.71428571 1.0 71.0 68.0 6.2 0.0
1 958.2 0.0 62.2 68.4 5.6 0.0
1 1380.5 0.0 65.6 60.0 4.0 0.0
2 471.8 0.0 58.6 71.0 8.6 0.0
1 523.5 0.0 58.2 62.0 6.8 0.0
2 686.666666667 0.0 52.4 60.8 2.2 0.0
3 230.0 2.0 60.6 68.2 3.8 0.0
1 7415.6 1.0 74.2 60.2 6.0 0.0
3 1068.0 2.0 67.4 74.0 6.8 0.0
2 3397.3 2.0 59.2 73.8 4.2 0.0
2 545.857142857 0.0 59.4 77.0 4.6 0.0
3 323.6 1.0 70.4 48.2 6.0 0.0
3 921.0 1.0 65.8 72.0 9.0 0.0
3 1327.5 2.0 65.8 68.8 5.6 0.0
3 670.0 1.0 69.2 67.4 8.4 0.0
0 177.0 0.0 59.8 69.0 9.0 0.0
1 5315.0 0.0 60.0 66.4 7.4 0.0
2 412.0 0.0 55.4 89.2 2.6 0.0
2 1410.78571429 2.0 57.8 36.0 6.0 0.0
1 191.5 2.0 54.8 53.8 4.8 0.0
2 350.666666667 0.0 41.8 64.6 2.0 0.0
2 2955.36363636 0.0 62.2 60.0 5.8 0.0
2 872.4 2.0 69.2 70.4 6.8 0.0
1 1226.16666667 0.0 61.0 56.4 6.0 0.0
3 775.25 1.0 67.2 67.6 9.0 0.0
2 638.0 2.0 74.0 41.4 3.6 0.0
3 1754.0 2.0 65.4 73.2 5.2 0.0
1 750.333333333 0.0 64.8 68.8 7.6 0.0
1 212.0 0.0 47.6 69.0 2.0 0.0
1 13090.5 1.0 69.0 72.2 6.8 0.0
2 416.461538462 0.0 55.4 74.8 4.8 0.0
1 1143.0 0.0 57.0 55.4 3.2 0.0
2 447.125 3.0 57.8 82.0 3.2 0.0
2 1474.5 2.0 54.6 66.8 1.6 0.0
1 205.0 2.0 57.4 81.8 4.0 0.0
3 441.5 0.0 74.8 35.2 4.2 0.0
2 996.416666667 1.0 66.2 62.2 7.6 0.0
1 2842.2 2.0 59.2 62.4 4.2 0.0
2 19662.5 1.0 67.6 75.4 7.2 0.0
1 1043.0 1.0 69.8 71.2 6.6 0.0
2 1169.0 1.0 68.6 68.4 7.0 0.0
2 4583.11111111 2.0 62.8 50.8 6.4 0.0
1 908.0 0.0 51.0 63.0 6.0 0.0
0 698.0 0.0 58.4 81.6 3.2 0.0
2 1490.75 0.0 61.4 65.8 4.2 0.0
3 485.0 0.0 58.8 70.0 6.8 0.0
3 180.0 0.0 50.8 69.2 1.4 0.0
1 2369.0 0.0 69.4 63.8 5.0 0.0
3 654.5 2.0 63.4 62.4 4.0 0.0
3 499.0 2.0 63.6 79.6 5.0 0.0
3 790.0 0.0 50.6 85.6 7.2 0.458
0 1075.0 0.0 57.0 60.6 3.8 0.0
1 1675.0 1.0 68.6 68.4 7.0 0.0
2 947.384615385 1.0 69.6 66.0 7.0 0.0
1 415.5 2.0 58.4 78.2 3.8 0.0
1 376.0 1.0 69.4 72.8 7.6 0.0
3 178.5 2.0 70.6 73.4 6.6 0.002
2 643.769230769 3.0 51.4 60.0 1.0 0.0
3 1051.5 1.0 67.6 71.8 6.0 0.0
1 824.666666667 0.0 60.2 60.0 5.4 0.0
1 3050.5 0.0 58.6 57.6 3.4 0.0
1 460.4 0.0 57.0 72.0 14.0 0.0
2 3884.14285714 0.0 62.4 62.2 5.4 0.0
1 1192.0 2.0 57.0 76.0 4.4 0.0
2 1271.13333333 0.0 58.4 50.0 4.4 0.0
1 1267.75 0.0 70.0 48.0 5.2 0.0
1 216.0 0.0 54.0 68.6 5.8 0.0
1 293.0 0.0 59.6 70.2 7.8 0.004
3 894.666666667 1.0 68.8 70.2 7.2 0.0
1 1245.0 2.0 57.6 65.8 9.6 0.0
2 4841.75 0.0 62.0 63.4 4.6 0.0
1 446.142857143 1.0 68.0 70.4 8.0 0.0
2 1944.33333333 2.0 54.6 59.4 5.2 0.0
3 243.0 2.0 56.0 85.8 3.4 0.184
3 288.0 0.0 58.0 68.4 9.0 0.0
3 223.0 1.0 63.6 62.8 9.0 0.0
1 240.25 0.0 51.8 84.6 2.0 0.004
3 764.5 2.0 53.4 63.6 3.2 0.0
1 1785.0 0.0 59.4 60.4 3.6 0.0
1 2135.2 2.0 57.8 61.4 2.4 0.0
3 872.5 1.0 64.4 66.2 7.8 0.0
2 812.6 0.0 57.0 63.0 12.0 0.0
2 728.8 1.0 59.0 70.0 8.0 0.0
1 1514.6 0.0 65.2 58.0 5.2 0.0
2 576.727272727 0.0 52.6 66.8 2.6 0.0
1 269.2 0.0 67.0 49.6 6.0 0.0
1 142.0 2.0 59.6 78.8 3.6 0.004
1 229.0 2.0 55.2 57.6 3.0 0.0
1 486.0 0.0 59.4 66.8 7.6 0.0
1 2804.0 2.0 68.6 67.2 7.8 0.0
2 819.454545455 0.0 53.6 46.8 4.2 0.0
2 672.0 0.0 60.6 58.2 6.8 0.0
3 663.0 0.0 61.6 64.8 8.2 0.004
1 590.166666667 1.0 66.2 73.2 7.8 0.0
1 806.25 2.0 65.6 70.6 4.8 0.0
2 595.384615385 2.0 58.2 70.0 4.0 0.0
2 658.5 0.0 54.2 59.2 7.8 0.0
2 753.25 0.0 57.0 60.6 3.8 0.0
3 790.0 0.0 59.4 67.6 8.2 0.0
2 617.777777778 2.0 55.0 80.0 9.0 0.0
3 865.0 3.0 60.4 82.8 6.4 0.028
3 752.0 0.0 66.4 57.6 5.6 0.0
2 579.909090909 0.0 54.0 75.0 8.0 0.15
1 686.5 0.0 64.8 46.8 8.4 0.0
2 484.583333333 0.0 70.0 48.0 5.2 0.0
2 875.0 3.0 50.4 63.0 1.8 0.0
3 890.0 2.0 58.0 74.0 2.6 0.0
2 962.25 0.0 58.2 57.0 3.0 0.0
2 692.666666667 2.0 72.2 70.0 7.6 0.0
3 1114.66666667 2.0 62.0 46.6 8.4 0.0
1 2863.0 0.0 53.6 70.2 3.0 0.0
0 7194.0 2.0 61.4 68.4 4.2 0.0
1 179.5 0.0 59.0 63.0 9.0 0.0
0 8361.0 0.0 67.8 57.8 6.6 0.0
1 191.0 0.0 54.6 80.0 2.4 0.0
1 1274.0 2.0 58.0 74.0 2.6 0.0
3 265.0 0.0 50.0 75.2 4.8 0.0
1 935.333333333 0.0 55.4 72.2 8.0 0.132
1 3502.5 1.0 68.0 66.8 7.8 0.0
2 786.666666667 0.0 64.8 46.8 8.4 0.0
0 925.0 2.0 67.0 72.0 9.0 0.0
2 712.1875 0.0 51.8 77.6 1.6 0.0
3 423.0 0.0 60.2 72.8 2.4 0.0
1 1825.0 0.0 57.8 73.4 11.2 0.178
3 554.0 2.0 70.0 66.8 4.6 0.0
3 579.0 0.0 54.6 80.0 2.4 0.0
1 189.0 1.0 68.6 58.8 7.0 0.0
3 231.666666667 0.0 55.6 81.2 3.2 0.0
2 1691.88235294 1.0 71.0 69.0 7.6 0.0
2 1966.0 3.0 58.0 83.0 2.2 0.004
1 482.333333333 1.0 72.4 64.6 6.6 0.0
1 1400.33333333 2.0 69.0 32.0 6.6 0.0
2 644.8 2.0 59.6 78.8 3.6 0.004
3 608.666666667 0.0 57.0 72.0 13.0 0.0
1 778.333333333 0.0 51.2 61.6 0.8 0.0
2 517.714285714 3.0 60.8 84.2 10.8 0.93
2 498.454545455 3.0 41.0 60.2 1.2 0.0
2 548.923076923 0.0 51.8 84.6 2.0 0.004
2 801.111111111 0.0 56.0 84.6 5.2 0.0
3 332.0 1.0 62.0 68.4 8.0 0.0
1 753.333333333 1.0 62.0 68.4 8.0 0.0
2 715.083333333 2.0 69.8 67.6 6.6 0.0
2 434.5 2.0 55.2 75.8 7.8 0.002
1 1317.5 1.0 65.6 72.4 6.8 0.0
2 565.428571429 0.0 60.2 60.0 5.4 0.0
1 250.0 3.0 58.2 86.0 7.0 0.94
3 298.0 0.0 59.2 68.6 8.2 0.02
3 597.0 0.0 56.0 71.0 9.0 0.0
2 3438.88888889 1.0 65.6 57.4 6.6 0.0
1 464.333333333 0.0 61.0 65.2 7.0 0.002
2 584.0 3.0 53.0 87.0 3.0 0.48
1 288.0 0.0 52.8 70.2 6.6 0.008
3 891.0 2.0 56.0 71.0 13.0 0.0
1 2557.0 2.0 62.8 64.0 3.0 0.0
2 719.875 0.0 60.8 72.8 5.4 0.0
2 723.0 0.0 62.4 71.8 6.0 0.056
0 1004.0 1.0 67.2 69.0 6.2 0.0
3 823.333333333 2.0 66.0 39.0 3.0 0.0
1 10869.5 0.0 56.8 47.4 11.6 0.0
2 601.2 2.0 60.2 70.2 6.8 0.042
1 358.5 2.0 58.6 81.0 6.6 0.226
3 333.5 3.0 44.4 63.8 1.4 0.0
1 621.666666667 0.0 58.4 50.0 4.4 0.0
2 427.4 0.0 55.6 61.4 3.8 0.0
2 824.857142857 2.0 63.4 62.4 4.0 0.0
3 213.0 0.0 63.8 72.2 7.8 0.0
2 598.363636364 0.0 56.2 47.0 1.8 0.0
1 676.666666667 0.0 52.4 60.8 2.2 0.0
1 1187.8 0.0 58.2 73.4 1.8 0.0
2 16695.1428571 3.0 59.8 81.2 3.0 0.028
2 416.666666667 0.0 52.8 71.0 4.4 0.0
2 566.625 0.0 57.2 70.6 8.0 0.0
2 2495.88888889 0.0 56.6 71.0 8.2 0.01
1 1425.5 2.0 54.6 59.4 5.2 0.0
1 344.5 1.0 65.2 63.8 10.2 0.0
3 328.0 0.0 56.0 66.6 5.4 0.022
2 697.888888889 0.0 61.8 48.6 4.6 0.0
3 635.0 2.0 64.0 61.0 8.0 0.0
2 535.75 1.0 67.2 67.6 9.0 0.0
1 650.666666667 2.0 52.2 73.6 3.2 0.0
1 1554.2 0.0 51.0 60.8 1.8 0.0
1 900.0 2.0 59.8 85.6 5.8 0.194
1 1210.0 2.0 72.0 57.2 3.6 0.0
2 989.421052632 2.0 55.4 66.0 6.0 0.0
1 993.5 0.0 63.0 68.0 4.8 0.0
2 705.3 2.0 62.8 61.0 6.2 0.0
0 922.0 2.0 62.0 46.6 8.4 0.0
1 703.0 0.0 47.8 69.0 1.0 0.0
1 423.0 2.0 68.6 71.2 7.2 0.0
1 1648.66666667 0.0 68.6 59.6 3.6 0.0
1 552.0 2.0 58.8 46.6 3.0 0.0
3 935.0 0.0 58.0 68.0 11.0 0.0
3 792.0 1.0 70.0 73.2 9.0 0.0
2 3027.75 0.0 54.4 85.4 3.6 0.002
2 810.0 0.0 57.8 67.0 3.6 0.0
2 2025.38461538 1.0 68.0 70.4 8.0 0.0
3 361.0 0.0 47.0 70.0 4.2 0.0
2 9516.25 0.0 61.8 67.6 10.8 0.0
2 2551.5 0.0 57.4 67.2 5.6 0.0
2 527.909090909 0.0 59.0 71.0 9.0 0.02
1 323.666666667 2.0 58.0 68.0 4.0 0.0
2 610.0 0.0 52.6 72.0 5.2 0.032
1 578.5 2.0 57.8 36.0 6.0 0.0
2 927.25 0.0 67.8 57.8 6.6 0.0
1 473.5 2.0 65.2 72.2 3.2 0.002
2 431.25 0.0 61.4 72.8 6.2 0.0
1 418.0 2.0 69.2 53.0 4.8 0.0
2 846.0 2.0 69.0 76.8 6.4 0.0
1 998.0 0.0 51.6 66.2 8.6 0.0
3 1004.0 2.0 58.8 46.6 3.0 0.0
3 9685.0 2.0 54.8 53.8 4.8 0.0
3 224.0 0.0 61.4 73.0 8.2 0.0
3 569.0 0.0 56.0 65.6 5.8 0.014
1 450.0 0.0 61.0 73.2 6.0 0.04
1 528.0 2.0 62.8 50.8 6.4 0.0
2 747.0 2.0 55.4 68.0 3.6 0.0
3 258.0 0.0 60.8 74.8 3.2 0.0
3 445.6 1.0 66.2 62.2 7.6 0.0
2 3332.83333333 2.0 70.0 51.0 6.0 0.0
1 764.4 2.0 67.8 68.6 4.0 0.0
1 620.0 2.0 60.8 58.6 3.2 0.0
3 527.0 0.0 54.0 64.0 7.0 0.0
3 1395.0 0.0 60.0 45.0 7.8 0.0
3 1025.0 0.0 52.0 74.2 2.6 0.0
2 317.666666667 0.0 44.6 45.4 3.8 0.0
1 669.25 3.0 58.0 76.2 2.8 0.004
1 596.4 2.0 68.6 64.0 5.8 0.0
2 617.6 3.0 50.0 66.6 8.4 0.0
2 1392.25 2.0 64.6 79.4 5.4 0.0
2 2719.4 2.0 68.8 64.2 7.2 0.342
2 677.761904762 0.0 60.4 70.4 2.0 0.0
1 292.0 0.0 58.8 65.8 6.2 0.006
3 368.5 2.0 55.4 68.6 3.6 0.0
1 501.5 2.0 67.0 43.6 4.4 0.0
2 976.285714286 1.0 67.0 69.0 11.0 0.0
3 1093.5 2.0 53.8 70.8 1.2 0.0
1 1073.5 0.0 59.8 57.8 6.2 0.0
2 920.454545455 2.0 58.8 46.6 3.0 0.0
3 750.0 0.0 54.0 84.4 3.6 0.0
1 753.8 0.0 58.2 57.0 3.0 0.0
1 665.666666667 2.0 72.2 63.6 5.0 0.0
1 2319.5 0.0 62.8 67.0 6.4 0.0
3 1327.5 2.0 67.2 73.2 5.6 0.0
2 991.0 2.0 68.6 68.8 5.8 0.0
1 835.0 3.0 52.0 86.0 3.0 0.0
2 526.857142857 0.0 59.0 73.0 9.0 0.0
1 479.5 1.0 73.4 60.8 5.4 0.0
3 974.0 0.0 61.4 65.8 4.2 0.0
2 749.3 1.0 64.8 74.6 8.4 0.0
3 351.666666667 3.0 60.8 84.2 10.8 0.93
3 1139.0 0.0 57.6 65.4 6.0 0.0
3 716.4 2.0 65.2 72.2 3.2 0.002
1 704.666666667 1.0 67.4 68.4 8.6 0.0
2 1321.75 3.0 50.6 61.4 7.4 0.0
3 226.0 2.0 61.0 84.6 6.6 0.088
1 496.0 0.0 50.8 69.2 1.4 0.0
3 346.0 0.0 51.8 84.6 2.0 0.004
1 879.285714286 0.0 66.6 64.0 3.6 0.0
3 934.5 0.0 65.4 31.2 10.6 0.0
3 418.0 3.0 51.4 61.8 1.2 0.0
1 1256.66666667 2.0 68.4 65.0 4.8 0.0
1 329.0 0.0 58.4 81.4 4.2 0.0
2 484.0 3.0 53.0 80.4 6.0 0.104
1 2357.0 3.0 50.4 63.0 1.8 0.0
3 324.5 0.0 58.4 71.0 2.2 0.0
1 9335.0 0.0 57.4 68.2 7.0 0.0
2 1480.3 2.0 68.6 56.8 5.0 0.0
2 1271.0 2.0 56.6 66.6 2.4 0.0
3 257.666666667 2.0 68.8 66.6 6.8 0.0
1 2129.8 1.0 72.6 70.4 7.2 0.0
2 1528.1875 2.0 62.0 46.6 8.4 0.0
1 349.0 0.0 57.0 59.8 6.2 0.0
3 610.0 0.0 51.2 78.0 9.0 0.302
1 2678.0 0.0 61.2 70.0 6.0 0.0
1 803.0 1.0 67.6 66.8 6.2 0.0
3 1877.5 0.0 67.2 36.4 7.4 0.0
2 480.076923077 0.0 55.8 76.6 2.2 0.0
1 468.5 3.0 48.2 69.2 1.0 0.0
1 363.166666667 1.0 67.0 71.0 10.0 0.0
2 578.1 2.0 55.2 52.2 3.6 0.0
2 1953.125 0.0 52.0 68.2 4.6 0.02
1 3795.5 3.0 44.8 62.4 2.4 0.0
3 798.0 2.0 74.6 41.8 3.4 0.0
3 733.0 0.0 66.6 64.0 3.6 0.0
2 618.545454545 0.0 58.4 81.4 4.2 0.0
2 1677.71428571 2.0 68.4 65.0 4.8 0.0
3 306.0 0.0 59.2 77.0 6.4 0.008
1 491.333333333 0.0 59.4 64.2 8.6 0.0
3 307.0 0.0 67.0 49.6 6.0 0.0
1 656.0 0.0 49.0 78.0 3.0 0.0
3 261.0 2.0 69.8 67.6 6.6 0.0
3 210.0 2.0 60.0 66.8 5.2 0.0
2 1287.42857143 2.0 69.2 70.4 5.0 0.0
2 669.545454545 0.0 75.4 35.6 5.2 0.0
1 400.333333333 0.0 53.8 57.0 3.0 0.0
1 515.0 2.0 68.6 56.8 5.0 0.0
1 200.0 2.0 74.6 41.8 3.4 0.0
1 563.142857143 0.0 51.2 78.0 9.0 0.302
3 217.0 3.0 58.8 83.0 2.8 0.0
2 548.2 0.0 47.6 69.0 2.0 0.0
1 4047.83333333 2.0 53.0 72.2 2.0 0.0
2 496.7 2.0 54.8 63.2 2.4 0.0
2 1557.33333333 0.0 55.2 76.8 8.4 0.22
2 1291.5 0.0 59.2 77.0 6.4 0.008
3 737.0 1.0 66.2 73.2 7.8 0.0
1 1175.66666667 2.0 68.4 73.0 8.4 0.0
2 3702.0 0.0 56.6 57.2 7.0 0.0
1 141.0 0.0 51.8 77.6 1.6 0.0
1 382.333333333 0.0 57.0 57.0 13.0 0.0
2 420.833333333 0.0 47.4 70.4 4.6 0.022
1 274.0 0.0 59.0 76.6 7.0 0.0
1 577.25 2.0 60.2 70.2 6.8 0.042
1 644.75 2.0 67.6 59.4 5.4 0.0
1 5261.33333333 2.0 63.8 75.4 8.2 0.0
3 850.333333333 0.0 58.6 71.0 8.6 0.0
1 399.0 0.0 61.6 77.2 18.0 0.696
3 527.0 3.0 59.6 79.4 7.4 0.002
1 358.0 0.0 59.2 68.6 8.2 0.02
1 1066.5 1.0 68.0 69.8 7.2 0.0
2 863.357142857 0.0 54.0 68.6 5.8 0.0
3 835.333333333 1.0 68.6 70.2 8.2 0.0
1 623.5 1.0 71.4 69.4 5.8 0.0
0 168.0 3.0 40.2 49.2 4.2 0.0
3 462.0 2.0 55.2 57.6 3.0 0.0
2 3212.66666667 0.0 63.8 72.2 7.8 0.0
2 2850.07692308 1.0 62.0 68.4 8.0 0.0
1 535.333333333 0.0 63.0 57.2 7.8 0.0
2 649.428571429 2.0 60.6 68.2 3.8 0.0
2 508.285714286 2.0 55.2 57.6 3.0 0.0
3 463.666666667 0.0 57.0 55.4 3.2 0.0
1 7849.0 3.0 47.8 64.8 1.0 0.0
3 808.0 0.0 55.0 72.0 15.0 0.52
3 530.0 0.0 60.8 67.4 6.6 0.0
2 2352.0 3.0 60.4 82.8 6.4 0.028
3 550.0 0.0 54.0 72.0 4.4 0.0
2 782.4 1.0 68.2 68.8 8.0 0.0
2 697.727272727 1.0 67.6 72.0 7.6 0.0
2 559.777777778 3.0 47.0 76.0 4.0 0.0
1 3460.5 0.0 58.8 72.6 8.6 0.0
2 471.416666667 0.0 69.4 45.4 3.8 0.0
2 455.9 0.0 56.0 73.0 7.0 0.036
2 585.083333333 1.0 61.0 71.0 8.0 0.0
2 4048.23076923 2.0 67.2 40.2 2.8 0.002
1 3252.5 2.0 57.0 73.0 4.4 0.0
2 2914.25 2.0 65.8 70.4 7.4 0.0
2 1354.0 0.0 49.2 58.0 1.6 0.0
1 1314.0 1.0 75.2 63.0 6.4 0.0
1 662.0 0.0 51.4 77.6 9.6 0.268
2 822.583333333 0.0 60.0 45.0 7.8 0.0
2 897.933333333 2.0 65.4 46.8 3.6 0.0
2 4693.875 1.0 68.0 70.8 7.4 0.0
2 450.6 3.0 52.0 64.0 1.2 0.0
1 975.6 2.0 69.6 68.8 4.8 0.0
2 652.769230769 0.0 62.0 62.4 11.0 0.0
1 649.5 2.0 66.8 70.0 6.8 0.0
3 321.0 0.0 57.6 83.4 3.0 0.0
1 6370.33333333 0.0 60.4 70.4 2.0 0.0
1 310.0 0.0 53.2 52.8 2.0 0.0
2 955.571428571 0.0 67.0 49.6 6.0 0.0
2 2952.66666667 0.0 61.2 70.0 6.0 0.0
1 581.0 2.0 65.8 66.2 4.6 0.0
2 841.333333333 1.0 68.0 64.0 9.0 0.0
2 1186.75 1.0 73.4 60.8 5.4 0.0
2 1780.28571429 2.0 68.6 73.6 6.2 0.0
2 795.214285714 3.0 50.0 61.0 2.0 0.0
2 1208.33333333 0.0 60.8 56.6 8.4 0.0
2 873.25 1.0 65.6 71.4 9.4 0.0
3 1213.0 0.0 59.0 69.0 8.0 0.0
2 543.142857143 0.0 56.8 47.4 11.6 0.0
1 360.0 2.0 65.4 73.2 5.2 0.0
2 583.0 0.0 51.4 77.6 9.6 0.268
1 9259.0 0.0 58.4 65.8 3.2 0.0
1 1158.28571429 2.0 64.8 71.0 7.6 0.0
1 477.0 0.0 61.4 72.8 6.2 0.0
2 498.692307692 0.0 61.0 66.0 5.0 0.0
2 937.071428571 3.0 48.0 43.6 2.4 0.0
3 1040.4 1.0 69.2 68.4 6.2 0.0
1 295.0 0.0 60.4 62.0 10.8 0.0
1 259.5 1.0 68.6 70.4 7.0 0.0
2 467.333333333 0.0 54.6 60.6 3.4 0.0
2 815.0 0.0 60.4 55.0 10.6 0.0
3 1164.5 0.0 61.0 56.4 6.0 0.0
2 443.818181818 0.0 56.6 46.2 3.6 0.0
1 2383.33333333 0.0 56.0 65.6 5.8 0.014
3 820.0 2.0 59.0 83.0 7.0 0.08
3 614.0 0.0 62.0 62.2 5.6 0.0
2 875.083333333 1.0 64.0 66.0 12.0 0.0
1 590.75 0.0 74.8 35.2 4.2 0.0
0 462.0 0.0 60.8 67.4 6.6 0.0
1 1537.75 2.0 68.2 75.2 5.8 0.0
0 383.0 3.0 44.4 63.8 1.4 0.0
1 815.666666667 3.0 43.2 51.0 3.4 0.0
3 861.333333333 0.0 57.0 48.0 13.0 0.0
2 34074.5 0.0 59.0 76.6 7.0 0.0
3 290.0 3.0 57.8 82.0 3.2 0.0
0 1508.125 3.0 51.4 63.4 1.2 0.0
2 1110.5 2.0 67.2 73.2 5.6 0.0
1 464.25 0.0 54.0 75.0 8.0 0.15
3 270.0 3.0 53.2 82.6 12.2 0.564
3 999.0 2.0 68.6 71.2 7.2 0.0
2 3849.72727273 1.0 67.2 69.0 6.2 0.0
1 527.2 2.0 63.0 60.2 6.4 0.0
3 945.0 0.0 55.4 89.2 2.6 0.0
0 953.0 0.0 59.8 69.0 6.0 0.214
2 851.133333333 0.0 61.0 56.4 6.0 0.0
1 389.5 2.0 51.6 69.0 1.4 0.0
1 251.0 1.0 69.6 73.6 6.0 0.0
3 499.5 0.0 53.2 52.8 2.0 0.0
2 1884.25 2.0 67.4 74.0 6.8 0.0
3 680.0 1.0 66.4 65.0 9.0 0.0
3 957.0 0.0 56.0 61.0 4.4 0.0
0 1343.0 2.0 71.6 43.0 3.6 0.0
3 1239.42857143 2.0 74.0 41.4 3.6 0.0
2 1115.91666667 0.0 58.8 70.0 6.8 0.0
2 1227.4 1.0 65.8 72.0 9.0 0.0
1 218.0 0.0 57.0 83.0 4.0 0.02
3 1003.5 0.0 51.2 61.6 0.8 0.0
2 1341.30769231 2.0 63.8 75.4 8.2 0.0
1 3911.75 0.0 62.4 62.8 4.4 0.0
1 3959.0 1.0 68.0 70.0 7.8 0.0
2 873.0 2.0 61.0 84.6 6.6 0.088
3 736.0 2.0 56.8 88.4 5.4 0.348
2 3880.57142857 0.0 63.0 57.2 7.8 0.0
2 482.538461538 0.0 57.8 78.6 3.6 0.0
3 3090.22222222 2.0 71.6 43.0 3.6 0.0
3 2110.0 0.0 60.4 70.4 2.0 0.0
1 381.0 0.0 62.4 85.8 6.6 0.086
1 326.0 2.0 67.6 72.2 7.0 0.0
0 5358.0 2.0 57.0 77.0 11.0 0.0
2 555.857142857 2.0 61.2 59.0 3.6 0.032
3 371.0 2.0 60.0 73.6 3.2 0.0
1 748.5 1.0 62.6 66.8 8.0 0.0
3 1550.33333333 2.0 65.4 70.0 6.8 0.0
2 839.0 3.0 62.8 79.4 5.0 0.094
3 321.0 3.0 60.6 76.8 3.6 0.002
1 561.0 3.0 52.8 78.2 5.0 0.0
0 1665.5 2.0 55.6 64.6 6.4 0.002
2 592.9 0.0 60.4 62.0 10.8 0.0
1 562.0 0.0 52.8 71.0 4.4 0.0
3 1235.0 1.0 67.4 63.8 8.4 0.0
1 620.0 0.0 57.0 74.4 5.6 0.0
2 456.0 3.0 50.2 54.2 8.2 0.0
2 726.363636364 0.0 62.0 64.0 8.0 0.0
2 495.555555556 0.0 52.8 67.2 3.2 0.0
0 1165.0 2.0 76.2 52.8 4.2 0.0
3 216.0 0.0 53.6 46.8 4.2 0.0
3 355.0 0.0 55.8 76.6 2.2 0.0
3 295.0 1.0 64.8 74.6 8.4 0.0
3 582.5 2.0 68.6 73.6 6.2 0.0
3 308.0 0.0 59.6 71.2 8.4 0.0
3 669.0 0.0 57.8 47.8 6.8 0.0
1 257.333333333 0.0 50.0 84.0 4.0 0.0
2 546.4 0.0 51.2 78.0 9.0 0.302
1 532.333333333 1.0 69.0 71.2 7.6 0.0
2 1020.33333333 1.0 67.2 69.8 9.4 0.004
1 1898.5 0.0 59.2 60.6 9.4 0.0
2 829.272727273 0.0 66.4 57.6 5.6 0.0
1 2170.33333333 0.0 67.8 42.8 4.8 0.0
1 427.0 0.0 69.4 45.4 3.8 0.0
2 1501.0 2.0 53.6 72.4 4.6 0.0
2 1875.38461538 1.0 67.8 72.0 8.6 0.0
1 154.0 0.0 54.6 34.4 9.4 0.0
1 1658.0 2.0 66.0 64.0 9.6 0.0
3 655.0 1.0 66.4 74.8 8.0 0.0
3 731.333333333 1.0 67.6 72.0 7.6 0.0
2 565.166666667 0.0 61.0 65.2 7.0 0.002
2 826.916666667 0.0 60.2 65.0 8.6 0.0
1 1155.25 2.0 65.2 72.6 5.0 0.0
1 816.75 2.0 66.0 67.0 7.0 0.0
1 553.666666667 0.0 57.4 71.2 5.6 0.0
2 543.181818182 0.0 58.0 68.4 9.0 0.0
1 311.0 0.0 48.2 76.0 1.6 0.0
2 539.4 0.0 54.6 80.0 2.4 0.0
1 302.0 0.0 60.0 63.0 7.0 0.0
2 3407.68421053 1.0 64.2 70.6 8.0 0.0
2 721.642857143 1.0 72.4 64.6 6.6 0.0
1 205.0 3.0 43.6 65.4 5.4 0.122
3 527.0 0.0 57.6 67.8 5.2 0.0
2 626.066666667 2.0 60.0 66.8 5.2 0.0
3 1056.0 2.0 68.0 65.8 9.0 0.0
3 531.0 2.0 62.6 71.4 6.2 0.002
2 1696.14285714 1.0 69.0 71.2 7.6 0.0
2 5870.14285714 0.0 62.8 67.0 6.4 0.0
2 497.5 2.0 67.2 67.8 5.6 0.0
1 640.25 0.0 57.2 70.6 8.0 0.0
1 215.0 1.0 65.0 72.0 11.0 0.0
3 236.0 0.0 70.0 48.0 5.2 0.0
1 158.0 2.0 53.8 54.2 2.2 0.0
2 463.181818182 0.0 57.4 57.6 8.6 0.0
3 406.0 3.0 43.6 65.4 5.4 0.122
3 7197.0 2.0 70.0 66.8 7.2 0.0
2 1031.375 2.0 51.6 69.0 1.4 0.0
3 809.0 0.0 56.8 79.6 10.8 0.544
2 1802.66666667 0.0 59.4 66.8 7.6 0.0
2 2257.16666667 1.0 67.4 68.4 8.6 0.0
1 319.0 1.0 66.2 62.2 7.6 0.0
3 815.0 0.0 73.0 42.8 5.2 0.0
3 510.0 2.0 66.0 67.0 7.0 0.0
3 227.0 0.0 61.6 77.2 18.0 0.696
1 447.666666667 2.0 72.2 70.0 7.6 0.0
1 1910.0 1.0 64.2 69.0 7.8 0.0
1 2868.16666667 2.0 67.2 35.6 2.4 0.0
2 1197.1 0.0 57.4 71.2 5.6 0.0
1 273.333333333 0.0 60.0 69.2 13.0 0.0
3 671.0 0.0 51.2 68.6 5.8 0.0
2 773.833333333 2.0 68.0 65.8 9.0 0.0
1 561.0 0.0 66.0 61.0 8.0 0.0
