482 58.2 71.2 8.6 0.0
466 58.0 78.2 4.4 0.0
551 53.2 52.8 2.0 0.0
540 63.2 62.4 6.4 0.0
456 57.2 73.6 2.8 0.0
537 63.0 57.2 7.8 0.0
442 57.4 53.0 6.2 0.0
756 59.0 75.0 9.0 0.0
922 58.2 62.0 6.8 0.0
709 60.2 60.0 5.4 0.0
573 61.0 73.2 6.0 0.04
640 55.2 74.6 3.6 0.002
1546 57.6 65.4 6.0 0.0
686 48.8 60.2 4.6 0.0
666 50.0 84.0 4.0 0.0
532 52.0 74.2 2.6 0.0
446 59.4 64.2 8.6 0.0
575 64.6 67.0 8.2 0.0
1684 57.0 67.0 6.0 0.0
504 61.4 70.4 3.8 0.0
1130 53.6 82.6 3.0 0.0
770 55.4 68.6 7.4 0.008
498 57.0 60.6 3.8 0.0
344 60.8 67.4 6.6 0.0
418 62.4 66.2 5.8 0.0
511 60.0 64.8 7.4 0.0
455 60.4 60.0 12.8 0.0
347 67.8 42.8 4.8 0.0
567 55.8 62.0 6.6 0.002
331 56.0 77.0 9.0 0.0
295 58.0 70.0 10.0 0.0
489 56.6 73.2 3.4 0.0
338 62.4 62.8 4.4 0.0
459 59.4 66.8 7.6 0.0
547 58.4 71.0 2.2 0.0
572 61.8 48.6 4.6 0.0
466 59.0 69.0 9.0 0.0
569 61.4 73.0 8.2 0.0
584 62.0 62.4 11.0 0.0
534 57.0 59.8 6.2 0.0
813 63.0 68.0 4.8 0.0
559 65.0 45.0 10.0 0.0
645 59.0 75.0 4.0 0.0
3358 54.0 84.4 3.6 0.0
421 49.2 58.0 1.6 0.0
553 54.6 80.0 2.4 0.0
417 57.0 68.0 7.0 0.0
386 59.4 69.8 10.0 0.054
405 65.4 31.2 10.6 0.0
547 52.8 71.0 4.4 0.0
526 56.8 54.4 1.8 0.0
456 52.6 66.8 2.6 0.0
892 66.4 59.8 4.0 0.0
611 62.8 65.8 9.0 0.0
526 55.2 68.0 6.0 0.048
504 59.0 66.0 7.0 0.0
4191 54.2 59.2 7.8 0.0
475 57.0 54.0 3.0 0.0
630 56.6 71.0 8.2 0.01
304 42.8 69.4 2.0 0.0
424 52.8 70.2 6.6 0.008
537 58.4 50.0 4.4 0.0
444 53.4 52.6 2.2 0.0
539 55.6 61.4 3.8 0.0
437 58.4 58.2 8.2 0.0
411 58.2 57.0 3.0 0.0
599 61.8 67.6 10.8 0.0
402 66.6 64.0 3.6 0.0
475 55.4 74.8 4.8 0.0
311 53.8 57.0 3.0 0.0
497 52.4 62.2 7.0 0.002
625 50.8 48.6 1.8 0.0
517 51.8 84.6 2.0 0.004
406 53.4 81.8 4.6 0.004
554 57.8 68.0 9.0 0.0
628 59.2 62.2 6.2 0.0
619 55.6 81.2 3.2 0.0
540 60.6 58.2 6.8 0.0
443 72.8 36.6 5.0 0.0
525 53.0 86.0 8.0 0.096
485 61.4 69.6 5.2 0.0
588 53.0 76.6 5.0 0.004
605 57.4 75.6 7.0 0.014
442 67.8 60.8 6.6 0.0
482 58.0 65.8 7.8 0.0
1032 66.0 61.0 8.0 0.0
485 59.4 77.0 4.6 0.0
468 61.0 65.2 7.0 0.002
906 44.6 45.4 3.8 0.0
2754 56.0 66.6 5.4 0.022
437 59.0 84.0 4.0 0.0
598 58.0 68.4 9.0 0.0
803 60.4 78.8 7.2 0.0
475 53.2 55.0 1.8 0.0
461 57.6 55.8 14.2 0.0
495 56.6 46.2 3.6 0.0
2035 57.8 73.4 11.2 0.178
405 60.0 66.4 7.4 0.0
512 54.6 60.6 3.4 0.0
747 57.8 75.4 10.6 0.762
564 58.0 61.0 7.0 0.0
450 54.4 85.4 3.6 0.002
506 59.8 69.0 6.0 0.214
468 47.4 70.4 4.6 0.022
560 64.8 46.8 8.4 0.0
482 56.4 67.4 4.2 0.0
518 75.4 45.6 4.4 0.0
637 58.8 72.6 8.6 0.0
408 63.0 60.0 6.0 0.0
586 58.2 73.4 1.8 0.0
553 57.8 78.6 3.6 0.0
735 60.2 70.0 6.6 0.0
455 65.6 60.0 4.0 0.0
596 54.0 69.0 11.0 0.11
356 58.4 63.4 8.4 0.0
531 61.6 64.8 8.2 0.004
1488 54.4 61.8 10.2 0.0
501 57.0 80.0 15.0 0.43
638 55.0 77.0 7.0 0.0
550 54.6 71.4 10.2 0.23
480 58.4 65.8 3.2 0.0
342 64.0 61.2 11.6 0.0
590 55.2 76.8 8.4 0.22
478 58.8 70.0 6.8 0.0
1525 65.0 47.0 8.0 0.0
914 60.2 60.6 9.2 0.0
495 61.6 69.6 5.8 0.0
526 49.0 72.0 2.0 0.0
381 47.0 70.0 4.2 0.0
379 69.0 53.0 6.0 0.0
475 62.8 67.0 6.4 0.0
450 60.2 76.8 6.4 0.0
906 52.4 81.0 2.6 0.0
717 56.0 53.4 8.0 0.0
1387 61.4 71.8 6.4 0.012
147 62.0 63.4 4.6 0.0
841 59.4 47.4 4.0 0.0
567 61.4 55.0 10.0 0.0
649 63.6 70.6 8.0 0.0
478 58.0 65.0 6.0 0.0
550 55.0 86.0 5.0 0.0
524 64.8 68.8 7.6 0.0
561 52.8 70.0 1.8 0.0
500 50.6 85.6 7.2 0.458
534 53.0 54.6 1.4 0.0
402 63.0 60.4 4.2 0.0
478 59.6 63.6 2.0 0.0
541 58.0 69.0 9.0 0.0
534 59.0 66.8 7.6 0.0
415 54.0 72.0 4.4 0.0
569 51.4 71.6 3.0 0.0
423 54.6 34.4 9.4 0.0
553 60.0 73.0 10.0 0.0
638 62.8 67.0 3.4 0.0
418 59.8 69.0 9.0 0.0
764 49.0 78.0 3.0 0.0
386 57.0 74.4 5.6 0.0
450 49.0 75.8 8.0 0.22
428 59.8 57.8 6.2 0.0
666 58.8 75.6 6.4 0.004
509 73.0 42.8 5.2 0.0
318 62.0 62.0 5.0 0.0
1211 56.8 69.0 8.6 0.0
549 61.0 40.0 11.0 0.0
458 56.0 80.0 6.0 0.0
572 56.0 68.0 19.0 0.0
603 60.6 85.0 4.2 0.004
493 55.6 85.8 5.0 0.006
23047 52.8 62.6 2.4 0.0
613 56.4 45.6 2.4 0.0
739 53.8 84.8 3.0 0.0
395 50.0 60.8 1.2 0.0
522 46.4 51.4 13.6 0.0
4558 41.8 64.6 2.0 0.0
536 53.8 76.8 3.4 0.0
459 67.0 48.0 4.0 0.0
671 59.8 65.2 3.4 0.0
465 51.2 78.0 9.0 0.302
22818 51.0 60.8 1.8 0.0
476 55.0 50.0 3.0 0.0
450 57.0 57.0 13.0 0.0
539 69.4 63.8 5.0 0.0
499 57.8 47.8 6.8 0.0
436 57.4 57.6 8.6 0.0
434 61.0 70.0 6.0 0.0
553 48.8 70.8 5.8 0.0
481 57.4 68.2 7.0 0.0
605 53.0 84.0 5.0 0.0
494 67.4 59.0 6.8 0.0
543 59.2 77.0 6.4 0.008
416 51.6 66.2 8.6 0.0
556 54.4 66.8 4.8 0.0
507 50.0 75.2 4.8 0.0
579 58.6 57.6 3.4 0.0
746 52.4 60.8 2.2 0.0
417 64.0 68.6 5.0 0.0
551 53.0 70.0 3.0 0.0
712 67.8 57.8 6.6 0.0
320 51.2 68.6 5.8 0.0
363 58.4 81.6 3.2 0.0
457 55.2 73.8 2.0 0.0
403 51.2 61.6 0.8 0.0
657 59.2 68.6 8.2 0.02
372 56.0 77.0 6.0 0.1
612 57.0 64.0 4.0 0.0
636 53.8 57.8 9.0 0.0
513 59.6 71.2 8.4 0.0
754 62.2 64.0 11.6 0.0
531 63.0 63.6 7.6 0.0
470 60.0 70.0 6.0 0.0
460 54.2 54.4 3.0 0.0
493 58.2 65.2 4.4 0.0
1173 48.2 76.0 1.6 0.0
498 51.0 69.0 2.0 0.0
503 57.4 67.2 5.6 0.0
554 55.8 76.6 2.2 0.0
463 55.4 72.2 8.0 0.132
495 62.4 71.8 6.0 0.056
784 58.6 66.0 5.2 0.0
334 63.2 62.2 5.6 0.0
373 60.8 72.8 5.4 0.0
501 63.0 66.0 15.0 0.0
523 58.8 65.8 6.2 0.006
571 53.0 83.0 2.6 0.0
466 59.6 66.8 6.2 0.0
431 53.6 46.8 4.2 0.0
566 60.0 61.0 8.0 0.0
526 60.8 74.8 3.2 0.0
812 74.8 35.2 4.2 0.0
382 60.0 68.0 7.0 0.0
387 60.6 79.8 5.0 0.0
412 67.0 49.6 6.0 0.0
494 57.0 67.0 5.0 0.0
674 57.2 74.2 7.8 0.19
245 55.4 89.2 2.6 0.0
774 75.4 35.6 5.2 0.0
779 51.8 77.6 1.6 0.0
357 60.6 83.2 11.4 0.456
598 52.8 67.2 3.2 0.0
411 54.0 68.6 5.8 0.0
6069 53.0 73.0 3.0 0.0
445 56.2 47.0 1.8 0.0
470 56.0 65.6 5.8 0.014
566 59.0 89.0 6.0 0.03
447 57.4 60.6 4.4 0.0
1280 52.4 64.0 2.2 0.0
457 52.0 68.2 4.6 0.02
471 62.4 55.4 5.8 0.0
319 59.2 60.6 9.4 0.0
670 55.0 63.0 6.0 0.0
506 61.0 64.0 17.0 0.0
278 58.6 71.0 8.6 0.0
1177 63.0 66.2 7.2 0.0
621 47.8 69.0 1.0 0.0
485 60.4 70.4 2.0 0.0
430 59.6 71.6 7.0 0.0
515 59.0 71.8 8.2 0.0
548 57.6 83.4 3.0 0.0
473 57.0 48.0 13.0 0.0
1233 52.6 72.0 5.2 0.032
566 47.6 69.0 2.0 0.0
458 59.0 75.0 8.0 0.0
598 51.4 77.6 9.6 0.268
582 56.0 61.0 8.0 0.0
120941 57.4 81.4 8.6 0.296
502 60.0 74.0 9.6 0.0
498 60.0 45.0 7.8 0.0
392 50.8 71.8 4.6 0.0
505 58.4 81.4 4.2 0.0
6880 60.8 56.6 8.4 0.0
559 60.2 72.0 11.0 0.092
620 57.4 71.2 5.6 0.0
458 50.2 91.2 2.2 0.0
520 63.8 72.2 7.8 0.0
401 67.0 55.0 6.0 0.0
319 62.0 62.2 5.6 0.0
1313 55.8 81.4 3.4 0.006
522 45.8 74.0 2.4 0.0
362 56.0 73.0 7.0 0.036
