3 444.5 0.0 51.2 61.6 0.8 0.0
0 546.0 1.0 67.0 78.0 7.0 0.0
3 345.5 2.0 61.0 66.0 2.0 0.0
3 474.666666667 1.0 77.2 53.0 6.0 0.0
2 633.333333333 2.0 57.6 66.8 2.0 0.0
3 1159.0 2.0 61.4 61.0 3.6 0.0
1 688.888888889 2.0 62.0 64.2 3.4 0.0
2 504.777777778 0.0 59.0 58.0 6.0 0.0
1 356.0 0.0 58.0 65.0 6.0 0.0
0 242.0 0.0 62.8 67.0 3.4 0.0
2 591.666666667 2.0 69.2 70.4 6.8 0.0
3 388.0 2.0 71.8 53.2 3.8 0.0
3 661.0 0.0 59.0 73.0 8.0 0.0
1 480.111111111 0.0 55.8 76.6 2.2 0.0
3 305.5 1.0 69.0 64.0 9.0 0.0
3 289.5 0.0 49.0 78.0 3.0 0.0
1 943.75 2.0 68.2 75.2 5.8 0.0
2 443.0 1.0 65.6 69.8 8.6 0.0
3 573.0 0.0 57.8 67.0 3.6 0.0
1 11715.0 1.0 63.0 73.0 7.0 0.0
1 644.0 3.0 50.6 61.4 7.4 0.0
2 553.75 2.0 66.4 71.8 6.0 0.0
1 482.666666667 0.0 51.4 77.6 9.6 0.268
2 431.375 0.0 52.8 67.2 3.2 0.0
2 421.0 2.0 51.0 72.0 1.0 0.0
2 1181.5 0.0 67.8 57.8 6.6 0.0
2 2301.16666667 2.0 76.2 52.8 4.2 0.0
1 429.333333333 0.0 59.6 66.8 6.2 0.0
3 656.0 0.0 52.4 60.8 2.2 0.0
1 478.5 2.0 61.8 59.2 5.2 0.0
2 3650.5 3.0 58.0 86.0 3.0 0.01
1 441.0 2.0 65.2 42.4 2.4 0.0
3 236.5 1.0 66.8 72.4 7.2 0.0
2 615.2 0.0 57.8 78.6 3.6 0.0
3 349.5 3.0 56.0 84.0 3.0 0.0
0 442.0 2.0 62.0 61.6 2.2 0.0
2 485.5625 0.0 63.2 62.4 6.4 0.0
1 505.0 0.0 63.0 68.0 4.8 0.0
2 732.0625 0.0 69.4 45.4 3.8 0.0
3 2102.66666667 1.0 66.4 74.8 8.0 0.0
1 424.0 3.0 50.0 66.6 8.4 0.0
3 979.0 2.0 56.6 66.6 2.4 0.0
3 558.75 0.0 60.0 61.0 8.0 0.0
3 478.5 3.0 52.6 82.2 3.0 0.172
3 428.0 1.0 69.0 68.6 8.0 0.0
1 989.333333333 0.0 58.4 63.4 8.4 0.0
1 580.4 0.0 61.6 69.6 5.8 0.0
2 389.0 1.0 69.6 56.8 6.8 0.0
1 1764.0 2.0 61.8 73.6 1.4 0.0
2 661.666666667 2.0 60.8 58.6 3.2 0.0
1 336.0 2.0 54.0 69.2 6.0 0.0
1 438.333333333 2.0 69.0 53.0 4.0 0.0
1 727.0 3.0 47.4 65.4 1.0 0.0
2 556.9375 1.0 67.0 71.0 10.0 0.0
3 178.5 2.0 55.0 73.0 3.0 0.0
2 584.388888889 1.0 62.0 76.0 9.0 0.0
3 498.0 1.0 69.6 66.0 7.0 0.0
2 799.5 2.0 67.2 40.2 2.8 0.002
1 371.0 2.0 53.0 69.2 1.0 0.0
2 535.764705882 2.0 70.6 65.6 4.4 0.0
3 661.0 0.0 59.6 70.2 7.8 0.004
2 581.041666667 2.0 64.0 73.6 6.2 0.0
1 614.0 2.0 59.8 80.6 8.6 0.056
2 478.733333333 0.0 60.6 85.0 4.2 0.004
2 526.076923077 2.0 65.8 66.2 4.6 0.0
2 488.6 3.0 53.0 80.4 6.0 0.104
3 159.0 0.0 50.0 90.0 7.0 0.64
3 427.0 0.0 61.4 72.8 6.2 0.0
3 475.666666667 0.0 61.0 66.0 5.0 0.0
3 1069.5 1.0 65.0 66.4 6.6 0.0
1 464.666666667 3.0 50.0 61.0 2.0 0.0
2 798.5 0.0 53.0 70.0 7.0 0.0
3 741.5 0.0 57.6 67.8 5.2 0.0
3 10705.4444444 1.0 70.4 73.2 7.4 0.0
2 538.5 0.0 57.2 70.6 8.0 0.0
3 457.5 2.0 68.2 75.2 5.8 0.0
1 702.6 0.0 61.8 67.6 10.8 0.0
1 583.0 1.0 66.8 68.8 7.4 0.0
2 664.307692308 2.0 60.6 58.2 2.0 0.0
2 659.666666667 2.0 67.2 71.2 7.2 0.0
3 344.5 1.0 68.0 53.0 7.0 0.0
1 1014.0 0.0 49.0 75.8 8.0 0.22
3 738.0 0.0 61.0 73.2 6.0 0.04
0 1066.0 2.0 64.0 73.6 6.2 0.0
2 1349.77777778 2.0 67.2 73.2 5.6 0.0
3 1053.75 0.0 67.8 42.8 4.8 0.0
1 1574.57142857 1.0 68.6 68.4 7.0 0.0
3 260.0 0.0 53.6 70.2 3.0 0.0
1 219.0 0.0 59.0 71.8 8.2 0.0
0 506.0 2.0 69.6 68.8 4.8 0.0
2 587.0 0.0 52.2 52.8 1.8 0.0
3 778.333333333 0.0 67.0 70.0 6.0 0.0
1 651.75 0.0 53.0 76.6 5.0 0.004
1 440.0 0.0 57.8 75.4 10.6 0.762
3 358.0 1.0 65.0 70.0 5.8 0.0
1 572.5 0.0 59.4 77.0 4.6 0.0
2 21515.2857143 1.0 72.8 64.2 7.4 0.0
2 819.727272727 2.0 68.6 56.8 5.0 0.0
1 379.0 3.0 49.6 70.2 3.2 0.0
1 1654.25 1.0 71.0 68.0 6.2 0.0
1 576.25 0.0 56.2 47.0 1.8 0.0
2 701.117647059 0.0 64.6 67.0 8.2 0.0
1 635.666666667 2.0 64.0 48.6 3.4 0.0
1 387.333333333 0.0 62.0 65.4 9.4 0.0
2 551.764705882 0.0 53.0 76.6 5.0 0.004
3 516.6 2.0 60.0 81.0 4.0 0.01
2 562.833333333 0.0 57.2 59.0 3.4 0.0
3 417.0 0.0 56.8 69.0 8.6 0.0
1 312.666666667 2.0 55.2 75.8 7.8 0.002
1 857.5 1.0 72.6 70.4 7.2 0.0
1 364.0 0.0 55.6 80.4 5.4 0.082
0 301.0 0.0 59.0 64.0 5.0 0.0
1 101.0 0.0 59.4 60.4 3.6 0.0
1 523.285714286 1.0 70.2 73.6 8.4 0.0
2 466.272727273 2.0 58.0 72.0 5.0 0.0
3 542.6 1.0 68.0 66.8 7.8 0.0
1 494.111111111 3.0 59.8 81.2 3.0 0.028
1 715.0 2.0 65.0 64.6 9.6 0.0
1 348.5 0.0 58.0 78.2 4.4 0.0
0 558.0 2.0 59.2 62.4 4.2 0.0
2 555.208333333 0.0 60.0 68.0 7.0 0.0
3 743.0 0.0 60.0 66.4 7.4 0.0
1 456.857142857 0.0 53.0 83.0 2.6 0.0
3 300.666666667 0.0 56.0 84.0 5.0 0.0
1 464.75 0.0 50.0 60.8 1.2 0.0
3 361.0 0.0 58.2 57.0 3.0 0.0
2 629.636363636 0.0 53.6 82.6 3.0 0.0
1 315.625 0.0 64.6 67.0 8.2 0.0
2 663.6 1.0 68.2 68.8 8.0 0.0
1 11025.6666667 1.0 68.4 75.0 6.2 0.0
0 537.0 0.0 58.0 71.0 6.0 0.0
1 504.5 0.0 61.4 55.0 10.0 0.0
3 527.0 2.0 69.8 67.6 6.6 0.0
2 545.913043478 1.0 63.2 65.0 7.2 0.0
1 501.2 0.0 66.0 61.0 8.0 0.0
3 540.75 0.0 56.0 56.0 9.0 0.0
3 171.0 0.0 62.2 60.0 5.8 0.0
2 471.785714286 0.0 59.4 77.0 4.6 0.0
1 364.0 1.0 63.2 70.4 9.6 0.0
2 496.692307692 3.0 40.2 49.2 4.2 0.0
1 692.0 0.0 69.4 63.8 5.0 0.0
1 425.0 1.0 63.0 78.0 9.0 0.0
1 1293.33333333 2.0 69.8 54.2 4.2 0.0
3 465.0 0.0 58.0 72.0 12.0 0.0
2 494.611111111 0.0 57.6 55.8 14.2 0.0
2 620.416666667 0.0 59.0 87.0 8.0 0.0
3 207.0 2.0 65.0 79.0 6.0 0.43
3 182.0 0.0 62.4 71.8 6.0 0.056
1 407.0 2.0 72.0 57.2 3.6 0.0
2 586.5 0.0 58.8 72.6 8.6 0.0
1 538.333333333 2.0 67.0 43.6 4.4 0.0
3 534.0 2.0 72.2 70.0 7.6 0.0
1 978.75 0.0 58.4 81.6 3.2 0.0
1 2238.75 0.0 59.0 89.0 8.0 0.0
2 519.0 1.0 75.2 63.0 6.4 0.0
2 552.615384615 1.0 66.4 65.0 9.0 0.0
1 871.0 2.0 70.0 66.8 7.2 0.0
2 155.0 2.0 58.6 81.0 6.6 0.226
2 501.0 1.0 62.0 68.4 8.0 0.0
2 499.0 1.0 69.0 68.0 11.0 0.0
1 506.5 1.0 71.0 69.0 7.6 0.0
2 473.823529412 1.0 66.2 62.2 7.6 0.0
2 1121.11111111 1.0 70.4 48.2 6.0 0.0
2 488.333333333 2.0 62.0 64.2 3.4 0.0
2 640.333333333 2.0 58.4 70.0 2.8 0.0
3 1085.0 2.0 63.0 60.2 6.4 0.0
3 364.75 2.0 64.0 71.0 9.0 0.0
3 618.75 0.0 67.0 49.6 6.0 0.0
2 553.533333333 0.0 57.0 55.4 3.2 0.0
1 663.166666667 0.0 67.2 36.4 7.4 0.0
3 880.0 2.0 57.8 61.4 2.4 0.0
3 736.6 2.0 56.2 82.2 4.8 0.0
1 588.0 2.0 57.0 76.0 4.4 0.0
2 630.217391304 0.0 61.6 42.8 10.6 0.0
3 248.666666667 1.0 63.0 67.0 9.0 0.0
1 643.75 0.0 60.4 60.0 12.8 0.0
2 1404.5 1.0 69.2 68.4 6.2 0.0
3 370.333333333 0.0 59.4 69.8 10.0 0.054
2 478.24 2.0 62.6 74.2 6.0 0.006
2 839.625 2.0 61.4 61.0 3.6 0.0
1 544.777777778 2.0 70.6 73.4 6.6 0.002
3 721.0 2.0 56.2 69.6 4.2 0.0
0 425.0 0.0 57.4 57.6 8.6 0.0
1 1254.5 1.0 70.6 67.2 7.0 0.0
1 754.555555556 0.0 57.0 57.0 13.0 0.0
1 749.0 0.0 56.8 54.4 1.8 0.0
0 473.0 2.0 61.8 69.2 3.4 0.0
2 558.294117647 2.0 68.6 73.6 6.2 0.0
3 187.0 0.0 62.0 65.0 16.0 0.0
3 505.0 2.0 56.0 86.0 5.0 0.01
1 345.0 0.0 59.2 68.6 8.2 0.02
2 1942.5625 0.0 60.2 70.0 6.6 0.0
0 511.0 2.0 59.2 73.8 4.2 0.0
2 493.272727273 0.0 56.4 45.6 2.4 0.0
3 1527.0 0.0 52.4 81.0 2.6 0.0
1 657.333333333 0.0 59.4 64.2 8.6 0.0
3 2342.5 3.0 58.0 83.0 2.2 0.004
1 259.0 2.0 56.2 61.6 3.8 0.002
1 538.2 0.0 59.0 84.0 4.0 0.0
1 559.333333333 0.0 61.0 64.0 8.0 0.0
2 1154.82352941 0.0 61.0 63.0 7.0 0.01
1 2620.0 0.0 59.2 62.2 6.2 0.0
2 476.111111111 2.0 57.6 65.8 9.6 0.0
1 326.166666667 2.0 69.6 68.4 7.0 0.0
2 568.714285714 0.0 54.6 71.4 10.2 0.23
1 461.0 0.0 53.8 57.8 9.0 0.0
0 848.0 1.0 64.8 74.6 8.4 0.0
3 519.0 2.0 51.0 63.0 2.0 0.0
3 698.0 2.0 68.6 56.8 5.0 0.0
1 411.8 2.0 57.4 81.8 4.0 0.0
1 654.666666667 2.0 60.8 76.4 3.0 0.0
3 405.0 0.0 50.0 70.0 4.0 0.0
2 510.62962963 2.0 65.4 73.2 5.2 0.0
1 414.0 2.0 55.2 57.6 3.0 0.0
1 317.4 2.0 60.0 73.6 3.2 0.0
3 798.0 2.0 67.2 73.2 5.6 0.0
2 1684.0 0.0 62.8 65.8 9.0 0.0
3 156.0 0.0 71.0 45.0 6.0 0.0
3 801.0 2.0 69.6 68.8 4.8 0.0
1 550.2 0.0 61.0 77.0 22.0 0.91
2 603.272727273 1.0 70.0 64.0 10.0 0.01
1 655.0 2.0 60.0 66.0 7.0 0.0
2 445.0 3.0 48.0 71.2 2.2 0.0
2 481.052631579 0.0 50.0 75.2 4.8 0.0
3 172.0 0.0 60.2 76.8 6.4 0.0
1 400.3 1.0 64.8 65.8 7.2 0.0
1 472.8 0.0 56.0 61.0 4.4 0.0
2 609.1875 3.0 58.8 83.0 2.8 0.0
3 139.0 0.0 59.0 87.0 8.0 0.0
3 34773.0 0.0 56.0 66.6 5.4 0.022
0 480.5 1.0 61.0 74.0 10.0 0.0
3 883.0 2.0 58.6 73.2 3.4 0.0
2 736.705882353 2.0 56.0 64.0 11.0 0.0
2 816.6 0.0 60.0 54.0 5.0 0.0
1 682.0 1.0 67.6 75.4 7.2 0.0
1 290.666666667 3.0 50.2 54.2 8.2 0.0
2 557.333333333 1.0 65.2 63.8 10.2 0.0
3 329.0 0.0 58.4 65.8 3.2 0.0
3 271.0 2.0 55.4 66.0 6.0 0.0
1 385.75 2.0 55.2 52.2 3.6 0.0
3 244.0 0.0 53.0 76.0 13.0 0.57
2 1065.85 0.0 57.4 53.0 6.2 0.0
2 555.238095238 0.0 58.0 65.8 7.8 0.0
3 507.0 0.0 57.6 55.8 14.2 0.0
2 1013.85714286 0.0 69.4 63.8 5.0 0.0
1 907.0 2.0 63.0 60.2 6.4 0.0
3 311.0 2.0 68.0 65.0 6.0 0.0
1 567.0 0.0 58.6 57.6 3.4 0.0
1 683.0 0.0 52.2 52.8 1.8 0.0
1 410.0 1.0 64.0 75.0 15.0 0.0
1 528.571428571 0.0 61.0 56.4 6.0 0.0
1 552.666666667 0.0 52.8 62.6 2.4 0.0
3 442.0 2.0 67.2 71.2 7.2 0.0
2 2966.66666667 0.0 58.6 75.4 4.8 0.0
0 574.0 1.0 65.0 70.0 5.8 0.0
1 557.5 1.0 62.4 67.4 8.0 0.0
1 551.0 2.0 59.2 73.8 4.2 0.0
2 757.777777778 1.0 64.4 66.2 7.8 0.0
1 384.2 0.0 55.6 61.4 3.8 0.0
1 473.571428571 1.0 69.0 73.0 6.8 0.0
1 450.571428571 0.0 49.6 73.2 3.0 0.0
3 457.5 1.0 64.8 74.6 8.4 0.0
0 466.0 0.0 55.6 61.4 3.8 0.0
1 134.0 0.0 59.0 76.6 7.0 0.0
0 212.0 0.0 57.8 68.0 9.0 0.0
0 480.0 2.0 70.6 65.6 4.4 0.0
3 1138.0 0.0 66.4 57.6 5.6 0.0
2 322.0 3.0 55.0 78.2 7.2 0.024
2 470.2 0.0 50.6 85.6 7.2 0.458
3 1174.5 0.0 58.2 73.4 1.8 0.0
1 471.166666667 0.0 57.4 67.2 5.6 0.0
1 629.75 2.0 62.0 64.0 20.0 0.0
1 768.5 2.0 76.2 52.8 4.2 0.0
2 539.692307692 2.0 62.8 50.8 6.4 0.0
2 2012.5 0.0 65.4 49.4 6.4 0.0
3 197.0 2.0 56.0 85.8 3.4 0.184
1 410.4 0.0 57.6 83.4 3.0 0.0
3 565.0 2.0 65.2 72.2 3.2 0.002
3 612.75 2.0 71.4 67.6 4.6 0.0
1 2105.0 3.0 52.0 86.0 3.0 0.0
2 694.555555556 0.0 57.8 47.8 6.8 0.0
0 533.0 2.0 68.0 65.8 9.0 0.0
3 574.333333333 0.0 55.6 81.2 3.2 0.0
2 260.0 0.0 60.0 66.4 7.4 0.0
0 210.0 0.0 53.8 57.8 9.0 0.0
2 547.538461538 2.0 74.6 41.8 3.4 0.0
3 288.666666667 2.0 67.0 53.0 6.0 0.0
1 462.166666667 3.0 52.8 78.2 5.0 0.0
1 1045.75 0.0 61.0 71.0 10.0 0.0
2 485.611111111 0.0 60.0 45.0 2.0 0.0
1 456.0 2.0 54.8 63.2 2.4 0.0
1 424.285714286 0.0 59.4 47.4 4.0 0.0
0 161.0 0.0 56.0 53.4 8.0 0.0
1 551.0 2.0 63.0 79.6 6.4 0.0
2 489.6875 0.0 56.8 47.4 11.6 0.0
1 422.0 0.0 57.0 77.0 15.0 0.14
2 761.428571429 2.0 64.0 48.6 3.4 0.0
3 550.25 3.0 53.0 60.0 3.0 0.0
1 356.833333333 0.0 52.4 62.2 7.0 0.002
2 522.105263158 2.0 62.6 64.8 4.4 0.0
1 444.666666667 2.0 60.4 62.6 4.4 0.0
1 641.0 0.0 58.8 70.0 6.8 0.0
3 160.0 3.0 53.0 52.0 12.0 0.0
1 373.666666667 2.0 56.0 85.8 3.4 0.184
2 494.0 0.0 60.4 55.0 10.6 0.0
3 579.0 3.0 40.2 49.2 4.2 0.0
2 463.6 0.0 56.6 46.2 3.6 0.0
3 419.0 0.0 53.4 52.6 2.2 0.0
1 494.4 2.0 59.2 62.4 4.2 0.0
2 580.357142857 2.0 55.4 66.0 6.0 0.0
1 830.6 0.0 57.2 70.6 8.0 0.0
0 537.0 1.0 64.8 65.8 7.2 0.0
1 359.0 2.0 68.6 67.2 7.8 0.0
1 472.454545455 0.0 59.8 67.2 8.2 0.0
0 195.0 0.0 66.0 64.0 9.0 0.0
3 460.0 3.0 55.0 78.2 7.2 0.024
1 695.777777778 1.0 69.8 67.8 7.6 0.0
1 581.0 3.0 43.8 63.8 8.6 0.064
2 535.681818182 2.0 56.0 64.8 3.4 0.0
3 165.0 0.0 63.0 57.2 7.8 0.0
1 460.0 0.0 60.0 69.2 13.0 0.0
2 898.846153846 2.0 71.4 67.6 4.6 0.0
2 3130.5 1.0 69.0 72.2 6.8 0.0
0 528.0 1.0 69.6 66.0 7.0 0.0
3 280.0 3.0 50.4 82.2 1.8 0.004
3 585.0 0.0 52.8 67.2 3.2 0.0
3 371.0 0.0 62.0 64.0 8.0 0.0
1 1186.5 2.0 56.6 69.0 5.2 0.0
3 157.0 0.0 62.4 85.8 6.6 0.086
0 693.0 1.0 68.6 58.8 7.0 0.0
3 175.0 0.0 50.0 75.2 4.8 0.0
3 344.0 0.0 56.0 65.0 6.0 0.0
3 498.4 0.0 54.0 71.0 4.0 0.0
1 670.333333333 0.0 42.8 69.4 2.0 0.0
0 253.0 0.0 56.0 65.6 5.8 0.014
3 1121.0 2.0 61.8 73.6 1.4 0.0
1 588.4 2.0 51.6 69.0 1.4 0.0
2 986.5 2.0 58.6 73.2 3.4 0.0
2 549.285714286 2.0 62.0 61.6 2.2 0.0
1 454.333333333 0.0 56.0 73.0 7.0 0.036
2 563.5 0.0 53.0 76.0 13.0 0.57
3 134.5 0.0 59.2 68.6 8.2 0.02
0 180.0 0.0 58.4 81.4 4.2 0.0
0 522.0 2.0 70.6 73.4 6.6 0.002
1 512.25 0.0 47.4 70.4 4.6 0.022
2 734.5 0.0 64.0 61.2 11.6 0.0
1 615.25 0.0 59.8 69.0 6.0 0.214
1 375.666666667 3.0 43.6 65.4 5.4 0.122
2 1032.84615385 3.0 44.4 59.4 1.4 0.0
1 448.0 3.0 62.8 79.4 5.0 0.094
1 391.285714286 2.0 67.6 72.2 7.0 0.0
2 739.833333333 1.0 69.0 68.6 8.0 0.0
2 328.0 0.0 52.8 62.6 2.4 0.0
0 567.0 2.0 64.8 64.6 2.4 0.0
3 470.0 2.0 56.0 64.8 3.4 0.0
2 260.0 2.0 53.6 72.4 4.6 0.0
2 562.5 0.0 53.0 58.0 1.0 0.0
1 460.666666667 3.0 58.8 83.0 2.8 0.0
2 5821.07142857 0.0 51.0 60.8 1.8 0.0
1 631.666666667 1.0 62.6 66.8 8.0 0.0
2 634.823529412 0.0 60.0 74.0 9.6 0.0
1 533.0 0.0 56.4 67.4 4.2 0.0
2 438.75 0.0 51.2 68.6 5.8 0.0
3 472.0 2.0 66.0 73.0 8.0 0.0
3 274.5 0.0 52.4 69.2 1.2 0.0
1 378.0 1.0 68.0 71.2 8.4 0.0
2 698.357142857 0.0 59.6 70.2 7.8 0.004
3 522.5 2.0 58.4 70.0 2.8 0.0
1 558.75 1.0 67.6 72.0 7.6 0.0
3 430.0 2.0 66.8 70.6 6.2 0.0
2 521.363636364 0.0 56.2 80.4 3.6 0.0
2 524.315789474 1.0 62.6 66.8 8.0 0.0
3 485.0 1.0 70.0 73.2 9.0 0.0
2 1318.5 1.0 73.0 68.8 5.6 0.0
2 272.0 0.0 53.8 84.8 3.0 0.0
1 133.5 2.0 68.6 68.8 5.8 0.0
1 10088.375 2.0 68.8 66.6 6.8 0.0
3 153.5 0.0 59.8 57.8 6.2 0.0
1 757.0 0.0 58.0 70.0 8.0 0.0
2 3940.71428571 1.0 67.0 69.0 11.0 0.0
1 520.0 2.0 67.6 59.4 5.4 0.0
2 1810.0 2.0 60.8 76.4 3.0 0.0
1 562.333333333 0.0 52.6 66.8 2.6 0.0
1 543.0 0.0 52.0 68.2 4.6 0.02
0 100.0 3.0 62.8 79.4 5.0 0.094
1 429.333333333 0.0 59.6 71.2 8.4 0.0
1 561.0 3.0 39.2 60.2 4.6 0.0
2 555.388888889 0.0 59.2 68.6 8.2 0.02
1 373.375 2.0 51.0 63.0 2.0 0.0
1 495.5 0.0 60.0 66.4 7.4 0.0
2 418.0 0.0 62.4 85.8 6.6 0.086
2 2582.25 0.0 48.8 60.2 4.6 0.0
2 562.045454545 2.0 60.6 68.2 3.8 0.0
2 513.75 0.0 60.2 60.6 9.2 0.0
2 475.8 2.0 65.6 75.0 8.0 0.0
1 796.25 2.0 56.2 82.2 4.8 0.0
0 202.0 0.0 57.4 53.0 6.2 0.0
3 464.0 0.0 58.0 80.0 8.0 0.01
1 206.5 0.0 58.8 72.6 8.6 0.0
2 576.0 0.0 59.4 69.8 10.0 0.054
1 321.0 0.0 47.6 69.0 2.0 0.0
2 696.818181818 0.0 55.6 61.4 3.8 0.0
3 638.0 1.0 64.6 71.4 6.4 0.0
0 218.0 0.0 63.0 69.0 5.0 0.0
3 634.0 0.0 53.8 57.8 9.0 0.0
1 429.0 0.0 59.6 70.2 7.8 0.004
1 478.25 2.0 61.0 84.6 6.6 0.088
3 137.0 2.0 58.8 46.6 3.0 0.0
3 460.0 2.0 61.0 56.0 4.0 0.11
3 542.0 0.0 59.4 64.2 8.6 0.0
2 2272.16666667 2.0 68.4 65.0 4.8 0.0
3 389.0 1.0 64.2 69.0 7.8 0.0
0 595.0 3.0 60.6 76.8 3.6 0.002
0 550.0 0.0 57.0 79.0 5.0 0.0
3 247.0 2.0 69.2 72.8 5.2 0.0
3 412.0 0.0 60.0 68.0 7.0 0.0
2 554.75 0.0 59.2 60.6 9.4 0.0
2 492.083333333 0.0 60.8 68.2 6.8 0.0
2 147.5 0.0 56.0 92.0 13.0 0.42
1 527.0 0.0 51.2 61.6 0.8 0.0
1 640.777777778 0.0 50.4 78.8 2.6 0.0
1 424.0 1.0 64.6 71.4 6.4 0.0
1 353.4 2.0 57.0 66.0 7.0 0.0
3 1471.42857143 0.0 60.4 78.8 7.2 0.0
2 1244.55555556 0.0 63.6 70.6 8.0 0.0
3 510.0 0.0 54.0 35.0 7.0 0.0
2 1089.0 0.0 57.0 80.0 15.0 0.43
2 575.761904762 2.0 65.4 76.0 6.2 0.32
1 535.0 3.0 50.0 65.0 1.0 0.0
3 132.0 3.0 59.6 79.4 7.4 0.002
3 75.0 2.0 67.2 35.6 2.4 0.0
1 764.166666667 2.0 66.8 70.6 6.2 0.0
2 2809.0 0.0 51.6 66.2 8.6 0.0
2 568.428571429 2.0 63.2 68.8 8.8 0.0
2 559.210526316 0.0 62.4 62.8 4.4 0.0
2 1848.0 2.0 70.0 66.8 7.2 0.0
1 421.0 0.0 53.2 52.8 2.0 0.0
1 1936.5 0.0 68.6 59.6 3.6 0.0
0 87.0 0.0 49.0 75.8 8.0 0.22
3 505.5 2.0 62.6 71.4 6.2 0.002
3 175.0 2.0 64.0 61.0 8.0 0.0
1 421.75 3.0 56.0 76.6 8.6 0.306
2 485.0 0.0 58.6 57.6 3.4 0.0
1 773.25 2.0 66.0 69.0 10.0 0.0
1 7916.66666667 3.0 52.0 64.0 1.2 0.0
1 524.727272727 0.0 60.4 78.8 7.2 0.0
1 478.0 3.0 53.0 85.0 14.0 1.09
1 383.0 2.0 68.6 71.2 7.2 0.0
2 556.210526316 0.0 70.0 48.0 5.2 0.0
2 785.666666667 1.0 71.0 68.0 6.2 0.0
2 511.5 2.0 53.8 70.8 1.2 0.0
3 6240.66666667 2.0 65.8 68.8 5.6 0.0
2 542.8125 0.0 62.4 55.4 5.8 0.0
3 344.0 2.0 55.0 65.0 2.0 0.0
3 419.0 0.0 62.0 63.4 4.6 0.0
2 504.318181818 0.0 55.0 69.0 3.0 0.0
3 286.0 1.0 72.4 64.6 6.6 0.0
3 323.0 0.0 57.0 63.0 12.0 0.0
1 219.25 2.0 57.8 77.2 3.4 0.0
3 795.5 2.0 52.0 68.0 1.0 0.0
2 560.944444444 0.0 55.2 68.0 6.0 0.048
0 503.0 2.0 71.4 65.6 5.8 0.0
1 506.2 0.0 67.0 49.6 6.0 0.0
2 499.529411765 2.0 57.8 61.4 2.4 0.0
0 480.0 1.0 68.6 68.4 7.0 0.0
1 347.666666667 0.0 47.0 70.0 4.2 0.0
1 533.75 0.0 54.4 61.8 10.2 0.0
3 219.0 0.0 63.0 63.6 7.6 0.0
2 1137.6 2.0 57.0 74.0 4.0 0.03
2 496.1875 0.0 47.6 69.0 2.0 0.0
2 511.4 2.0 68.8 66.6 6.8 0.0
2 560.6 0.0 59.8 69.0 9.0 0.0
2 543.833333333 2.0 59.6 78.8 3.6 0.004
3 322.333333333 0.0 62.0 66.0 8.0 0.0
1 462.5 2.0 60.2 78.4 3.2 0.004
3 485.333333333 1.0 69.0 68.0 11.0 0.0
3 1017.0 2.0 63.4 62.4 4.0 0.0
1 481.285714286 0.0 54.4 66.8 4.8 0.0
3 839.0 0.0 46.0 69.0 2.0 0.0
0 5379.0 0.0 53.8 76.8 3.4 0.0
1 1071.25 1.0 73.4 60.8 5.4 0.0
3 251.0 0.0 56.0 73.0 12.0 0.0
2 568.666666667 0.0 62.0 62.4 11.0 0.0
1 534.666666667 3.0 46.2 70.8 2.2 0.0
2 2887.92857143 2.0 68.0 65.0 6.0 0.0
1 307.0 1.0 72.8 64.2 7.4 0.0
1 635.666666667 2.0 65.0 64.0 6.0 0.0
1 509.625 2.0 70.6 65.6 4.4 0.0
3 428.333333333 2.0 68.8 66.6 6.8 0.0
1 525.75 0.0 57.4 53.0 6.2 0.0
3 2504.0 1.0 62.2 65.6 6.4 0.0
3 634.333333333 0.0 66.0 61.0 8.0 0.0
3 369.5 0.0 57.8 47.8 6.8 0.0
0 396.666666667 0.0 58.2 65.2 4.4 0.0
2 1026.66666667 2.0 66.8 70.0 6.8 0.0
3 200.0 2.0 67.4 64.2 5.6 0.0
3 282.0 0.0 55.2 73.8 2.0 0.0
3 236.5 0.0 63.0 71.0 7.0 0.0
1 394.25 0.0 60.8 67.4 6.6 0.0
2 588.266666667 0.0 57.6 83.4 3.0 0.0
3 1131.0 0.0 53.0 54.6 1.4 0.0
1 354.5 0.0 53.0 86.0 8.0 0.096
2 708.8 0.0 61.2 70.0 6.0 0.0
1 2129.9 1.0 70.8 58.2 8.2 0.0
3 201.0 0.0 57.4 53.0 6.2 0.0
1 599.428571429 0.0 60.0 73.0 10.0 0.0
1 454.875 2.0 70.2 64.4 4.2 0.0
1 833.125 2.0 65.2 72.2 3.2 0.002
0 462.0 3.0 38.0 55.0 1.0 0.0
1 330.5 2.0 57.0 73.0 4.4 0.0
1 485.5 2.0 59.6 78.8 3.6 0.004
3 587.714285714 2.0 63.0 79.6 6.4 0.0
2 533.578947368 0.0 52.0 76.0 2.0 0.0
2 500.75 3.0 53.2 63.8 1.6 0.0
1 649.0 0.0 51.8 84.6 2.0 0.004
1 274.0 2.0 56.8 83.0 4.4 0.272
1 4656.14285714 0.0 64.0 61.2 11.6 0.0
2 740.0 1.0 67.0 78.0 7.0 0.0
3 412.5 0.0 55.8 81.4 3.4 0.006
0 2162.0 0.0 63.8 72.2 7.8 0.0
1 2270.5 0.0 56.6 73.2 3.4 0.0
2 901.4375 0.0 53.4 52.6 2.2 0.0
2 648.571428571 1.0 64.2 70.6 8.0 0.0
1 754.0 1.0 70.4 73.2 7.4 0.0
3 318.75 2.0 67.0 40.0 5.0 0.0
2 665.333333333 0.0 57.0 75.0 9.0 0.02
1 1486.66666667 2.0 67.2 35.6 2.4 0.0
1 2813.0 2.0 57.0 75.2 5.8 0.01
1 503.666666667 2.0 64.2 43.4 3.2 0.0
3 819.0 1.0 69.0 72.2 6.8 0.0
1 405.166666667 1.0 67.0 71.0 10.0 0.0
1 325.5 0.0 56.8 79.6 10.8 0.544
1 413.333333333 0.0 53.6 70.2 3.0 0.0
3 292.0 1.0 68.6 68.4 7.0 0.0
3 259.0 0.0 61.0 77.0 5.0 0.0
2 415.272727273 3.0 57.8 82.0 3.2 0.0
0 492.0 0.0 59.8 67.2 8.2 0.0
1 673.666666667 0.0 57.0 59.8 6.2 0.0
2 445.4 0.0 54.0 72.0 4.4 0.0
1 496.25 0.0 60.2 65.0 8.6 0.0
3 604.6 0.0 72.8 36.6 5.0 0.0
3 223.0 3.0 53.0 80.4 6.0 0.104
2 462.454545455 2.0 62.8 61.0 6.2 0.0
3 590.5 0.0 58.0 65.8 7.8 0.0
2 505.0 2.0 56.6 66.6 2.4 0.0
1 674.666666667 0.0 62.8 65.8 9.0 0.0
1 3399.25 2.0 70.0 66.8 4.6 0.0
2 520.352941176 2.0 54.8 53.8 4.8 0.0
1 321.666666667 0.0 50.8 48.6 1.8 0.0
1 666.0 0.0 59.2 77.0 6.4 0.008
0 674.0 1.0 66.2 73.2 7.8 0.0
2 1044.75 0.0 47.8 69.0 1.0 0.0
3 286.0 2.0 67.4 74.0 6.8 0.0
2 1323.0 1.0 65.0 63.2 6.2 0.0
1 430.5 0.0 51.8 77.6 1.6 0.0
3 498.0 2.0 63.0 77.0 8.0 0.0
3 392.0 0.0 75.4 45.6 4.4 0.0
3 774.8 1.0 67.0 71.0 9.0 0.0
1 489.0 2.0 64.6 73.0 4.4 0.0
0 65773.0 2.0 69.2 53.0 4.8 0.0
2 660.0 0.0 55.2 73.8 2.0 0.0
3 384.0 0.0 60.6 85.0 4.2 0.004
2 505.933333333 2.0 54.8 63.2 2.4 0.0
1 644.0 2.0 66.0 64.0 9.6 0.0
2 1027.64705882 0.0 64.8 46.8 8.4 0.0
1 321.0 2.0 55.6 64.6 6.4 0.002
0 171.0 0.0 58.0 68.4 9.0 0.0
3 1002.0 0.0 63.0 60.0 6.0 0.0
0 552.0 0.0 52.8 70.0 1.8 0.0
2 625.529411765 0.0 75.4 35.6 5.2 0.0
2 560.909090909 0.0 58.2 57.0 3.0 0.0
2 184.0 0.0 44.6 45.4 3.8 0.0
2 527.111111111 2.0 64.0 73.0 5.0 0.0
2 531.277777778 0.0 58.8 65.8 6.2 0.006
3 206.0 2.0 57.6 65.8 9.6 0.0
3 357.0 1.0 66.2 62.2 7.6 0.0
2 557.764705882 0.0 57.0 59.8 6.2 0.0
1 462.5 2.0 61.4 68.4 4.2 0.0
3 427.0 0.0 62.4 62.8 4.4 0.0
2 6162.6 3.0 52.6 82.2 3.0 0.172
0 148.0 0.0 61.4 73.0 8.2 0.0
1 366.2 2.0 57.6 65.8 9.6 0.0
1 290.666666667 0.0 61.0 65.2 7.0 0.002
3 263.5 1.0 75.2 63.0 6.4 0.0
0 650.0 0.0 59.4 47.4 4.0 0.0
1 392.5 0.0 52.6 72.0 3.2 0.0
2 693.533333333 0.0 54.0 84.4 3.6 0.0
2 480.0 1.0 66.2 71.4 8.4 0.0
1 323.2 0.0 65.4 31.2 10.6 0.0
1 648.0 0.0 50.2 91.2 2.2 0.0
3 500.75 3.0 50.6 72.8 4.2 0.0
3 614.0 1.0 69.0 70.0 13.0 0.0
0 434.0 0.0 53.2 52.8 2.0 0.0
3 318.333333333 1.0 60.0 68.0 11.0 0.0
2 480.545454545 0.0 55.6 85.8 5.0 0.006
2 4562.52631579 2.0 65.4 70.0 6.8 0.0
3 320.0 3.0 48.0 71.2 2.2 0.0
1 438.333333333 0.0 56.0 66.6 5.4 0.022
1 454.6 0.0 62.0 63.4 4.6 0.0
1 389.5 0.0 74.8 35.2 4.2 0.0
2 591.416666667 2.0 67.4 64.2 5.6 0.0
1 1220.5 3.0 50.4 63.0 1.8 0.0
3 301.5 2.0 60.0 61.0 3.0 0.0
3 232.0 0.0 53.0 70.0 7.0 0.0
2 3055.0 0.0 60.2 72.8 2.4 0.0
1 686.5 0.0 58.0 65.8 7.8 0.0
1 4835.57142857 0.0 58.2 73.4 1.8 0.0
1 979.333333333 0.0 57.6 65.4 6.0 0.0
1 423.25 0.0 56.6 71.0 8.2 0.01
3 649.666666667 0.0 60.0 72.0 3.0 0.0
0 434.0 2.0 63.0 57.0 4.0 0.0
1 691.5 2.0 67.2 73.2 5.6 0.0
3 7073.83333333 0.0 60.0 70.0 6.0 0.0
1 366.571428571 2.0 67.8 68.6 4.0 0.0
3 380.5 0.0 57.0 72.0 13.0 0.0
2 691.333333333 1.0 69.0 71.2 7.6 0.0
2 795.954545455 0.0 53.8 57.8 9.0 0.0
1 5356.5 0.0 58.2 62.0 6.8 0.0
1 488.5 3.0 48.0 43.6 2.4 0.0
2 868.25 0.0 57.4 68.2 7.0 0.0
2 629.823529412 0.0 60.6 58.2 6.8 0.0
3 535.0 3.0 60.0 80.0 4.0 0.0
3 620.0 0.0 64.8 68.8 7.6 0.0
2 515.866666667 0.0 60.6 79.8 5.0 0.0
2 573.055555556 0.0 58.2 73.4 1.8 0.0
2 215.0 0.0 59.6 82.4 7.8 0.09
2 509.066666667 0.0 58.4 50.0 4.4 0.0
2 629.333333333 0.0 52.8 65.8 4.4 0.0
2 3427.0 1.0 65.6 71.4 9.4 0.0
3 260.5 1.0 64.0 66.0 12.0 0.0
2 607.352941176 2.0 65.2 72.6 5.0 0.0
1 1184.0 0.0 59.8 65.2 3.4 0.0
1 835.2 0.0 52.8 65.8 4.4 0.0
3 545.333333333 3.0 44.4 63.8 1.4 0.0
2 532.4 0.0 56.6 73.2 3.4 0.0
3 360.0 3.0 49.0 66.0 1.0 0.0
1 1316.0 2.0 53.8 54.2 2.2 0.0
3 791.0 2.0 65.4 73.2 5.2 0.0
1 424.8 0.0 56.0 53.4 8.0 0.0
1 584.0 2.0 58.4 70.0 2.8 0.0
2 325.0 0.0 52.6 72.0 3.2 0.0
2 567.1 0.0 67.0 49.6 6.0 0.0
2 915.761904762 0.0 65.4 31.2 10.6 0.0
2 470.260869565 0.0 51.0 73.0 5.0 0.0
3 467.0 2.0 52.0 66.0 2.0 0.0
3 420.0 0.0 57.2 74.2 7.8 0.19
2 1013.75 2.0 63.0 75.0 12.0 0.23
0 170115.0 0.0 61.0 71.0 5.0 0.0
2 1122.52631579 2.0 63.0 60.2 6.4 0.0
2 654.0 0.0 59.0 66.8 7.6 0.0
1 654.142857143 1.0 65.6 57.4 6.6 0.0
3 442.0 0.0 67.0 52.0 4.0 0.0
2 1437.2 0.0 48.2 76.0 1.6 0.0
2 4749.66666667 0.0 57.6 65.4 6.0 0.0
3 748.25 2.0 67.2 67.8 5.6 0.0
3 809.333333333 0.0 52.8 71.0 4.4 0.0
0 674.0 1.0 65.6 57.4 6.6 0.0
1 4304.0 2.0 64.6 79.4 5.4 0.0
2 461.909090909 0.0 52.4 81.0 2.6 0.0
2 737.619047619 1.0 69.0 67.0 9.0 0.0
2 635.75 0.0 62.8 67.0 6.4 0.0
1 460.5 0.0 62.0 62.2 5.6 0.0
3 262.0 0.0 66.0 26.0 16.0 0.0
1 441.3 0.0 62.4 62.8 4.4 0.0
2 656.5 0.0 56.4 67.4 4.2 0.0
1 563.0 2.0 54.6 66.8 1.6 0.0
1 441.0 3.0 54.0 72.0 6.0 0.19
2 1218.0 3.0 44.8 62.4 2.4 0.0
1 380.0 2.0 59.0 50.6 1.2 0.0
3 231.0 0.0 55.4 74.8 4.8 0.0
1 1081.84615385 1.0 63.2 65.0 7.2 0.0
2 516.8 0.0 60.2 76.8 6.4 0.0
1 326.0 1.0 69.2 68.4 6.2 0.0
2 551.833333333 1.0 68.6 70.2 8.2 0.0
1 475.666666667 0.0 54.6 60.6 3.4 0.0
3 1858.5 0.0 50.8 48.6 1.8 0.0
2 684.166666667 0.0 61.8 48.6 4.6 0.0
1 1177.2 1.0 67.8 68.8 6.8 0.0
1 334.5 3.0 53.0 60.0 1.0 0.0
1 343.333333333 0.0 54.0 84.4 3.6 0.0
1 768.8 1.0 69.4 72.2 6.4 0.0
2 481.235294118 3.0 43.6 65.4 5.4 0.122
2 770.25 2.0 65.8 68.8 5.6 0.0
1 670.625 0.0 60.0 45.0 7.8 0.0
3 507.0 2.0 62.0 77.0 7.0 0.0
2 452.625 3.0 61.6 80.6 4.6 0.006
0 464.0 2.0 68.6 73.6 6.2 0.0
3 310.5 0.0 59.0 58.0 6.0 0.0
1 557.0 0.0 67.8 60.8 6.6 0.0
3 583.666666667 2.0 60.6 58.2 2.0 0.0
1 1682.5 3.0 60.0 83.4 4.4 0.018
1 527.818181818 0.0 62.2 60.0 5.8 0.0
2 571.2 2.0 69.2 53.0 4.8 0.0
2 2008.5 0.0 57.8 73.4 11.2 0.178
1 435.25 2.0 63.4 62.4 4.0 0.0
2 556.272727273 2.0 60.0 66.8 5.2 0.0
3 431.333333333 1.0 69.8 70.8 6.6 0.0
1 458.2 1.0 65.2 65.6 9.8 0.0
1 881.6 2.0 65.6 75.0 8.0 0.0
1 421.0 2.0 65.8 55.4 5.0 0.0
1 544.142857143 0.0 61.4 73.0 8.2 0.0
1 558.777777778 0.0 54.6 71.4 10.2 0.23
1 968.666666667 3.0 44.8 62.4 2.4 0.0
2 521.4 2.0 54.0 55.0 5.0 0.0
3 408.333333333 1.0 68.6 66.4 7.4 0.0
3 147.0 1.0 65.0 74.0 12.0 0.0
1 581.0 0.0 57.0 55.4 3.2 0.0
1 613.666666667 1.0 63.6 62.8 9.0 0.0
1 589.25 2.0 65.6 70.6 4.8 0.0
1 420.0 1.0 68.4 65.0 6.0 0.0
0 692.0 1.0 65.2 63.8 10.2 0.0
1 462.0 2.0 60.6 68.2 3.8 0.0
2 537.789473684 0.0 60.4 60.0 12.8 0.0
2 793.5 2.0 57.0 76.0 4.4 0.0
2 2543.88235294 2.0 68.6 71.2 7.2 0.0
3 581.0 0.0 56.0 65.6 5.8 0.014
2 690.25 0.0 64.2 44.2 9.0 0.0
3 763.5 2.0 70.0 51.0 6.0 0.0
1 763.272727273 3.0 59.6 79.4 7.4 0.002
1 359.5 0.0 51.2 68.6 5.8 0.0
2 637.4375 1.0 64.2 69.0 7.8 0.0
2 990.5 2.0 70.8 74.0 7.4 0.0
2 850.642857143 1.0 67.2 67.6 9.0 0.0
1 438.666666667 2.0 61.2 59.0 3.6 0.032
2 473.285714286 3.0 50.0 50.0 5.0 0.0
0 493.0 2.0 57.0 73.0 4.4 0.0
0 179.0 0.0 60.4 60.0 12.8 0.0
2 630.111111111 0.0 73.0 42.8 5.2 0.0
2 567.882352941 2.0 72.2 70.0 7.6 0.0
1 496.0 0.0 53.0 64.2 7.4 0.028
1 427.2 3.0 44.4 59.4 1.4 0.0
1 560.5 1.0 66.2 73.2 7.8 0.0
2 504.875 3.0 60.8 84.2 10.8 0.93
0 41465.0 0.0 57.8 78.6 3.6 0.0
1 326.0 3.0 58.0 83.0 2.2 0.004
2 444.578947368 0.0 53.0 83.0 2.6 0.0
1 1790.8 2.0 62.0 80.0 9.0 0.0
3 541.0 0.0 56.2 80.4 3.6 0.0
2 408.75 2.0 58.4 78.2 3.8 0.0
3 623.0 0.0 53.0 73.0 3.0 0.0
2 496.111111111 0.0 49.6 73.2 3.0 0.0
0 1376.0 2.0 64.8 71.0 7.6 0.0
1 290.0 2.0 53.2 73.8 3.0 0.0
2 529.272727273 0.0 58.4 81.6 3.2 0.0
3 245.0 0.0 60.0 67.0 9.0 0.0
2 502.928571429 0.0 58.4 58.2 8.2 0.0
2 543.071428571 1.0 69.6 66.0 7.0 0.0
1 431.8 2.0 69.2 70.4 6.8 0.0
1 424.666666667 0.0 58.8 75.6 6.4 0.004
2 587.888888889 0.0 56.0 53.4 8.0 0.0
2 536.684210526 0.0 61.0 56.4 6.0 0.0
1 844.6 2.0 60.0 66.8 5.2 0.0
2 1269.26666667 1.0 66.0 70.0 9.0 0.0
2 657.294117647 1.0 68.0 70.4 8.0 0.0
0 1614.0 1.0 63.2 65.0 7.2 0.0
1 357.0 1.0 67.8 72.0 8.6 0.0
2 969.5 1.0 62.4 67.4 8.0 0.0
3 451.0 2.0 65.0 74.0 16.0 0.0
3 502.75 0.0 56.6 46.2 3.6 0.0
3 282.666666667 0.0 60.8 67.4 6.6 0.0
1 515.714285714 0.0 52.8 67.2 3.2 0.0
3 255.0 0.0 57.8 68.0 9.0 0.0
3 1851.0 2.0 59.8 70.0 3.0 0.0
3 518.5 2.0 63.6 79.6 5.0 0.0
0 430.0 0.0 52.8 71.0 4.4 0.0
3 373.0 1.0 71.2 70.2 9.0 0.0
1 417.5 0.0 57.4 71.2 5.6 0.0
3 531.0 2.0 64.0 48.6 3.4 0.0
3 323.666666667 0.0 56.0 80.0 6.0 0.0
1 390.0 0.0 62.2 68.4 5.6 0.0
2 498.238095238 0.0 63.0 63.6 7.6 0.0
2 446.380952381 0.0 50.8 69.2 1.4 0.0
1 590.0 0.0 59.4 67.6 8.2 0.0
2 309.8 0.0 55.8 81.4 3.4 0.006
3 424.0 0.0 52.0 72.0 13.0 0.69
2 607.666666667 3.0 52.6 46.0 2.0 0.0
2 516.666666667 3.0 58.2 86.0 7.0 0.94
0 492.0 2.0 58.6 78.4 4.2 0.0
1 587.5 0.0 58.4 71.0 2.2 0.0
2 525.294117647 0.0 55.6 81.2 3.2 0.0
2 575.0 0.0 47.4 70.4 4.6 0.022
1 716.333333333 0.0 61.8 48.6 4.6 0.0
2 611.0 0.0 59.4 64.2 8.6 0.0
1 541.0 1.0 66.0 69.4 7.6 0.0
1 478.666666667 0.0 61.6 64.8 8.2 0.004
2 589.722222222 0.0 57.2 74.2 7.8 0.19
2 494.705882353 0.0 52.4 60.8 2.2 0.0
2 451.842105263 0.0 59.0 50.0 8.0 0.0
0 198.0 0.0 57.8 47.8 6.8 0.0
3 1995.5 0.0 60.8 68.2 6.8 0.0
3 332.75 3.0 60.0 87.0 5.0 0.01
1 323.0 0.0 57.0 68.0 7.0 0.0
3 412.0 0.0 54.0 75.0 6.0 0.0
0 718.0 0.0 59.0 66.8 7.6 0.0
1 399.166666667 1.0 64.8 74.6 8.4 0.0
2 511.818181818 0.0 58.8 70.0 6.8 0.0
3 776.666666667 0.0 66.6 64.0 3.6 0.0
2 1104.23529412 0.0 59.2 77.0 6.4 0.008
2 516.6 3.0 48.2 69.2 1.0 0.0
1 330.0 1.0 65.0 72.0 9.0 0.0
3 905.0 3.0 56.0 74.6 6.2 0.0
1 2849.0 2.0 52.2 67.0 2.0 0.0
3 577.0 3.0 48.8 71.8 3.8 0.0
1 1064.25 2.0 60.6 63.0 4.2 0.0
1 555.0 0.0 55.4 68.6 7.4 0.008
3 589.0 2.0 57.6 71.6 5.6 0.0
0 344.0 2.0 65.8 66.2 4.6 0.0
3 865.0 2.0 57.6 66.8 2.0 0.0
2 509.222222222 2.0 57.0 69.0 4.0 0.0
1 321.5 0.0 60.2 76.8 6.4 0.0
3 82.0 0.0 55.4 72.2 8.0 0.132
1 480.857142857 2.0 65.0 70.0 10.0 0.0
3 314.666666667 1.0 71.0 69.0 7.6 0.0
3 496.333333333 2.0 68.6 64.0 5.8 0.0
3 906.875 0.0 63.0 68.0 11.0 0.0
2 475.5 3.0 50.4 66.2 1.4 0.0
2 515.461538462 2.0 63.0 79.6 6.4 0.0
1 693.0 0.0 57.6 55.8 14.2 0.0
1 619.75 1.0 65.2 63.8 10.2 0.0
1 365.0 0.0 49.2 58.0 1.6 0.0
2 669.5 2.0 65.8 70.4 7.4 0.0
3 165.0 1.0 67.2 69.0 6.2 0.0
2 553.416666667 2.0 57.8 77.2 3.4 0.0
2 639.25 0.0 65.0 47.0 8.0 0.0
2 452.857142857 0.0 54.2 54.4 3.0 0.0
3 122.0 0.0 53.8 76.8 3.4 0.0
2 561.1875 3.0 46.2 70.8 2.2 0.0
2 572.166666667 0.0 62.4 66.2 5.8 0.0
2 755.631578947 2.0 62.0 60.2 11.8 0.0
2 538.333333333 0.0 63.0 60.4 4.2 0.0
1 518.142857143 0.0 66.6 64.0 3.6 0.0
1 440.25 0.0 52.0 74.2 2.6 0.0
1 542.333333333 1.0 66.4 65.0 9.0 0.0
2 1599.48 1.0 64.0 76.0 9.0 0.0
3 455.8 0.0 57.0 55.0 5.0 0.0
3 493.5 0.0 52.0 68.2 4.6 0.02
1 484.8 1.0 66.4 74.8 8.0 0.0
2 1128.25 0.0 60.8 56.6 8.4 0.0
3 457.0 0.0 42.8 69.4 2.0 0.0
2 9014.0 2.0 72.2 63.6 5.0 0.0
1 445.5 0.0 62.8 67.0 6.4 0.0
1 419.583333333 0.0 55.2 74.6 3.6 0.002
2 642.818181818 0.0 61.0 64.0 5.0 0.0
3 333.0 3.0 54.0 54.0 2.0 0.0
1 578.333333333 0.0 56.8 69.0 8.6 0.0
2 546.818181818 2.0 56.0 80.2 3.0 0.002
1 792.8 0.0 51.0 60.8 1.8 0.0
2 7400.0 0.0 53.4 70.4 7.4 0.0
1 645.5 2.0 58.8 46.6 3.0 0.0
2 602.333333333 2.0 60.6 66.4 6.6 0.0
1 611.7 1.0 64.2 69.0 7.8 0.0
3 413.8 2.0 61.4 68.4 4.2 0.0
2 542.217391304 0.0 54.6 60.6 3.4 0.0
1 898.0 2.0 65.4 70.0 6.8 0.0
3 1510.0 0.0 58.8 61.6 12.2 0.016
2 609.538461538 2.0 55.2 78.6 4.0 0.0
1 420.625 2.0 57.8 36.0 6.0 0.0
3 181.0 1.0 69.2 67.4 8.4 0.0
1 420.166666667 1.0 72.4 64.6 6.6 0.0
2 452.090909091 0.0 56.0 73.0 7.0 0.036
1 386.0 3.0 55.0 78.2 7.2 0.024
2 564.1875 0.0 53.6 46.8 4.2 0.0
1 626.333333333 2.0 55.0 71.0 4.0 0.0
1 425.4 0.0 59.0 69.0 8.0 0.0
3 470.5 0.0 58.6 66.0 5.2 0.0
3 604.0 0.0 52.4 64.0 2.2 0.0
3 415.333333333 0.0 57.0 57.0 13.0 0.0
3 752.0 0.0 58.2 65.2 4.4 0.0
3 276.0 0.0 55.0 50.0 3.0 0.0
2 1436.0 0.0 45.8 74.0 2.4 0.0
1 1052.5 2.0 69.2 72.8 5.2 0.0
2 636.153846154 0.0 55.0 77.0 5.0 0.0
1 435.666666667 1.0 67.6 71.0 8.0 0.0
1 11268.6666667 0.0 52.6 72.0 5.2 0.032
3 159.0 0.0 51.0 69.0 11.0 0.0
1 1242.75 0.0 65.6 60.0 4.0 0.0
2 576.285714286 0.0 57.0 67.0 6.0 0.0
2 540.4 3.0 52.0 64.0 1.2 0.0
1 745.75 2.0 65.4 73.2 5.2 0.0
2 653.5 0.0 55.4 89.2 2.6 0.0
2 447.933333333 0.0 55.4 72.2 8.0 0.132
2 505.476190476 2.0 63.4 62.4 4.0 0.0
0 523.0 0.0 47.6 69.0 2.0 0.0
1 263.0 2.0 66.8 70.0 6.8 0.0
2 475.722222222 1.0 67.0 73.0 12.0 0.0
2 592.739130435 0.0 55.8 76.6 2.2 0.0
3 542.0 0.0 57.0 74.4 5.6 0.0
2 794.0 0.0 57.8 67.0 3.6 0.0
3 796.0 1.0 65.6 72.4 6.8 0.0
0 140.0 0.0 61.0 73.2 6.0 0.04
2 664.0 0.0 61.4 69.6 5.2 0.0
2 537.0 0.0 55.4 74.8 4.8 0.0
1 471.333333333 0.0 57.6 67.8 5.2 0.0
1 678.375 0.0 63.8 72.2 7.8 0.0
3 376.5 2.0 68.6 73.6 6.2 0.0
3 439.5 3.0 60.4 82.8 6.4 0.028
1 688.4 1.0 69.4 72.8 7.6 0.0
3 274.0 0.0 49.0 72.0 2.0 0.0
2 608.266666667 2.0 65.2 42.4 2.4 0.0
1 439.222222222 2.0 59.8 85.6 5.8 0.194
2 3267.22222222 1.0 67.6 72.0 7.6 0.0
2 586.071428571 2.0 67.0 64.0 5.0 0.0
2 727.75 0.0 55.4 68.6 7.4 0.008
1 397.0 0.0 45.8 74.0 2.4 0.0
1 1865.66666667 0.0 53.2 55.0 1.8 0.0
1 504.0 0.0 50.8 69.2 1.4 0.0
3 333.0 2.0 61.0 84.6 6.6 0.088
3 730.0 2.0 70.0 66.8 7.2 0.0
2 549.928571429 1.0 66.0 69.4 7.6 0.0
2 525.423076923 0.0 58.4 71.0 2.2 0.0
1 482.0 1.0 69.0 71.2 7.6 0.0
3 396.0 0.0 60.6 83.2 11.4 0.456
3 1937.0 2.0 68.6 68.8 5.8 0.0
1 225.0 0.0 58.6 71.0 8.6 0.0
1 640.125 2.0 52.2 73.6 3.2 0.0
1 521.666666667 0.0 61.0 73.2 6.0 0.04
1 491.5 0.0 56.0 65.6 5.8 0.014
1 437.0 2.0 66.0 67.0 7.0 0.0
2 525.55 2.0 61.4 68.4 4.2 0.0
3 731.0 2.0 62.8 50.8 6.4 0.0
2 637.4 3.0 50.2 54.2 8.2 0.0
1 383.0 3.0 58.0 76.2 2.8 0.004
3 261.0 2.0 58.0 72.0 5.0 0.0
1 383.466666667 1.0 62.0 68.4 8.0 0.0
3 884.5 2.0 66.0 67.0 7.0 0.0
1 500.0 0.0 57.6 82.4 11.0 0.104
2 1333.0 2.0 61.8 73.6 1.4 0.0
1 523.6 0.0 70.0 48.0 5.2 0.0
2 594.7 2.0 62.8 51.0 3.2 0.0
2 612.722222222 2.0 58.8 46.6 3.0 0.0
2 494.642857143 2.0 57.0 73.0 4.4 0.0
1 750.5 2.0 67.4 64.2 5.6 0.0
0 211.0 0.0 63.0 60.4 4.2 0.0
1 531.5 2.0 65.6 74.6 4.4 0.0
2 584.0 0.0 50.2 91.2 2.2 0.0
1 248.0 0.0 54.6 80.0 2.4 0.0
3 365.0 2.0 51.6 69.0 1.4 0.0
1 466.4 0.0 52.8 70.0 1.8 0.0
3 174.0 1.0 69.4 72.8 7.6 0.0
2 605.142857143 0.0 60.8 72.8 5.4 0.0
2 1572.8 2.0 74.0 41.4 3.6 0.0
3 576.25 0.0 67.2 36.4 7.4 0.0
0 714.0 0.0 67.8 42.8 4.8 0.0
3 713.0 1.0 63.0 73.0 10.0 0.0
1 375.2 0.0 50.0 75.2 4.8 0.0
3 1175.0 0.0 53.4 81.8 4.6 0.004
1 1118.1 2.0 74.6 41.8 3.4 0.0
2 573.117647059 3.0 40.6 50.8 2.2 0.0
3 466.5 2.0 59.0 50.6 1.2 0.0
3 317.0 0.0 62.0 65.4 9.4 0.0
0 580.0 0.0 50.8 69.2 1.4 0.0
1 571.4 0.0 66.4 57.6 5.6 0.0
1 407.5 0.0 63.2 62.4 6.4 0.0
1 419.5 0.0 60.4 70.4 2.0 0.0
1 882.0 2.0 72.2 63.6 5.0 0.0
3 642.0 0.0 57.2 73.6 2.8 0.0
2 519.9 0.0 49.2 58.0 1.6 0.0
2 1653.0 1.0 68.0 69.8 7.2 0.0
2 553.681818182 0.0 58.0 72.0 5.0 0.02
2 472.583333333 1.0 77.2 53.0 6.0 0.0
1 736.666666667 2.0 60.4 64.8 5.6 0.0
1 1151.5 2.0 69.2 70.4 5.0 0.0
1 8653.75 2.0 68.0 65.8 9.0 0.0
3 241.666666667 2.0 61.8 59.2 5.2 0.0
1 418.5 0.0 51.2 78.0 9.0 0.302
2 456.916666667 2.0 51.6 69.0 1.4 0.0
3 651.333333333 2.0 68.0 65.8 9.0 0.0
3 242.0 1.0 67.8 68.8 6.8 0.0
2 615.722222222 0.0 52.6 66.8 2.6 0.0
2 717.75 0.0 56.0 63.0 4.0 0.02
1 482.833333333 2.0 56.0 80.2 3.0 0.002
3 311.5 0.0 50.0 84.0 4.0 0.0
3 995.0 2.0 72.0 57.2 3.6 0.0
2 753.0 3.0 49.6 70.2 3.2 0.0
1 361.0 2.0 72.4 50.0 3.8 0.0
2 484.230769231 2.0 60.0 73.6 3.2 0.0
3 164.0 0.0 57.8 75.4 10.6 0.762
2 502.111111111 0.0 55.6 80.4 5.4 0.082
2 513.9375 1.0 71.4 69.4 5.8 0.0
1 8066.83333333 0.0 57.8 47.8 6.8 0.0
1 311.5 2.0 62.8 51.0 3.2 0.0
2 493.0 3.0 47.8 64.8 1.0 0.0
3 438.5 0.0 57.0 74.0 14.0 0.0
2 458.466666667 2.0 61.0 84.6 6.6 0.088
1 480.8 0.0 60.2 70.0 6.6 0.0
1 1029.0 2.0 53.6 72.4 4.6 0.0
2 467.588235294 0.0 50.4 78.8 2.6 0.0
1 560.090909091 1.0 67.8 73.0 7.2 0.0
2 610.0 0.0 62.0 63.4 4.6 0.0
0 181.0 0.0 60.4 78.8 7.2 0.0
3 189.0 2.0 57.0 69.0 3.0 0.0
3 241.0 1.0 69.8 67.8 7.6 0.0
1 678.7 0.0 55.4 72.2 8.0 0.132
3 3582.66666667 0.0 56.8 47.4 11.6 0.0
1 366.333333333 2.0 68.8 64.2 7.2 0.342
1 277.5 0.0 61.4 65.8 4.2 0.0
0 476.0 1.0 67.8 72.0 8.6 0.0
2 559.071428571 0.0 58.6 66.0 5.2 0.0
2 650.636363636 3.0 58.0 76.2 2.8 0.004
1 357.2 2.0 56.8 88.4 5.4 0.348
2 574.363636364 2.0 60.4 62.6 4.4 0.0
2 749.0 0.0 59.4 67.6 8.2 0.0
3 507.0 3.0 51.4 63.4 1.2 0.0
1 798.5 1.0 69.6 66.0 7.0 0.0
1 666.666666667 0.0 58.4 50.0 4.4 0.0
1 3114.5 0.0 44.6 45.4 3.8 0.0
3 322.0 2.0 55.2 52.2 3.6 0.0
2 478.75 2.0 64.8 64.6 2.4 0.0
2 6286.0 1.0 66.6 73.2 7.4 0.0
1 519.5 0.0 50.6 85.6 7.2 0.458
1 669.333333333 0.0 65.4 49.4 6.4 0.0
3 1563.0 1.0 66.8 68.8 7.4 0.0
2 997.0 2.0 70.0 66.8 4.6 0.0
1 841.0 2.0 69.0 32.0 6.6 0.0
1 407.25 2.0 60.2 70.2 6.8 0.042
1 3390.33333333 2.0 58.6 81.0 6.6 0.226
1 532.333333333 0.0 59.0 69.0 12.0 0.0
1 1137.33333333 1.0 66.2 62.2 7.6 0.0
3 369.0 1.0 64.0 72.0 11.0 0.0
2 506.444444444 3.0 60.4 82.8 6.4 0.028
0 1602.0 2.0 66.8 70.0 6.8 0.0
3 348.0 2.0 62.8 51.0 3.2 0.0
2 531.333333333 3.0 51.4 61.8 1.2 0.0
1 567.0 0.0 56.8 47.4 11.6 0.0
2 664.739130435 1.0 69.6 73.6 6.0 0.0
1 468.25 3.0 48.8 71.8 3.8 0.0
1 456.888888889 2.0 56.0 64.8 3.4 0.0
2 776.692307692 2.0 69.0 32.0 6.6 0.0
2 616.666666667 1.0 67.0 73.0 7.0 0.0
2 493.818181818 0.0 47.0 70.0 4.2 0.0
3 383.333333333 1.0 70.0 63.0 9.0 0.0
3 518.4 0.0 53.6 46.8 4.2 0.0
2 514.2 2.0 59.0 50.6 1.2 0.0
3 511.0 2.0 65.6 70.6 4.8 0.0
2 603.555555556 0.0 54.0 68.6 5.8 0.0
2 572.125 2.0 56.8 88.4 5.4 0.348
2 482.0 0.0 54.6 80.0 2.4 0.0
3 436.0 0.0 59.0 73.0 9.0 0.0
2 568.045454545 0.0 55.8 62.0 6.6 0.002
3 311.0 0.0 61.0 77.0 22.0 0.91
2 530.615384615 2.0 59.8 85.6 5.8 0.194
2 693.0 2.0 71.4 65.6 5.8 0.0
3 583.666666667 2.0 64.6 73.0 4.4 0.0
2 544.904761905 0.0 51.8 84.6 2.0 0.004
3 572.0 2.0 58.6 81.0 6.6 0.226
1 565.714285714 3.0 53.0 60.0 3.0 0.0
2 687.214285714 0.0 72.8 36.6 5.0 0.0
1 510.285714286 0.0 53.4 52.6 2.2 0.0
1 654.0 0.0 51.6 66.2 8.6 0.0
2 523.8125 2.0 67.6 72.2 7.0 0.0
2 1078.0 0.0 59.0 63.0 4.0 0.0
1 619.5 2.0 64.8 74.6 9.0 0.106
2 628.375 1.0 69.2 67.4 8.4 0.0
3 645.666666667 0.0 62.8 67.0 6.4 0.0
1 391.25 0.0 57.2 73.6 2.8 0.0
2 529.0 3.0 62.8 79.4 5.0 0.094
3 283.0 3.0 62.0 86.0 6.0 0.11
2 512.222222222 2.0 55.8 67.0 1.8 0.0
2 1264.75 2.0 69.0 76.8 6.4 0.0
2 1747.0 3.0 52.2 66.4 1.2 0.0
2 3735.14285714 0.0 59.8 67.2 8.2 0.0
3 293.0 0.0 55.0 65.0 8.0 0.01
3 397.0 1.0 63.2 65.0 7.2 0.0
1 699.333333333 0.0 61.4 69.6 5.2 0.0
2 418.0 1.0 65.6 72.4 6.8 0.0
0 545.0 2.0 63.2 68.8 8.8 0.0
2 495.142857143 2.0 68.0 65.8 9.0 0.0
3 288.0 2.0 55.0 83.0 9.0 0.0
2 569.470588235 0.0 63.0 72.0 5.0 0.0
3 611.5 1.0 67.4 63.8 8.4 0.0
0 521.0 1.0 77.2 53.0 6.0 0.0
1 478.4 1.0 69.0 68.6 8.0 0.0
2 475.6 1.0 70.0 63.0 9.0 0.0
2 971.25 0.0 62.0 63.0 10.0 0.03
3 495.0 1.0 65.6 69.8 8.6 0.0
3 252.333333333 1.0 67.0 70.0 9.0 0.0
0 191.0 0.0 62.4 55.4 5.8 0.0
2 670.0 0.0 46.4 37.2 6.2 0.0
2 659.071428571 1.0 68.4 65.0 6.0 0.0
1 807.0 2.0 72.2 70.0 7.6 0.0
2 1625.66666667 0.0 52.6 72.0 5.2 0.032
1 491.272727273 0.0 52.8 71.0 4.4 0.0
1 505.0 3.0 44.4 63.8 1.4 0.0
2 510.166666667 2.0 52.2 73.6 3.2 0.0
2 516.642857143 2.0 56.4 79.2 4.6 0.208
1 851.75 1.0 69.6 56.8 6.8 0.0
1 421.0 0.0 55.2 76.8 8.4 0.22
0 557.0 3.0 59.6 79.4 7.4 0.002
1 376.0 3.0 60.4 82.8 6.4 0.028
1 302.5 3.0 54.6 69.6 2.0 0.0
0 513.0 2.0 61.2 59.0 3.6 0.032
2 2443.33333333 2.0 68.8 64.2 7.2 0.342
2 850.153846154 2.0 67.6 59.4 5.4 0.0
3 551.0 0.0 62.4 62.2 5.4 0.0
3 384.0 3.0 55.8 80.6 9.4 0.114
3 442.0 0.0 56.6 71.0 8.2 0.01
1 305.0 1.0 68.6 70.2 8.2 0.0
2 402.909090909 3.0 43.2 51.0 3.4 0.0
1 545.6 0.0 72.8 36.6 5.0 0.0
1 653.0 2.0 55.2 76.6 2.6 0.0
2 679.0 2.0 57.6 71.6 5.6 0.0
1 539.6 0.0 57.4 57.6 8.6 0.0
3 151.5 2.0 62.0 77.0 16.0 0.0
2 465.210526316 3.0 56.0 74.6 6.2 0.0
1 477.0 0.0 60.8 74.8 3.2 0.0
2 497.115384615 2.0 57.0 50.0 6.0 0.0
0 198.0 0.0 60.0 74.0 9.6 0.0
1 586.0 3.0 41.0 60.2 1.2 0.0
2 1195.4 3.0 51.4 63.4 1.2 0.0
2 543.875 0.0 66.4 59.8 4.0 0.0
2 604.3125 1.0 65.0 70.0 5.8 0.0
3 241.0 0.0 59.8 67.2 8.2 0.0
1 455.833333333 0.0 59.4 69.8 10.0 0.054
3 356.666666667 2.0 62.0 68.0 9.0 0.0
0 159.0 2.0 57.0 76.0 4.4 0.0
1 634.0 1.0 65.6 69.8 8.6 0.0
1 645.428571429 0.0 55.8 62.0 6.6 0.002
3 373.5 0.0 53.8 57.0 3.0 0.0
3 158.0 3.0 43.0 45.0 4.0 0.0
3 424.5 0.0 59.0 73.0 3.0 0.0
2 575.125 0.0 59.6 71.6 7.0 0.0
3 705.090909091 1.0 69.8 71.2 6.6 0.0
2 4698.85714286 1.0 60.0 73.0 10.0 0.0
3 176.0 2.0 56.8 88.4 5.4 0.348
2 472.157894737 0.0 60.4 70.4 2.0 0.0
2 539.0625 3.0 50.0 66.6 8.4 0.0
3 1179.0 2.0 62.0 60.2 11.8 0.0
2 2893.75 2.0 64.6 73.0 4.4 0.0
2 664.083333333 1.0 68.6 58.8 7.0 0.0
3 947.833333333 0.0 57.0 55.4 3.2 0.0
1 381.285714286 0.0 55.6 81.2 3.2 0.0
2 521.333333333 0.0 62.2 64.0 11.6 0.0
1 487.8 0.0 52.4 81.0 2.6 0.0
0 191.0 0.0 60.0 68.0 7.0 0.0
2 569.529411765 1.0 70.6 67.2 7.0 0.0
3 474.0 2.0 67.6 59.4 5.4 0.0
1 803.625 0.0 57.0 74.4 5.6 0.0
1 780.0 2.0 68.6 73.6 6.2 0.0
2 807.0 3.0 57.0 76.6 12.4 1.982
0 150.0 0.0 60.0 45.0 7.8 0.0
3 152.0 0.0 58.0 58.0 6.0 0.0
2 489.285714286 2.0 57.8 36.0 6.0 0.0
3 141.0 0.0 46.4 51.4 13.6 0.0
2 420.8 0.0 53.8 76.8 3.4 0.0
2 466.5 2.0 61.2 59.0 3.6 0.032
1 618.0 2.0 62.0 46.6 8.4 0.0
3 591.0 3.0 44.4 59.4 1.4 0.0
1 360.333333333 2.0 58.0 74.0 2.6 0.0
1 1613.72727273 2.0 71.4 65.6 5.8 0.0
3 1570.0 1.0 68.4 65.0 6.0 0.0
1 1501.1875 1.0 61.4 66.2 8.8 0.0
2 536.533333333 0.0 62.4 71.8 6.0 0.056
2 1211.8 0.0 65.2 58.0 5.2 0.0
2 512.533333333 3.0 41.0 60.2 1.2 0.0
2 545.294117647 1.0 69.8 71.2 6.6 0.0
2 4114.14285714 1.0 67.6 75.4 7.2 0.0
2 542.277777778 1.0 67.0 69.0 9.0 0.0
3 194.0 2.0 67.6 72.2 7.0 0.0
2 1339.66666667 2.0 62.8 64.0 3.0 0.0
2 709.142857143 2.0 64.8 78.0 6.2 0.0
2 811.368421053 1.0 65.6 57.4 6.6 0.0
3 642.0 0.0 57.0 68.0 7.0 0.0
2 535.0 2.0 65.6 70.6 4.8 0.0
1 804.0 1.0 70.0 73.2 9.0 0.0
3 430.0 0.0 58.0 77.0 9.0 0.0
0 436.0 2.0 67.2 67.8 5.6 0.0
3 267.0 2.0 52.2 73.6 3.2 0.0
2 1765.68181818 0.0 51.0 72.0 3.0 0.0
2 513.0 3.0 52.0 59.0 2.0 0.0
1 539.6 1.0 64.4 66.2 7.8 0.0
3 595.25 3.0 43.2 51.0 3.4 0.0
2 552.380952381 1.0 72.0 68.0 9.0 0.0
3 286.0 1.0 70.2 73.6 8.4 0.0
1 1722.0 0.0 67.4 59.0 6.8 0.0
3 396.666666667 2.0 54.0 55.0 5.0 0.0
3 1394.0 1.0 66.0 69.6 6.8 0.0
2 573.5 0.0 57.0 57.0 13.0 0.0
1 463.25 0.0 60.6 58.2 6.8 0.0
1 451.0 2.0 69.2 53.0 4.8 0.0
3 905.0 3.0 57.0 66.0 4.0 0.0
2 314.5 0.0 58.4 68.8 5.0 0.0
2 507.833333333 0.0 53.0 86.0 8.0 0.096
2 570.8 0.0 58.4 81.4 4.2 0.0
0 547.0 1.0 67.8 68.8 6.8 0.0
2 549.090909091 0.0 60.2 65.0 8.6 0.0
1 187.5 3.0 48.0 71.2 2.2 0.0
1 442.8 0.0 62.0 64.0 16.0 0.0
2 531.210526316 0.0 60.0 69.2 13.0 0.0
3 576.0 1.0 62.0 68.4 8.0 0.0
3 179.0 1.0 64.2 70.6 8.0 0.0
3 570.0 0.0 56.8 54.4 1.8 0.0
0 654.0 0.0 57.0 55.4 3.2 0.0
1 443.5 2.0 53.8 70.8 1.2 0.0
3 501.0 0.0 61.4 65.8 4.2 0.0
3 13486.8 2.0 64.8 64.6 2.4 0.0
2 466.0 2.0 66.2 73.6 6.2 0.0
1 311.8 1.0 67.6 71.8 6.0 0.0
1 974.8125 1.0 65.0 74.0 12.0 0.0
3 344.0 0.0 65.0 71.0 9.0 0.0
1 387.5 2.0 71.6 65.2 6.4 0.0
2 209.0 3.0 43.8 63.8 8.6 0.064
1 416.666666667 3.0 43.2 51.0 3.4 0.0
2 671.15 0.0 66.0 64.0 9.0 0.0
2 1613.78571429 2.0 56.2 69.6 4.2 0.0
1 290.8 0.0 41.8 64.6 2.0 0.0
1 437.0 0.0 48.8 60.2 4.6 0.0
1 449.285714286 1.0 64.2 70.6 8.0 0.0
1 392.857142857 0.0 57.8 78.6 3.6 0.0
3 415.666666667 1.0 66.0 69.4 7.6 0.0
1 538.166666667 3.0 60.8 84.2 10.8 0.93
3 1086.0 2.0 72.4 50.0 3.8 0.0
2 487.470588235 0.0 53.8 57.0 3.0 0.0
3 365.0 0.0 67.8 57.8 6.6 0.0
1 535.142857143 0.0 61.4 72.8 6.2 0.0
1 436.714285714 0.0 51.4 71.6 3.0 0.0
3 456.0 2.0 60.6 63.0 4.2 0.0
2 1969.66666667 1.0 70.4 73.2 7.4 0.0
1 722.0 3.0 57.6 81.4 2.0 0.014
2 981.166666667 0.0 62.4 62.2 5.4 0.0
3 615.0 2.0 66.0 69.0 10.0 0.0
0 559.0 2.0 55.2 52.2 3.6 0.0
3 671.5 2.0 68.0 71.0 8.0 0.0
1 536.0 0.0 53.6 46.8 4.2 0.0
2 760.0 2.0 68.4 73.0 8.4 0.0
1 422.2 3.0 51.4 60.0 1.0 0.0
0 564.0 2.0 62.0 46.6 8.4 0.0
3 370.666666667 0.0 54.0 72.0 4.4 0.0
2 517.913043478 0.0 61.4 73.0 8.2 0.0
1 6209.11111111 2.0 57.6 71.6 5.6 0.0
2 894.6875 0.0 60.8 67.4 6.6 0.0
0 156.0 0.0 58.2 62.0 6.8 0.0
1 172.0 0.0 57.8 67.0 3.6 0.0
2 538.952380952 2.0 61.8 69.2 3.4 0.0
3 520.0 0.0 62.0 64.0 16.0 0.0
2 502.066666667 0.0 60.4 62.0 10.8 0.0
1 390.75 2.0 62.6 74.2 6.0 0.006
2 614.4 1.0 69.4 72.2 6.4 0.0
2 599.142857143 2.0 67.0 43.6 4.4 0.0
2 549.647058824 0.0 67.8 42.8 4.8 0.0
0 153.0 0.0 66.6 64.0 3.6 0.0
1 658.0 0.0 54.4 85.4 3.6 0.002
2 608.5 1.0 68.0 66.0 7.4 0.0
1 2144.85714286 0.0 60.8 56.6 8.4 0.0
1 582.0 0.0 58.2 65.2 4.4 0.0
1 497.75 3.0 60.6 76.8 3.6 0.002
2 522.0 0.0 58.2 71.2 8.6 0.0
1 332.0 2.0 64.8 78.0 6.2 0.0
2 427.714285714 1.0 61.2 63.2 9.4 0.0
2 441.0 1.0 68.6 66.4 7.4 0.0
3 257.666666667 2.0 62.0 61.0 5.0 0.0
1 1479.0 0.0 65.2 58.0 5.2 0.0
3 500.0 0.0 56.0 86.0 5.0 0.0
1 387.0 0.0 56.6 46.2 3.6 0.0
2 619.647058824 2.0 57.4 72.2 3.0 0.0
1 671.444444444 2.0 60.8 58.6 3.2 0.0
0 583.0 3.0 57.8 82.0 3.2 0.0
3 563.0 2.0 67.0 43.6 4.4 0.0
1 483.333333333 0.0 55.4 74.8 4.8 0.0
1 529.6 1.0 68.2 68.8 8.0 0.0
1 751.666666667 1.0 71.2 70.2 9.0 0.0
3 411.0 1.0 67.6 72.0 7.6 0.0
1 349.875 0.0 59.8 57.8 6.2 0.0
2 565.214285714 2.0 65.4 46.8 3.6 0.0
2 599.714285714 2.0 68.2 75.2 5.8 0.0
2 234.0 0.0 63.0 68.0 4.8 0.0
1 385.666666667 0.0 58.0 68.4 9.0 0.0
2 517.076923077 2.0 57.4 81.8 4.0 0.0
3 486.0 2.0 65.2 72.6 5.0 0.0
2 533.941176471 0.0 53.0 68.0 8.0 0.0
2 1117.04545455 0.0 58.0 68.4 9.0 0.0
3 288.0 0.0 56.0 73.0 7.0 0.036
3 195.0 1.0 67.0 71.0 10.0 0.0
1 734.75 0.0 63.0 66.2 7.2 0.0
1 1216.33333333 2.0 66.2 73.6 6.2 0.0
0 332.0 2.0 65.0 73.0 11.0 0.0
1 517.5 3.0 52.6 82.2 3.0 0.172
3 425.5 0.0 52.8 70.2 6.6 0.008
1 571.0 2.0 65.4 46.8 3.6 0.0
1 660.0 3.0 48.2 69.2 1.0 0.0
2 455.642857143 0.0 61.6 69.6 5.8 0.0
1 1430.9 3.0 56.0 74.6 6.2 0.0
0 537.0 0.0 52.4 69.2 1.2 0.0
1 410.5 3.0 40.6 50.8 2.2 0.0
1 542.0 0.0 54.0 72.0 4.4 0.0
1 911.142857143 0.0 62.4 55.4 5.8 0.0
1 483.6 2.0 65.2 72.6 5.0 0.0
2 557.75 0.0 56.6 71.0 8.2 0.01
1 434.5 0.0 59.0 89.0 6.0 0.03
1 554.0 2.0 71.4 67.6 4.6 0.0
1 387.0 0.0 55.4 72.6 2.8 0.0
2 412.25 0.0 59.0 71.8 8.2 0.0
3 503.0 2.0 60.0 73.6 3.2 0.0
1 703.375 0.0 59.4 66.8 7.6 0.0
1 1298.0 2.0 67.2 40.2 2.8 0.002
2 789.619047619 1.0 69.4 72.8 7.6 0.0
1 768.2 2.0 57.8 61.4 2.4 0.0
2 2126.5 2.0 69.2 72.8 5.2 0.0
2 536.75 3.0 55.8 80.6 9.4 0.114
2 1116.0 2.0 56.0 69.0 6.0 0.0
1 3213.33333333 0.0 67.8 42.8 4.8 0.0
1 10797.5 1.0 68.6 66.4 7.4 0.0
3 683.0 3.0 53.2 63.8 1.6 0.0
2 6658.85714286 1.0 67.2 69.0 6.2 0.0
2 421.0 2.0 54.6 59.4 5.2 0.0
3 431.333333333 0.0 56.0 68.0 7.0 0.0
0 377.0 0.0 58.8 61.6 12.2 0.016
2 573.0 2.0 70.6 73.4 6.6 0.002
1 396.4 0.0 58.2 71.2 8.6 0.0
3 639.5 0.0 54.2 54.4 3.0 0.0
2 122.0 0.0 53.4 85.8 3.0 0.0
2 818.333333333 3.0 57.6 81.4 2.0 0.014
2 674.875 2.0 67.4 74.0 6.8 0.0
2 511.733333333 1.0 64.6 71.4 6.4 0.0
2 525.0 0.0 53.2 52.8 2.0 0.0
2 832.705882353 1.0 64.8 65.8 7.2 0.0
1 395.714285714 1.0 70.6 65.4 8.0 0.002
2 491.8 1.0 64.8 74.6 8.4 0.0
1 634.166666667 2.0 59.8 70.0 3.0 0.0
3 219.0 1.0 70.6 65.4 8.0 0.002
1 438.111111111 0.0 54.6 52.0 3.4 0.0
2 573.25 3.0 56.0 76.6 8.6 0.306
3 328.0 0.0 54.6 60.6 3.4 0.0
0 5641.0 0.0 56.2 47.0 1.8 0.0
3 482.0 2.0 61.8 69.2 3.4 0.0
0 228.0 0.0 59.4 77.0 4.6 0.0
1 572.222222222 1.0 61.2 63.2 9.4 0.0
1 5217.16666667 0.0 64.0 68.6 5.0 0.0
0 231.0 3.0 51.0 71.0 1.0 0.0
2 718.590909091 0.0 58.0 78.2 4.4 0.0
1 445.166666667 0.0 60.2 60.6 9.2 0.0
2 777.153846154 2.0 71.6 43.0 3.6 0.0
1 687.0 0.0 75.4 35.6 5.2 0.0
3 627.75 0.0 61.0 64.0 17.0 0.0
1 1676.0 3.0 40.2 49.2 4.2 0.0
3 206.0 2.0 71.6 65.2 6.4 0.0
2 537.333333333 0.0 58.8 61.6 12.2 0.016
1 505.272727273 0.0 60.4 62.0 10.8 0.0
2 650.833333333 2.0 54.6 66.8 1.6 0.0
3 755.0 2.0 74.6 41.8 3.4 0.0
3 160.0 0.0 62.0 57.0 9.0 0.0
3 616.5 1.0 65.0 63.2 6.2 0.0
2 180.0 0.0 41.8 64.6 2.0 0.0
1 647.222222222 0.0 58.2 57.0 3.0 0.0
1 1659.0 1.0 62.2 65.6 6.4 0.0
2 1918.0 2.0 72.4 50.0 3.8 0.0
3 560.0 1.0 72.6 70.4 7.2 0.0
1 496.8 2.0 56.2 69.6 4.2 0.0
2 467.066666667 3.0 59.8 81.2 3.0 0.028
0 334.0 2.0 60.2 70.2 6.8 0.042
1 311.8 2.0 64.0 73.6 6.2 0.0
1 396.666666667 1.0 75.2 63.0 6.4 0.0
2 466.5 0.0 56.0 84.6 5.2 0.0
3 462.666666667 2.0 68.0 56.0 7.0 0.0
1 468.818181818 2.0 55.4 66.0 6.0 0.0
2 927.0 2.0 64.6 79.4 5.4 0.0
3 1031.0 2.0 69.0 32.0 6.6 0.0
0 880.5 0.0 47.8 69.0 1.0 0.0
2 1408.33333333 1.0 68.0 70.8 7.4 0.0
3 170.0 0.0 54.0 69.0 8.0 0.0
3 470.0 0.0 50.8 80.8 2.8 0.0
3 508.0 2.0 54.8 53.8 4.8 0.0
0 7200.0 0.0 62.0 65.4 9.4 0.0
2 177.0 3.0 60.0 83.4 4.4 0.018
2 446.454545455 3.0 52.8 78.2 5.0 0.0
2 512.0 3.0 47.4 65.4 1.0 0.0
3 381.666666667 3.0 41.0 60.2 1.2 0.0
1 313.6 2.0 64.8 71.0 7.6 0.0
2 466.0 3.0 54.0 72.0 6.0 0.19
3 791.0 0.0 52.4 62.2 7.0 0.002
1 413.8 1.0 68.6 58.8 7.0 0.0
2 855.25 3.0 48.8 71.8 3.8 0.0
1 313.5 0.0 46.4 37.2 6.2 0.0
3 442.333333333 0.0 59.4 47.4 4.0 0.0
1 569.5 0.0 52.4 69.2 1.2 0.0
2 2468.73076923 2.0 71.6 65.2 6.4 0.0
0 160.0 0.0 62.4 62.8 4.4 0.0
2 1177.6 1.0 69.0 73.0 6.8 0.0
0 540.0 2.0 65.2 72.6 5.0 0.0
1 532.4 0.0 61.4 70.4 3.8 0.0
3 546.0 0.0 60.2 65.0 8.6 0.0
2 1281.0 2.0 55.2 75.8 7.8 0.002
1 287.5 0.0 62.4 62.2 5.4 0.0
3 268.0 0.0 59.0 60.0 11.0 0.0
3 252.0 3.0 61.0 86.0 12.0 1.43
2 527.090909091 0.0 55.2 74.6 3.6 0.002
2 1081.47619048 2.0 66.0 64.0 9.6 0.0
3 292.333333333 2.0 65.8 66.2 4.6 0.0
2 1612.0 0.0 60.8 74.8 3.2 0.0
1 3908.0 2.0 69.0 76.8 6.4 0.0
1 470.333333333 2.0 57.6 66.8 2.0 0.0
2 583.789473684 1.0 70.2 73.6 8.4 0.0
2 197.0 2.0 67.0 69.0 8.0 0.0
3 397.0 0.0 49.0 87.0 2.0 0.0
3 609.5 0.0 65.6 60.0 4.0 0.0
3 182.0 2.0 56.0 64.0 11.0 0.0
3 527.0 1.0 67.6 71.8 6.0 0.0
2 412.0 3.0 53.2 82.6 12.2 0.564
1 1542.8 2.0 69.6 68.8 4.8 0.0
3 631.0 0.0 61.0 58.0 11.0 0.0
1 482.090909091 0.0 56.4 45.6 2.4 0.0
2 581.230769231 1.0 67.6 71.0 8.0 0.0
1 480.5 3.0 61.6 80.6 4.6 0.006
1 351.0 1.0 65.0 63.2 6.2 0.0
1 296.0 2.0 62.6 64.8 4.4 0.0
2 533.85 0.0 59.4 66.8 7.6 0.0
1 1128.28571429 2.0 67.0 72.0 11.0 0.0
1 881.833333333 0.0 73.0 42.8 5.2 0.0
3 811.25 0.0 58.8 65.8 6.2 0.006
3 172.5 2.0 57.8 77.2 3.4 0.0
1 404.0 3.0 53.0 80.4 6.0 0.104
2 530.473684211 0.0 57.4 71.2 5.6 0.0
0 309.0 0.0 59.6 71.2 8.4 0.0
2 590.384615385 0.0 59.6 71.2 8.4 0.0
0 137.0 0.0 59.4 66.8 7.6 0.0
2 573.166666667 0.0 48.8 70.8 5.8 0.0
3 717.666666667 0.0 59.0 50.0 8.0 0.0
2 551.0 0.0 61.8 67.6 10.8 0.0
1 3745.5 0.0 58.6 75.4 4.8 0.0
2 673.952380952 1.0 69.8 67.8 7.6 0.0
1 560.25 0.0 67.8 57.8 6.6 0.0
2 472.173913043 0.0 59.4 47.4 4.0 0.0
1 502.2 0.0 60.2 60.0 5.4 0.0
2 462.8 0.0 54.6 34.4 9.4 0.0
1 480.0 0.0 52.4 64.0 2.2 0.0
3 297.0 3.0 56.0 76.6 8.6 0.306
3 425.0 2.0 60.0 60.0 7.0 0.0
2 607.4 2.0 54.0 69.2 6.0 0.0
1 473.0 0.0 58.6 66.0 5.2 0.0
1 160.0 2.0 55.4 68.0 3.6 0.0
1 500.0 2.0 62.8 61.0 6.2 0.0
2 3353.5 0.0 56.8 54.4 1.8 0.0
1 1080.71428571 1.0 67.2 67.6 9.0 0.0
0 583.0 0.0 54.4 66.8 4.8 0.0
2 1750.25 0.0 67.0 55.0 3.0 0.0
0 560.0 0.0 60.0 69.2 13.0 0.0
2 547.071428571 0.0 54.0 63.0 12.0 0.0
1 351.444444444 2.0 60.0 72.0 8.0 0.0
1 420.666666667 0.0 58.8 65.8 6.2 0.006
3 480.0 0.0 57.4 68.2 7.0 0.0
2 572.6 0.0 75.4 45.6 4.4 0.0
0 501.0 3.0 48.8 71.8 3.8 0.0
3 326.0 0.0 57.0 79.0 12.0 0.87
2 548.388888889 0.0 54.6 52.0 3.4 0.0
1 2131.88888889 1.0 68.6 70.4 7.0 0.0
1 496.857142857 2.0 62.0 61.6 2.2 0.0
2 350.333333333 3.0 50.4 82.2 1.8 0.004
2 311.0 0.0 61.4 71.8 6.4 0.012
1 499.666666667 1.0 66.6 73.2 7.4 0.0
2 747.1 2.0 72.0 57.2 3.6 0.0
1 772.428571429 1.0 69.2 67.4 8.4 0.0
1 392.8 1.0 68.0 70.4 8.0 0.0
2 462.869565217 2.0 60.0 60.0 7.0 0.0
1 631.428571429 0.0 58.8 61.6 12.2 0.016
0 66.0 1.0 62.6 66.8 8.0 0.0
2 537.533333333 2.0 55.4 68.6 3.6 0.0
2 584.173913043 0.0 62.2 68.4 5.6 0.0
1 472.75 0.0 63.0 60.4 4.2 0.0
2 1174.5 0.0 67.4 59.0 6.8 0.0
3 354.0 0.0 61.4 70.4 3.8 0.0
1 589.666666667 1.0 68.0 53.0 7.0 0.0
2 504.65 2.0 65.2 72.2 3.2 0.002
2 850.571428571 2.0 65.6 74.6 4.4 0.0
2 482.045454545 0.0 55.4 72.6 2.8 0.0
3 838.0 2.0 67.2 40.2 2.8 0.002
3 388.5 0.0 51.0 72.0 3.0 0.0
1 893.5 1.0 65.0 70.0 5.8 0.0
1 449.666666667 2.0 67.4 74.0 6.8 0.0
1 4129.5 1.0 65.6 71.4 9.4 0.0
0 163.0 0.0 59.6 71.6 7.0 0.0
0 555.0 2.0 57.6 65.8 9.6 0.0
2 452.083333333 2.0 53.0 69.2 1.0 0.0
3 556.0 2.0 62.8 64.0 3.0 0.0
2 482.0 0.0 56.0 61.0 4.4 0.0
1 489.4 0.0 64.8 68.8 7.6 0.0
3 368.5 2.0 66.0 64.0 9.6 0.0
2 278.0 0.0 50.8 48.6 1.8 0.0
2 510.75 0.0 53.4 81.8 4.6 0.004
3 697.25 2.0 67.0 41.0 4.0 0.0
2 518.941176471 0.0 62.8 67.0 3.4 0.0
2 528.842105263 1.0 68.4 75.0 6.2 0.0
1 453.5 0.0 55.2 73.8 2.0 0.0
2 541.473684211 1.0 72.4 64.6 6.6 0.0
3 223.0 0.0 55.6 85.8 5.0 0.006
3 619.5 1.0 67.8 73.0 7.2 0.0
1 658.25 0.0 59.2 60.6 9.4 0.0
3 315.0 0.0 44.6 45.4 3.8 0.0
3 457.0 0.0 52.2 52.8 1.8 0.0
3 290.0 1.0 67.6 75.4 7.2 0.0
1 472.25 2.0 58.4 78.2 3.8 0.0
2 153.0 1.0 70.0 73.2 9.0 0.0
1 1017.14285714 2.0 60.6 58.2 2.0 0.0
1 430.0 3.0 57.8 82.0 3.2 0.0
0 246.0 0.0 62.2 68.4 5.6 0.0
2 887.5 2.0 62.0 46.6 8.4 0.0
3 547.0 0.0 53.0 83.0 2.6 0.0
1 779.333333333 1.0 72.6 66.6 7.4 0.0
1 346.2 2.0 58.2 70.0 4.0 0.0
1 390.333333333 0.0 54.0 68.6 5.8 0.0
1 441.0 2.0 61.8 69.2 3.4 0.0
1 774.0 2.0 56.4 79.2 4.6 0.208
3 435.0 2.0 57.0 69.0 4.0 0.0
3 361.0 2.0 56.4 79.2 4.6 0.208
1 1169.0 0.0 50.8 71.8 4.6 0.0
1 447.5 0.0 60.0 73.0 6.0 0.26
3 381.0 0.0 58.0 64.0 12.0 0.0
0 1069.75 3.0 51.4 60.0 1.0 0.0
1 332.6 1.0 68.0 66.0 7.4 0.0
2 668.235294118 0.0 60.0 64.8 7.4 0.0
2 499.473684211 0.0 54.0 83.0 3.0 0.0
2 533.647058824 1.0 65.0 74.0 12.0 0.0
1 591.5 1.0 71.4 69.4 5.8 0.0
1 728.555555556 2.0 64.8 64.6 2.4 0.0
2 3372.36363636 2.0 71.8 53.2 3.8 0.0
1 390.0 0.0 55.8 81.4 3.4 0.006
0 156.0 0.0 54.6 71.4 10.2 0.23
3 533.333333333 2.0 53.8 70.8 1.2 0.0
2 649.615384615 2.0 65.0 64.6 9.6 0.0
2 547.333333333 0.0 56.8 69.0 8.6 0.0
1 443.666666667 0.0 46.4 51.4 13.6 0.0
1 483.666666667 0.0 56.0 84.6 5.2 0.0
1 2917.28571429 1.0 65.6 72.4 6.8 0.0
1 421.857142857 0.0 54.6 34.4 9.4 0.0
1 357.333333333 0.0 61.2 70.0 6.0 0.0
2 472.5 0.0 58.2 62.0 6.8 0.0
1 355.666666667 1.0 69.6 73.6 6.0 0.0
3 589.0 1.0 68.4 75.0 6.2 0.0
0 523.0 1.0 67.2 69.8 9.4 0.004
2 562.833333333 0.0 52.0 68.2 4.6 0.02
3 544.0 2.0 68.4 73.0 8.4 0.0
2 928.8 2.0 58.0 50.0 5.0 0.0
2 490.307692308 3.0 54.0 54.0 2.0 0.0
0 657.0 0.0 55.4 72.6 2.8 0.0
3 473.0 1.0 67.0 71.0 10.0 0.0
1 809.333333333 3.0 50.4 66.2 1.4 0.0
2 1038.66666667 2.0 52.2 67.0 2.0 0.0
1 511.0 2.0 54.8 53.8 4.8 0.0
2 718.153846154 2.0 71.0 59.0 4.0 0.0
3 638.0 0.0 59.0 81.0 5.0 0.0
3 1998.0 0.0 60.0 64.8 7.4 0.0
3 473.0 0.0 57.0 70.0 13.0 0.0
2 487.647058824 2.0 51.0 63.0 2.0 0.0
2 586.857142857 0.0 58.4 63.4 8.4 0.0
3 384.0 1.0 68.0 69.0 9.0 0.0
3 630.5 3.0 54.0 80.0 14.0 0.0
2 458.0 0.0 51.4 77.6 9.6 0.268
3 631.5 2.0 70.0 66.8 4.6 0.0
1 716.5 2.0 67.2 67.8 5.6 0.0
2 445.411764706 0.0 56.0 65.6 5.8 0.014
2 473.125 0.0 58.2 65.2 4.4 0.0
2 461.0 1.0 73.4 60.8 5.4 0.0
1 622.375 2.0 61.4 61.0 3.6 0.0
3 153.0 2.0 57.0 73.0 9.0 0.0
1 473.2 0.0 53.4 81.8 4.6 0.004
1 545.5 2.0 55.2 78.6 4.0 0.0
1 395.333333333 0.0 59.8 69.0 9.0 0.0
0 554.0 2.0 69.6 68.4 7.0 0.0
3 911.0 2.0 69.0 76.8 6.4 0.0
2 324.5 0.0 62.0 65.4 9.4 0.0
3 604.5 0.0 60.0 63.0 7.0 0.0
3 392.0 0.0 58.0 70.0 3.0 0.0
3 511.75 0.0 67.0 55.0 6.0 0.0
2 491.470588235 2.0 58.6 78.4 4.2 0.0
3 536.6 2.0 74.0 41.4 3.6 0.0
3 452.0 2.0 60.0 66.0 7.0 0.0
0 94.0 1.0 68.4 65.0 6.0 0.0
2 44073.5 2.0 68.0 72.0 19.0 0.0
1 756.571428571 0.0 57.2 59.0 3.4 0.0
2 1263.25 2.0 62.6 71.4 6.2 0.002
3 1475.6 1.0 68.0 69.8 7.2 0.0
2 491.25 0.0 50.0 60.8 1.2 0.0
3 132.0 0.0 56.0 53.4 8.0 0.0
0 292.0 0.0 55.8 76.6 2.2 0.0
2 2009.81818182 0.0 59.8 69.0 6.0 0.214
2 528.4 0.0 52.0 74.2 2.6 0.0
1 6318.81818182 0.0 53.6 82.6 3.0 0.0
1 717.166666667 2.0 55.8 67.0 1.8 0.0
0 778.0 0.0 56.0 61.0 4.4 0.0
1 595.666666667 1.0 74.2 60.2 6.0 0.0
2 906.0 1.0 66.0 69.6 6.8 0.0
1 833.6 2.0 66.0 72.0 13.0 0.0
1 530.5 0.0 58.4 81.4 4.2 0.0
2 544.823529412 0.0 66.6 64.0 3.6 0.0
1 452.0 1.0 67.6 66.8 6.2 0.0
2 2742.0 0.0 57.4 60.6 4.4 0.0
2 528.941176471 0.0 60.4 78.8 7.2 0.0
1 566.5 2.0 69.8 67.6 6.6 0.0
2 552.636363636 0.0 64.0 68.6 5.0 0.0
1 320.0 0.0 50.0 73.0 3.0 0.0
3 304.0 1.0 69.0 69.0 8.0 0.0
2 1454.0 2.0 65.8 55.4 5.0 0.0
3 894.5 2.0 71.4 65.6 5.8 0.0
2 474.761904762 3.0 44.4 63.8 1.4 0.0
3 279.666666667 0.0 50.0 60.8 1.2 0.0
2 662.5 0.0 61.0 71.0 10.0 0.0
2 596.052631579 1.0 66.8 72.4 7.2 0.0
1 575.0 0.0 63.2 62.2 5.6 0.0
1 3937.5 1.0 77.2 53.0 6.0 0.0
1 860.5 0.0 60.0 68.0 7.0 0.0
3 856.0 1.0 68.0 71.0 8.0 0.0
2 492.75 2.0 56.0 85.8 3.4 0.184
1 603.0 0.0 54.2 59.2 7.8 0.0
2 5846.66666667 0.0 68.6 59.6 3.6 0.0
2 529.4 0.0 63.8 72.2 7.8 0.0
1 473.636363636 0.0 58.4 58.2 8.2 0.0
1 408.142857143 0.0 48.8 70.8 5.8 0.0
1 7840.5 0.0 61.4 71.8 6.4 0.012
1 549.428571429 2.0 68.6 64.0 5.8 0.0
2 622.933333333 1.0 71.0 69.0 7.6 0.0
1 438.833333333 0.0 59.6 71.6 7.0 0.0
2 591.25 2.0 67.2 35.6 2.4 0.0
0 603.0 1.0 66.4 65.0 9.0 0.0
3 465.5 2.0 62.0 68.0 9.0 0.01
3 399.5 0.0 56.2 47.0 1.8 0.0
2 879.266666667 1.0 72.6 70.4 7.2 0.0
0 226.0 0.0 55.8 62.0 6.6 0.002
0 541.0 2.0 68.6 64.0 5.8 0.0
2 1490.6 0.0 60.0 68.0 8.0 0.0
3 515.333333333 2.0 68.0 58.0 4.0 0.0
2 902.0 0.0 54.4 61.8 10.2 0.0
2 550.619047619 0.0 58.8 75.6 6.4 0.004
3 1007.0 1.0 67.6 71.0 8.0 0.0
2 294.0 1.0 62.2 65.6 6.4 0.0
2 496.95 0.0 58.0 71.0 6.0 0.0
0 681.0 2.0 69.2 70.4 6.8 0.0
1 683.5 0.0 57.8 68.0 9.0 0.0
1 410.5 0.0 55.6 85.8 5.0 0.006
2 989.0 0.0 63.2 62.2 5.6 0.0
3 610.0 0.0 51.4 71.6 3.0 0.0
3 1740.66666667 0.0 58.0 68.0 2.0 0.0
1 578.6 0.0 64.2 44.2 9.0 0.0
3 166.0 2.0 69.6 68.4 7.0 0.0
0 524.0 3.0 55.0 78.2 7.2 0.024
2 627.466666667 0.0 61.4 70.4 3.8 0.0
2 563.125 0.0 66.4 57.6 5.6 0.0
2 646.956521739 3.0 60.6 76.8 3.6 0.002
0 360.0 0.0 56.4 45.6 2.4 0.0
2 570.111111111 2.0 60.2 78.4 3.2 0.004
2 296.333333333 1.0 61.0 66.0 13.0 0.0
1 179.0 1.0 68.0 69.8 7.2 0.0
1 504.0 3.0 52.2 66.4 1.2 0.0
2 189.0 0.0 59.0 76.6 7.0 0.0
1 549.0 1.0 68.0 70.0 7.8 0.0
0 90.0 0.0 58.4 68.8 5.0 0.0
3 617.0 0.0 59.0 69.0 8.0 0.0
2 741.333333333 2.0 66.8 70.6 6.2 0.0
1 1036.4 2.0 62.8 50.8 6.4 0.0
1 532.5 2.0 58.6 78.4 4.2 0.0
3 435.0 0.0 59.2 60.6 9.4 0.0
1 593.142857143 0.0 62.0 62.4 11.0 0.0
3 167.0 0.0 74.8 35.2 4.2 0.0
1 17349.0 2.0 62.0 65.0 9.0 0.0
2 630.916666667 0.0 57.8 68.0 9.0 0.0
2 790.555555556 2.0 69.2 70.4 5.0 0.0
2 932.25 0.0 56.6 57.2 7.0 0.0
0 4396.33333333 2.0 70.8 74.0 7.4 0.0
3 778.0 2.0 54.0 69.2 6.0 0.0
2 639.727272727 2.0 67.2 67.8 5.6 0.0
1 3433.0 2.0 70.8 74.0 7.4 0.0
2 538.375 0.0 58.4 65.8 3.2 0.0
2 1342.75 0.0 59.2 62.2 6.2 0.0
1 731.25 0.0 69.4 45.4 3.8 0.0
1 615.230769231 0.0 52.4 60.8 2.2 0.0
1 620.0 0.0 60.6 79.8 5.0 0.0
3 413.0 0.0 46.0 68.0 3.0 0.0
1 252.0 1.0 66.0 69.6 6.8 0.0
2 605.882352941 1.0 67.8 73.0 7.2 0.0
2 1056.18181818 2.0 63.8 75.4 8.2 0.0
2 450.833333333 3.0 59.6 79.4 7.4 0.002
0 207.0 0.0 60.2 65.0 8.6 0.0
1 653.75 1.0 64.0 53.4 7.2 0.0
0 530.0 3.0 53.0 80.4 6.0 0.104
1 389.8 0.0 56.2 80.4 3.6 0.0
2 674.25 1.0 65.0 66.4 6.6 0.0
2 456.0 0.0 52.4 64.0 2.2 0.0
3 555.2 0.0 58.8 70.0 6.8 0.0
3 387.0 2.0 57.0 74.0 4.0 0.03
3 463.0 1.0 61.4 66.2 8.8 0.0
2 324.75 0.0 59.4 60.4 3.6 0.0
2 659.166666667 0.0 55.0 57.0 1.0 0.0
1 461.222222222 0.0 53.8 76.8 3.4 0.0
2 175.0 0.0 54.2 59.2 7.8 0.0
2 592.416666667 0.0 55.2 76.8 8.4 0.22
2 551.736842105 1.0 68.0 66.8 7.8 0.0
1 312.0 0.0 59.0 73.0 6.0 0.0
2 916.666666667 1.0 70.6 60.2 6.2 0.0
2 556.6 1.0 67.4 63.8 8.4 0.0
2 568.944444444 1.0 69.0 64.0 9.0 0.0
2 535.214285714 1.0 64.0 53.4 7.2 0.0
1 562.25 0.0 63.0 63.6 7.6 0.0
1 600.0 3.0 58.2 86.0 7.0 0.94
2 603.583333333 0.0 59.0 65.0 13.0 0.74
1 951.5 1.0 65.0 66.4 6.6 0.0
2 515.428571429 0.0 57.4 67.2 5.6 0.0
2 610.176470588 0.0 54.4 66.8 4.8 0.0
3 457.75 2.0 57.0 75.0 6.0 0.15
1 359.0 3.0 50.6 72.8 4.2 0.0
2 629.0 1.0 66.2 73.2 7.8 0.0
2 633.333333333 2.0 63.6 79.6 5.0 0.0
3 304.0 3.0 39.2 60.2 4.6 0.0
1 346.333333333 0.0 66.4 59.8 4.0 0.0
3 534.0 0.0 58.4 81.6 3.2 0.0
2 562.470588235 0.0 63.0 57.2 7.8 0.0
2 1592.3125 0.0 66.0 61.0 8.0 0.0
2 560.0 2.0 64.2 43.4 3.2 0.0
2 499.9375 2.0 59.2 62.4 4.2 0.0
3 545.5 1.0 69.0 73.0 6.8 0.0
2 488.647058824 0.0 62.2 60.0 5.8 0.0
2 509.888888889 0.0 52.4 69.2 1.2 0.0
2 553.76 2.0 69.8 67.6 6.6 0.0
2 1837.25 2.0 60.6 63.0 4.2 0.0
1 434.909090909 1.0 69.8 71.2 6.6 0.0
2 612.772727273 1.0 63.2 70.4 9.6 0.0
2 502.28 2.0 68.6 64.0 5.8 0.0
3 227.333333333 1.0 68.0 71.2 8.4 0.0
3 3836.0 1.0 65.2 63.8 10.2 0.0
3 132.0 0.0 61.0 65.2 7.0 0.002
2 672.958333333 2.0 69.6 68.4 7.0 0.0
2 577.428571429 3.0 50.6 61.4 7.4 0.0
2 499.9 3.0 50.6 72.8 4.2 0.0
1 559.75 1.0 66.2 71.4 8.4 0.0
1 585.222222222 0.0 61.6 42.8 10.6 0.0
1 436.833333333 0.0 60.0 74.0 9.6 0.0
0 992.0 0.0 56.8 79.6 10.8 0.544
3 1584.5 3.0 46.2 70.8 2.2 0.0
2 578.916666667 2.0 61.8 59.2 5.2 0.0
2 638.0 2.0 69.6 68.8 4.8 0.0
1 395.0 2.0 65.8 66.2 4.6 0.0
3 1355.0 2.0 63.4 76.6 6.2 0.35
1 1135.83333333 0.0 57.4 68.2 7.0 0.0
2 702.6 2.0 55.4 68.0 3.6 0.0
2 556.294117647 0.0 62.0 72.0 11.0 0.0
3 353.0 3.0 53.0 85.0 14.0 1.09
2 846.0 2.0 65.0 75.0 7.0 0.1
2 928.0 1.0 72.6 66.6 7.4 0.0
1 234.0 0.0 75.4 45.6 4.4 0.0
2 994.785714286 2.0 64.8 71.0 7.6 0.0
2 621.666666667 0.0 53.2 55.0 1.8 0.0
3 152.0 1.0 61.0 70.0 9.0 0.0
0 595.0 1.0 64.6 71.4 6.4 0.0
2 560.6 1.0 65.2 65.6 9.8 0.0
1 708.0 0.0 57.0 60.6 3.8 0.0
3 429.5 3.0 58.0 90.0 9.0 1.18
2 600.272727273 2.0 56.2 82.2 4.8 0.0
1 389.666666667 2.0 68.6 56.8 5.0 0.0
2 549.764705882 1.0 67.8 68.8 6.8 0.0
3 722.0 0.0 75.0 43.0 6.0 0.0
2 528.692307692 0.0 74.8 35.2 4.2 0.0
1 529.166666667 1.0 68.0 66.8 7.8 0.0
1 782.0 0.0 57.2 74.2 7.8 0.19
1 438.4 2.0 63.2 68.8 8.8 0.0
1 491.0 0.0 53.8 57.0 3.0 0.0
0 586.5 1.0 65.0 63.2 6.2 0.0
3 354.666666667 0.0 52.0 76.0 2.0 0.0
3 387.0 2.0 62.0 61.0 14.0 0.0
0 348.0 0.0 58.8 70.0 6.8 0.0
3 710.0 0.0 58.0 68.4 9.0 0.0
3 570.75 2.0 62.0 64.2 3.4 0.0
1 653.125 1.0 67.4 68.4 8.6 0.0
2 539.842105263 0.0 59.0 56.0 8.0 0.0
1 552.0 0.0 62.8 67.0 3.4 0.0
1 441.333333333 2.0 55.0 56.0 9.0 0.0
1 1684.0 0.0 53.4 70.4 7.4 0.0
2 354.0 0.0 46.4 51.4 13.6 0.0
1 340.0 2.0 57.4 72.2 3.0 0.0
2 514.875 2.0 60.2 70.2 6.8 0.042
3 616.0 2.0 70.8 74.0 7.4 0.0
3 788.0 2.0 60.0 89.0 5.0 0.14
3 330.0 2.0 57.0 82.0 6.0 0.0
1 587.555555556 0.0 54.2 54.4 3.0 0.0
1 435.0 0.0 64.8 46.8 8.4 0.0
1 413.285714286 2.0 71.6 43.0 3.6 0.0
3 161.0 0.0 61.0 44.0 3.0 0.0
2 865.666666667 2.0 59.2 73.8 4.2 0.0
1 340.5 0.0 55.2 68.0 6.0 0.048
2 1140.90909091 0.0 59.6 63.6 2.0 0.0
2 768.666666667 0.0 52.8 71.0 4.4 0.0
2 552.722222222 0.0 57.0 74.4 5.6 0.0
2 533.384615385 0.0 61.0 58.0 11.0 0.0
1 13744.0 2.0 63.8 75.4 8.2 0.0
1 505.333333333 0.0 52.8 70.2 6.6 0.008
1 769.25 1.0 70.6 60.2 6.2 0.0
