0 751.166666667 2.0 65.8 66.2 4.6 0.0
3 592.5 0.0 58.0 78.2 4.4 0.0
2 990.56 0.0 56.0 65.6 5.8 0.014
3 564.3 2.0 65.2 42.4 2.4 0.0
1 686.514705882 1.0 66.8 72.4 7.2 0.0
3 575.6 0.0 61.0 58.0 11.0 0.0
0 652.333333333 0.0 54.6 52.0 3.4 0.0
2 1721.66666667 1.0 65.6 72.4 6.8 0.0
0 724.25 0.0 48.8 70.8 5.8 0.0
0 648.571428571 0.0 59.6 66.8 6.2 0.0
1 586.854166667 2.0 61.8 59.2 5.2 0.0
0 743.4 0.0 53.2 52.8 2.0 0.0
0 733.285714286 1.0 61.2 63.2 9.4 0.0
1 849.777777778 2.0 64.6 73.0 4.4 0.0
3 505.181818182 1.0 67.6 71.8 6.0 0.0
2 631.962962963 0.0 57.0 57.0 13.0 0.0
3 465.857142857 1.0 68.6 68.4 7.0 0.0
3 570.25 1.0 63.2 70.4 9.6 0.0
1 3131.2 2.0 65.0 70.0 11.0 0.0
1 675.516129032 0.0 64.8 68.8 7.6 0.0
2 613.4375 2.0 66.0 64.0 9.6 0.0
0 674.857142857 0.0 54.0 83.0 3.0 0.0
2 562.666666667 2.0 55.2 75.8 7.8 0.002
0 756.5 0.0 51.4 77.6 9.6 0.268
0 712.833333333 2.0 61.0 84.6 6.6 0.088
0 1342.0 2.0 62.8 64.0 3.0 0.0
1 1335.71428571 0.0 54.4 61.8 10.2 0.0
1 646.309090909 0.0 57.6 67.8 5.2 0.0
1 2973.875 2.0 55.4 68.0 3.6 0.0
3 513.25 2.0 67.8 68.6 4.0 0.0
2 485.1 0.0 56.0 56.0 9.0 0.0
2 747.75 0.0 59.8 65.2 3.4 0.0
1 616.647058824 0.0 53.8 76.8 3.4 0.0
2 607.545454545 1.0 69.0 73.0 6.8 0.0
3 550.666666667 0.0 57.0 60.0 2.0 0.0
3 699.692307692 0.0 58.2 71.2 8.6 0.0
0 610.0 3.0 52.8 78.2 5.0 0.0
2 568.636363636 0.0 54.6 60.6 3.4 0.0
1 632.753846154 0.0 67.8 60.8 6.6 0.0
1 692.71875 0.0 58.8 61.6 12.2 0.016
2 4902.09090909 2.0 59.8 80.6 8.6 0.056
1 637.866666667 0.0 55.4 72.6 2.8 0.0
3 653.529411765 0.0 60.2 65.0 8.6 0.0
1 3014.62068966 2.0 65.0 64.6 9.6 0.0
0 727.777777778 2.0 65.6 74.6 4.4 0.0
3 459.857142857 0.0 59.4 77.0 4.6 0.0
1 673.024390244 0.0 52.0 76.0 2.0 0.0
3 532.2 0.0 59.4 47.4 4.0 0.0
2 798.833333333 2.0 67.0 40.0 5.0 0.0
2 689.444444444 1.0 67.8 72.0 8.6 0.0
1 640.4 0.0 56.2 47.0 1.8 0.0
2 657.142857143 2.0 74.6 41.8 3.4 0.0
0 772.857142857 1.0 69.4 72.2 6.4 0.0
1 660.564102564 2.0 55.2 57.6 3.0 0.0
3 616.4 1.0 70.6 65.4 8.0 0.002
1 1086.51470588 0.0 75.0 43.0 6.0 0.0
2 649.944444444 0.0 55.6 85.8 5.0 0.006
3 563.5 0.0 63.0 57.2 7.8 0.0
2 712.333333333 2.0 66.0 66.0 10.0 0.0
0 592.75 1.0 68.6 70.2 8.2 0.0
3 494.375 0.0 51.0 69.0 2.0 0.0
2 676.666666667 0.0 57.0 59.8 6.2 0.0
3 413.333333333 0.0 52.4 62.2 7.0 0.002
1 669.554054054 1.0 68.0 71.0 8.0 0.0
3 810.0 0.0 67.4 59.0 6.8 0.0
1 663.321428571 2.0 58.6 78.4 4.2 0.0
3 607.166666667 0.0 59.2 77.0 6.4 0.008
2 2248.5 0.0 58.0 68.4 9.0 0.0
1 663.6875 0.0 55.6 80.4 5.4 0.082
3 607.5 3.0 50.6 61.4 7.4 0.0
1 691.7875 0.0 55.0 56.0 9.0 0.0
1 578.5 0.0 57.6 82.4 11.0 0.104
0 633.333333333 1.0 63.2 70.4 9.6 0.0
2 546.75 1.0 63.0 78.0 9.0 0.0
1 636.438596491 3.0 43.2 51.0 3.4 0.0
1 598.62962963 0.0 53.8 57.8 9.0 0.0
2 595.428571429 0.0 57.6 83.4 3.0 0.0
1 655.6 1.0 75.2 63.0 6.4 0.0
3 601.5 0.0 62.4 55.4 5.8 0.0
1 652.7 2.0 56.0 85.8 3.4 0.184
0 688.2 0.0 57.4 53.0 6.2 0.0
2 616.0 3.0 40.2 49.2 4.2 0.0
3 967.285714286 2.0 56.6 69.0 5.2 0.0
2 1007.2 2.0 70.8 74.0 7.4 0.0
0 67.0 3.0 52.6 46.0 2.0 0.0
1 2052.6 0.0 60.4 55.0 10.6 0.0
3 560.142857143 0.0 65.0 71.0 9.0 0.0
1 1535.95 2.0 72.0 57.2 3.6 0.0
3 569.8 3.0 54.0 83.0 8.0 0.13
2 598.178571429 0.0 60.4 62.0 10.8 0.0
1 551.8 0.0 57.4 60.6 4.4 0.0
1 1272.42857143 2.0 61.8 73.6 1.4 0.0
1 2766.0877193 0.0 55.6 61.4 3.8 0.0
0 561.6 0.0 53.8 57.0 3.0 0.0
2 1498.85714286 2.0 63.8 75.4 8.2 0.0
3 500.444444444 0.0 61.6 42.8 10.6 0.0
0 609.555555556 1.0 71.0 69.0 7.6 0.0
2 722.827586207 1.0 64.8 65.8 7.2 0.0
1 2730.42857143 2.0 76.2 52.8 4.2 0.0
2 1291.4 1.0 70.6 60.2 6.2 0.0
3 2310.375 1.0 61.0 74.0 9.0 0.0
2 634.789473684 1.0 68.0 71.2 8.4 0.0
3 605.538461538 0.0 64.8 46.8 8.4 0.0
2 790.088235294 2.0 69.8 54.2 4.2 0.0
2 554.75 0.0 59.8 69.0 9.0 0.0
1 1054.75342466 2.0 68.0 71.0 8.0 0.0
2 680.714285714 1.0 65.8 72.0 9.0 0.0
2 857.666666667 2.0 67.6 59.4 5.4 0.0
3 251.0 2.0 68.6 68.8 5.8 0.0
1 882.051282051 2.0 67.6 59.4 5.4 0.0
3 500.733333333 2.0 62.0 61.6 2.2 0.0
1 616.237288136 1.0 65.6 57.4 6.6 0.0
2 615.952380952 2.0 52.2 73.6 3.2 0.0
2 567.105263158 0.0 75.4 45.6 4.4 0.0
3 612.5 2.0 68.6 71.2 7.2 0.0
1 712.440677966 0.0 54.0 71.0 4.0 0.0
0 638.5 0.0 53.4 81.8 4.6 0.004
2 592.5 3.0 57.6 81.4 2.0 0.014
3 1770.33333333 2.0 68.4 65.0 4.8 0.0
1 1020.5 3.0 51.4 63.4 1.2 0.0
2 841.666666667 0.0 56.4 67.4 4.2 0.0
1 696.285714286 2.0 63.6 79.6 5.0 0.0
1 602.571428571 0.0 58.4 81.6 3.2 0.0
3 573.0 1.0 70.0 73.2 9.0 0.0
0 678.166666667 2.0 64.8 71.0 7.6 0.0
0 693.666666667 0.0 64.8 46.8 8.4 0.0
1 657.555555556 0.0 67.2 36.4 7.4 0.0
3 746.5 2.0 59.8 80.6 8.6 0.056
2 675.642857143 2.0 65.0 74.0 7.0 0.0
1 633.045454545 1.0 71.0 69.0 7.6 0.0
2 719.5 0.0 52.0 74.0 7.0 0.07
3 440.5 3.0 40.2 49.2 4.2 0.0
0 618.0 1.0 67.6 71.0 8.0 0.0
0 834.5 0.0 62.8 67.0 3.4 0.0
3 474.9375 0.0 57.0 72.0 11.0 0.0
2 621.4 0.0 57.2 74.2 7.8 0.19
1 645.271186441 1.0 69.4 72.2 6.4 0.0
1 692.581818182 0.0 62.4 71.8 6.0 0.056
3 514.571428571 3.0 40.6 50.8 2.2 0.0
3 725.5 0.0 59.6 63.6 2.0 0.0
2 611.185185185 0.0 52.4 69.2 1.2 0.0
3 589.333333333 1.0 68.0 67.0 10.0 0.0
2 960.4 3.0 53.2 63.8 1.6 0.0
3 535.4 0.0 57.0 68.0 7.0 0.0
1 659.111111111 2.0 65.8 66.2 4.6 0.0
1 1113.6 0.0 56.0 66.6 5.4 0.022
2 883.833333333 0.0 61.4 55.0 10.0 0.0
2 590.315789474 0.0 60.0 69.2 13.0 0.0
3 573.6 0.0 66.0 61.0 8.0 0.0
3 443.5 2.0 57.6 65.8 9.6 0.0
0 580.8 3.0 60.8 84.2 10.8 0.93
1 610.434782609 2.0 58.4 78.2 3.8 0.0
1 693.8 1.0 66.0 65.0 10.0 0.0
0 677.0 2.0 62.0 64.2 3.4 0.0
3 427.875 2.0 60.0 73.6 3.2 0.0
2 648.666666667 0.0 59.0 71.8 8.2 0.0
0 770.75 1.0 70.6 65.4 8.0 0.002
3 1705.0 0.0 61.4 71.8 6.4 0.012
0 713.8 0.0 50.0 60.8 1.2 0.0
1 1599.33333333 2.0 69.0 70.0 6.0 0.0
1 14197.5 2.0 65.6 70.6 4.8 0.0
1 870.290322581 0.0 69.4 63.8 5.0 0.0
3 484.444444444 0.0 50.4 78.8 2.6 0.0
3 357.0 2.0 63.8 75.4 8.2 0.0
3 415.666666667 2.0 55.0 69.0 1.0 0.0
1 849.015151515 0.0 61.6 77.2 18.0 0.696
2 692.851851852 2.0 71.6 43.0 3.6 0.0
1 719.346153846 0.0 53.2 55.0 1.8 0.0
2 1450.33333333 0.0 60.2 72.8 2.4 0.0
0 560.0 0.0 66.6 64.0 3.6 0.0
0 661.0 0.0 60.0 45.0 7.8 0.0
2 764.235294118 2.0 60.8 58.6 3.2 0.0
1 613.186046512 2.0 59.8 85.6 5.8 0.194
3 636.55 0.0 54.6 34.4 9.4 0.0
2 611.028571429 1.0 69.8 67.8 7.6 0.0
1 2443.65384615 1.0 67.4 68.4 8.6 0.0
1 610.76 0.0 58.4 50.0 4.4 0.0
2 710.0625 2.0 69.6 68.8 4.8 0.0
3 399.142857143 2.0 60.2 70.2 6.8 0.042
2 986.625 3.0 54.0 64.0 1.0 0.0
1 609.553571429 0.0 58.0 68.4 9.0 0.0
1 632.269230769 3.0 58.2 86.0 7.0 0.94
2 785.5 0.0 54.6 80.0 2.4 0.0
2 948.875 2.0 56.0 69.6 4.0 0.0
1 609.786885246 1.0 68.0 53.0 7.0 0.0
0 622.25 0.0 58.2 65.2 4.4 0.0
0 651.375 1.0 69.8 71.2 6.6 0.0
0 631.571428571 1.0 66.4 74.8 8.0 0.0
1 672.915254237 0.0 58.4 65.8 3.2 0.0
2 874.0 2.0 53.0 72.2 2.0 0.0
3 490.2 0.0 64.0 68.6 5.0 0.0
3 583.5 2.0 67.4 64.2 5.6 0.0
3 452.0 1.0 63.6 62.8 9.0 0.0
0 677.0 2.0 65.6 75.0 8.0 0.0
1 672.555555556 2.0 60.0 77.0 8.0 0.0
1 633.204081633 2.0 60.4 62.6 4.4 0.0
1 618.14084507 1.0 65.0 73.0 7.0 0.0
3 503.375 1.0 63.2 65.0 7.2 0.0
0 655.0 2.0 56.2 82.2 4.8 0.0
3 546.384615385 0.0 53.8 57.0 3.0 0.0
2 562.111111111 0.0 69.4 45.4 3.8 0.0
0 638.2 0.0 58.8 65.8 6.2 0.006
0 848.5 0.0 58.4 71.0 2.2 0.0
0 586.25 0.0 63.8 72.2 7.8 0.0
1 842.465116279 0.0 58.6 66.0 5.2 0.0
0 600.333333333 0.0 57.0 57.0 13.0 0.0
1 13993.25 0.0 58.6 75.4 4.8 0.0
0 709.25 0.0 59.8 67.2 8.2 0.0
3 718.4 0.0 58.4 58.2 8.2 0.0
0 718.428571429 0.0 75.4 45.6 4.4 0.0
2 621.85 1.0 64.0 76.0 11.0 0.0
1 980.711864407 0.0 57.0 57.0 13.0 0.0
2 889.777777778 2.0 57.0 73.0 4.4 0.0
1 629.5 0.0 62.4 85.8 6.6 0.086
2 544.777777778 2.0 55.8 67.0 1.8 0.0
3 330.416666667 0.0 60.4 60.0 12.8 0.0
2 3133.28571429 0.0 47.8 69.0 1.0 0.0
1 795.701754386 2.0 68.0 59.0 7.0 0.0
2 623.68 2.0 55.2 52.2 3.6 0.0
1 18707.6666667 0.0 52.6 72.0 3.2 0.0
2 976.48 2.0 60.4 62.6 4.4 0.0
1 578.666666667 0.0 63.0 66.2 7.2 0.0
3 352.142857143 0.0 61.6 77.2 18.0 0.696
2 564.04 3.0 44.4 63.8 1.4 0.0
2 589.0 1.0 68.0 73.0 11.0 0.0
1 1173.30769231 1.0 69.6 73.6 6.0 0.0
3 12383.7142857 1.0 69.8 70.8 6.6 0.0
0 396.0 2.0 65.6 70.6 4.8 0.0
2 696.333333333 2.0 62.8 51.0 3.2 0.0
3 573.666666667 0.0 53.0 68.0 8.0 0.0
2 670.538461538 2.0 58.0 80.0 7.0 0.28
3 365.4 2.0 66.4 71.8 6.0 0.0
3 757.0 0.0 59.0 76.6 7.0 0.0
0 653.0 0.0 56.0 73.0 7.0 0.036
0 769.25 0.0 58.6 66.0 5.2 0.0
0 627.666666667 1.0 65.0 70.0 5.8 0.0
2 288.0 2.0 54.6 66.8 1.6 0.0
1 671.45 1.0 66.2 73.2 7.8 0.0
0 689.8 3.0 40.2 49.2 4.2 0.0
0 636.0 3.0 61.6 80.6 4.6 0.006
3 748.0 2.0 65.8 55.4 5.0 0.0
3 400.9 2.0 58.4 78.2 3.8 0.0
2 1996.5 0.0 55.4 68.6 7.4 0.008
1 975.166666667 2.0 71.8 53.2 3.8 0.0
1 701.132352941 0.0 58.2 73.4 1.8 0.0
3 595.0 0.0 60.8 72.8 5.4 0.0
3 639.857142857 1.0 77.2 53.0 6.0 0.0
0 676.333333333 2.0 55.4 66.0 6.0 0.0
0 624.833333333 3.0 43.2 51.0 3.4 0.0
2 1160.11111111 2.0 66.0 70.0 7.0 0.0
3 616.833333333 0.0 53.8 57.8 9.0 0.0
1 725.382352941 2.0 64.8 64.6 2.4 0.0
2 950.095238095 2.0 65.2 72.2 3.2 0.002
0 14123.1428571 0.0 59.8 69.0 9.0 0.0
3 548.5 2.0 57.4 81.8 4.0 0.0
2 762.75 0.0 58.4 71.0 2.2 0.0
1 724.952380952 3.0 48.2 69.2 1.0 0.0
1 1080.90909091 2.0 60.8 58.6 3.2 0.0
2 654.5 2.0 58.0 74.0 2.6 0.0
0 893.0 0.0 58.2 71.2 8.6 0.0
1 181.0 0.0 60.0 78.0 9.0 0.02
3 430.333333333 0.0 60.0 67.0 6.0 0.0
0 757.75 0.0 56.2 47.0 1.8 0.0
1 635.106382979 2.0 62.8 51.0 3.2 0.0
0 583.666666667 1.0 68.0 70.4 8.0 0.0
0 684.833333333 2.0 71.4 65.6 5.8 0.0
1 638.661290323 0.0 58.2 65.2 4.4 0.0
1 595.725 0.0 53.0 86.0 8.0 0.096
3 635.111111111 2.0 62.0 61.0 5.0 0.0
1 688.967741935 1.0 70.0 70.0 10.0 0.0
2 1319.0 2.0 55.4 68.6 3.6 0.0
3 515.1 0.0 59.8 57.8 6.2 0.0
3 516.285714286 2.0 70.6 65.6 4.4 0.0
1 1031.13924051 2.0 61.2 59.0 3.6 0.032
2 1022.26666667 0.0 60.8 68.2 6.8 0.0
0 643.285714286 2.0 51.6 69.0 1.4 0.0
2 600.789473684 0.0 56.0 38.0 14.0 0.0
0 608.75 2.0 60.2 70.2 6.8 0.042
3 313.142857143 0.0 48.8 70.8 5.8 0.0
2 4240.75 1.0 65.0 66.4 6.6 0.0
3 504.5 3.0 48.0 71.2 2.2 0.0
0 237.5 0.0 46.4 37.2 6.2 0.0
3 383.5 1.0 66.6 73.2 7.4 0.0
0 668.0 1.0 67.8 72.0 8.6 0.0
2 594.277777778 0.0 53.0 76.6 5.0 0.004
0 703.4 2.0 58.4 78.2 3.8 0.0
0 743.8 0.0 47.6 69.0 2.0 0.0
3 498.166666667 3.0 44.4 63.8 1.4 0.0
2 1197.42857143 0.0 52.4 62.2 7.0 0.002
3 582.0 0.0 55.6 61.4 3.8 0.0
1 964.2 3.0 50.2 54.2 8.2 0.0
0 511.75 3.0 55.0 78.2 7.2 0.024
2 648.19047619 1.0 69.0 74.0 8.0 0.0
3 434.333333333 3.0 52.0 86.0 3.0 0.0
1 606.603448276 2.0 70.0 64.0 9.0 0.0
2 530.333333333 0.0 57.0 72.0 14.0 0.0
2 578.6 1.0 68.4 65.0 6.0 0.0
3 232.0 2.0 66.0 70.0 7.0 0.0
3 500.0 2.0 67.2 71.2 7.2 0.0
2 5654.25 0.0 48.8 60.2 4.6 0.0
2 577.12 2.0 63.4 62.4 4.0 0.0
3 1233.25 0.0 57.4 53.0 6.2 0.0
1 653.204545455 2.0 51.6 69.0 1.4 0.0
2 519.6 2.0 68.4 65.0 4.8 0.0
0 853.75 2.0 57.4 72.2 3.0 0.0
1 613.917808219 1.0 64.8 65.8 7.2 0.0
2 1037.36 2.0 68.6 73.6 6.2 0.0
2 667.458333333 0.0 60.8 74.8 3.2 0.0
0 766.6 0.0 67.2 36.4 7.4 0.0
0 798.0 0.0 60.8 68.2 6.8 0.0
1 566.0625 2.0 62.0 64.2 3.4 0.0
3 850.333333333 2.0 63.4 62.4 4.0 0.0
3 538.5 1.0 68.8 70.2 7.2 0.0
1 593.781818182 0.0 47.4 70.4 4.6 0.022
1 700.179104478 2.0 58.4 70.0 2.8 0.0
1 761.038461538 0.0 63.0 63.6 7.6 0.0
1 575.058823529 3.0 41.0 60.2 1.2 0.0
2 605.3 0.0 53.2 55.0 1.8 0.0
0 513.25 1.0 67.0 63.0 10.0 0.0
1 674.301886792 2.0 57.8 36.0 6.0 0.0
0 762.0 0.0 57.0 55.4 3.2 0.0
2 594.296296296 0.0 54.0 87.0 5.0 0.0
3 553.545454545 2.0 61.0 56.0 4.0 0.11
3 485.5 2.0 64.6 73.0 4.4 0.0
1 378.0 2.0 60.8 76.4 3.0 0.0
3 549.25 0.0 50.8 80.8 2.8 0.0
3 782.727272727 2.0 65.8 68.8 5.6 0.0
1 612.983050847 0.0 50.0 60.8 1.2 0.0
3 480.0 0.0 59.6 71.2 8.4 0.0
2 1724.28571429 1.0 66.6 73.2 7.4 0.0
2 593.206896552 3.0 60.6 76.8 3.6 0.002
2 715.071428571 2.0 60.6 58.2 2.0 0.0
2 1310.28571429 0.0 53.4 70.4 7.4 0.0
0 653.909090909 2.0 55.6 64.6 6.4 0.002
0 661.0 0.0 58.6 57.6 3.4 0.0
0 630.333333333 0.0 60.0 69.2 13.0 0.0
3 802.0 1.0 66.8 68.8 7.4 0.0
0 1248.0 0.0 60.4 70.4 2.0 0.0
1 1213.2 3.0 53.2 73.2 4.8 0.078
1 670.155844156 1.0 69.0 73.0 6.8 0.0
0 632.6 3.0 48.8 71.8 3.8 0.0
1 943.375 2.0 66.8 70.6 6.2 0.0
2 672.166666667 0.0 50.2 91.2 2.2 0.0
1 333.333333333 0.0 52.6 72.0 5.2 0.032
3 784.875 2.0 64.8 64.6 2.4 0.0
2 661.735294118 2.0 65.4 46.8 3.6 0.0
1 684.5 2.0 56.0 69.6 4.0 0.0
3 431.5 0.0 50.8 69.2 1.4 0.0
2 4748.66666667 0.0 59.0 84.0 4.0 0.0
1 648.510204082 3.0 51.4 61.8 1.2 0.0
2 861.454545455 1.0 69.0 72.2 6.8 0.0
3 646.0 2.0 66.8 70.6 6.2 0.0
1 1166.44444444 1.0 71.0 68.0 6.2 0.0
1 1114.01666667 0.0 56.4 45.6 2.4 0.0
0 606.0 0.0 58.2 62.0 6.8 0.0
2 744.0 0.0 62.4 71.8 6.0 0.056
1 666.936708861 0.0 59.0 69.0 9.0 0.0
3 197.0 2.0 66.8 70.0 6.8 0.0
2 675.571428571 0.0 51.2 68.6 5.8 0.0
3 738.230769231 0.0 56.0 73.0 7.0 0.036
1 888.576271186 0.0 62.0 62.4 11.0 0.0
1 667.75 0.0 65.0 45.0 10.0 0.0
2 483.470588235 0.0 60.0 74.0 9.6 0.0
2 582.107142857 2.0 61.0 56.0 4.0 0.11
3 349.0 3.0 53.2 73.2 4.8 0.078
3 499.875 2.0 58.8 46.6 3.0 0.0
3 294.5 1.0 69.6 73.6 6.0 0.0
3 560.5 3.0 43.6 65.4 5.4 0.122
3 525.666666667 0.0 59.0 84.0 4.0 0.0
2 588.1 0.0 57.0 51.0 5.0 0.0
0 594.5 0.0 53.4 52.6 2.2 0.0
3 563.0 2.0 71.8 53.2 3.8 0.0
3 535.555555556 1.0 70.2 73.6 8.4 0.0
1 648.205128205 0.0 53.4 52.6 2.2 0.0
1 617.298245614 0.0 54.2 54.4 3.0 0.0
1 1052.66666667 0.0 48.8 60.2 4.6 0.0
2 865.772727273 0.0 61.0 64.0 8.0 0.0
1 512.0 0.0 51.6 66.2 8.6 0.0
2 1209.84 0.0 51.2 61.6 0.8 0.0
0 538.8 0.0 57.6 83.4 3.0 0.0
3 555.222222222 2.0 67.0 43.6 4.4 0.0
2 612.6 1.0 61.4 66.2 8.8 0.0
1 649.9 0.0 73.0 42.8 5.2 0.0
3 714.333333333 0.0 47.4 70.4 4.6 0.022
2 297.0 0.0 58.0 83.0 15.0 0.99
0 645.0 0.0 52.4 81.0 2.6 0.0
2 612.0 3.0 50.4 82.2 1.8 0.004
0 745.0 0.0 62.2 60.0 5.8 0.0
2 693.428571429 0.0 57.8 67.0 3.6 0.0
1 4314.25 2.0 53.0 72.2 2.0 0.0
1 734.525641026 2.0 74.6 41.8 3.4 0.0
2 681.222222222 2.0 68.0 65.8 9.0 0.0
1 614.0 0.0 53.0 64.2 7.4 0.028
0 594.333333333 0.0 53.6 82.6 3.0 0.0
1 7820.28571429 0.0 55.8 81.4 3.4 0.006
0 210.0 2.0 53.0 70.0 3.0 0.0
0 666.0 0.0 62.2 68.4 5.6 0.0
1 668.285714286 0.0 59.6 71.6 7.0 0.0
2 1128.2 2.0 57.8 61.4 2.4 0.0
2 1046.16666667 0.0 52.8 70.2 6.6 0.008
2 570.6 0.0 61.6 77.2 18.0 0.696
2 2817.63636364 0.0 57.6 65.4 6.0 0.0
0 596.6 0.0 60.2 65.0 8.6 0.0
0 671.5 2.0 59.0 50.6 1.2 0.0
2 533.416666667 0.0 58.0 80.0 8.0 0.01
0 712.0 0.0 60.6 85.0 4.2 0.004
3 682.166666667 0.0 60.0 69.2 13.0 0.0
1 601.410714286 0.0 58.0 65.8 7.8 0.0
0 548.5 1.0 65.2 63.8 10.2 0.0
0 760.333333333 2.0 53.8 70.8 1.2 0.0
1 1079.4 3.0 62.8 79.4 5.0 0.094
3 605.75 2.0 56.0 85.8 3.4 0.184
3 619.6 1.0 67.8 68.8 6.8 0.0
2 807.875 2.0 71.0 58.0 8.0 0.0
3 425.25 1.0 64.2 69.0 7.8 0.0
0 734.75 2.0 65.8 68.8 5.6 0.0
2 595.363636364 0.0 57.0 71.0 6.0 0.0
3 861.0 2.0 67.2 73.2 5.6 0.0
3 906.25 0.0 59.6 71.6 7.0 0.0
3 556.888888889 0.0 63.0 63.6 7.6 0.0
0 863.0 2.0 62.8 51.0 3.2 0.0
2 539.1875 0.0 50.4 78.8 2.6 0.0
1 639.92 0.0 57.0 79.0 5.0 0.0
2 715.263157895 0.0 57.8 68.0 9.0 0.0
0 673.0 1.0 73.0 68.8 5.6 0.0
2 956.5 1.0 64.0 75.0 9.0 0.0
2 575.888888889 2.0 56.0 71.0 13.0 0.0
1 378.0 2.0 59.0 80.0 10.0 0.26
2 547.466666667 0.0 52.4 60.8 2.2 0.0
1 994.759036145 0.0 64.8 46.8 8.4 0.0
2 669.863636364 1.0 65.2 65.6 9.8 0.0
1 623.157894737 3.0 60.6 76.8 3.6 0.002
2 842.333333333 1.0 67.2 69.0 6.2 0.0
1 744.716981132 2.0 71.4 65.6 5.8 0.0
3 391.75 2.0 53.8 54.2 2.2 0.0
0 755.0 1.0 68.6 58.8 7.0 0.0
0 815.857142857 0.0 51.8 84.6 2.0 0.004
0 608.5 0.0 66.4 59.8 4.0 0.0
1 9333.28571429 0.0 43.0 66.0 2.0 0.0
2 1011.33333333 1.0 67.0 71.0 9.0 0.0
2 680.115384615 0.0 59.0 63.0 9.0 0.0
0 644.0 0.0 57.4 57.6 8.6 0.0
3 947.25 0.0 57.4 68.2 7.0 0.0
0 703.5 3.0 41.0 60.2 1.2 0.0
2 3439.0 2.0 57.0 73.0 13.0 0.0
2 524.193548387 3.0 59.8 81.2 3.0 0.028
1 5887.33333333 0.0 58.6 71.0 8.6 0.0
0 703.666666667 0.0 57.8 78.6 3.6 0.0
1 865.5 1.0 65.0 73.0 10.0 0.0
3 445.142857143 0.0 57.6 83.4 3.0 0.0
2 802.133333333 0.0 56.0 53.4 8.0 0.0
1 629.213333333 1.0 64.8 74.6 8.4 0.0
3 1107.0 0.0 58.0 72.0 11.0 0.0
1 728.676470588 1.0 68.4 65.0 6.0 0.0
1 838.5 0.0 55.6 81.2 3.2 0.0
3 479.4 0.0 54.0 92.0 11.0 0.23
1 6358.0 2.0 62.6 71.4 6.2 0.002
1 652.844444444 0.0 61.0 66.0 4.0 0.0
1 660.35483871 0.0 61.4 73.0 8.2 0.0
2 1651.0 0.0 53.0 71.0 5.0 0.0
3 1609.0 2.0 68.6 56.8 5.0 0.0
1 618.8 3.0 40.2 49.2 4.2 0.0
2 686.307692308 1.0 66.0 69.4 7.6 0.0
3 4647.85714286 3.0 56.0 80.0 11.0 0.65
0 721.0 0.0 66.0 61.0 8.0 0.0
3 293.0 0.0 54.2 59.2 7.8 0.0
0 698.0 2.0 58.6 73.2 3.4 0.0
1 654.01369863 1.0 65.0 70.0 5.8 0.0
1 1246.4 2.0 57.0 77.0 11.0 0.0
3 606.0 3.0 48.2 69.2 1.0 0.0
0 728.0 0.0 60.0 68.0 7.0 0.0
1 657.875 1.0 68.6 70.4 7.0 0.0
3 636.818181818 2.0 71.4 67.6 4.6 0.0
1 720.378787879 0.0 61.4 72.8 6.2 0.0
1 619.878787879 2.0 68.2 75.2 5.8 0.0
2 426.0 3.0 43.6 65.4 5.4 0.122
3 434.9 2.0 70.6 73.4 6.6 0.002
1 630.379310345 1.0 68.6 70.2 8.2 0.0
0 633.5 0.0 57.4 71.2 5.6 0.0
0 807.5 2.0 62.6 64.8 4.4 0.0
1 1114.1509434 0.0 52.8 70.2 6.6 0.008
1 587.0 1.0 67.4 63.8 8.4 0.0
2 904.555555556 2.0 53.8 54.2 2.2 0.0
3 13222.3333333 2.0 70.8 74.0 7.4 0.0
3 1088.33333333 2.0 57.0 76.0 4.4 0.0
0 691.0 2.0 54.8 63.2 2.4 0.0
1 802.239130435 0.0 58.4 81.4 4.2 0.0
1 715.063492063 0.0 57.4 57.6 8.6 0.0
0 934.0 0.0 52.8 65.8 4.4 0.0
1 739.153846154 0.0 62.2 64.0 11.6 0.0
2 2001.33333333 0.0 60.8 56.6 8.4 0.0
2 715.083333333 0.0 60.0 45.0 7.8 0.0
1 634.684210526 1.0 68.0 71.2 8.4 0.0
2 862.071428571 2.0 68.6 71.2 7.2 0.0
2 2569.46666667 3.0 52.6 82.2 3.0 0.172
1 737.4 2.0 55.2 75.8 7.8 0.002
3 399.0 0.0 53.0 58.0 1.0 0.0
1 1005.33333333 1.0 70.4 73.2 7.4 0.0
3 402.0 0.0 56.0 61.0 4.4 0.0
0 677.625 2.0 68.8 66.6 6.8 0.0
3 655.0 2.0 56.6 66.6 2.4 0.0
0 489.0 1.0 65.2 65.6 9.8 0.0
3 620.0 0.0 63.0 68.0 4.8 0.0
3 434.75 0.0 57.0 74.4 5.6 0.0
1 720.779411765 0.0 58.0 68.0 2.0 0.0
0 705.5 0.0 60.6 58.2 6.8 0.0
1 895.0 1.0 67.2 69.8 9.4 0.004
1 613.818181818 0.0 56.8 79.6 10.8 0.544
1 626.435483871 0.0 60.6 58.2 6.8 0.0
1 1273.0 3.0 48.0 71.2 2.2 0.0
2 920.8 1.0 68.0 70.8 7.4 0.0
3 477.1 1.0 64.8 65.8 7.2 0.0
2 727.347826087 0.0 69.4 63.8 5.0 0.0
0 696.4 2.0 61.4 61.0 3.6 0.0
2 577.333333333 3.0 47.4 65.4 1.0 0.0
1 590.538461538 2.0 57.8 77.2 3.4 0.0
0 242.0 2.0 57.0 76.0 4.4 0.0
1 668.426229508 2.0 59.6 78.8 3.6 0.004
1 938.571428571 0.0 55.4 89.2 2.6 0.0
2 598.909090909 2.0 63.6 79.6 5.0 0.0
1 653.78125 1.0 64.6 71.4 6.4 0.0
1 1022.86440678 1.0 70.2 73.6 8.4 0.0
1 687.543859649 2.0 56.2 69.6 4.2 0.0
2 769.36 0.0 62.4 55.4 5.8 0.0
1 567.0 3.0 44.4 63.8 1.4 0.0
0 722.166666667 3.0 44.4 59.4 1.4 0.0
2 1038.85 0.0 50.0 75.2 4.8 0.0
3 469.0 3.0 57.0 76.6 12.4 1.982
0 811.25 0.0 57.4 67.2 5.6 0.0
2 663.533333333 2.0 67.0 43.6 4.4 0.0
2 648.0 3.0 56.0 74.6 6.2 0.0
2 613.48 0.0 58.2 71.2 8.6 0.0
3 378.4 2.0 55.8 67.0 1.8 0.0
1 673.189655172 1.0 70.8 58.2 8.2 0.0
0 708.0 0.0 58.0 78.2 4.4 0.0
2 1309.53846154 2.0 61.4 68.4 4.2 0.0
2 580.692307692 0.0 49.2 58.0 1.6 0.0
3 7298.5 1.0 65.0 63.2 6.2 0.0
1 636.218181818 0.0 52.6 66.8 2.6 0.0
1 612.116666667 0.0 52.0 68.2 4.6 0.02
0 706.2 0.0 55.8 76.6 2.2 0.0
3 509.2 0.0 57.0 57.0 13.0 0.0
0 578.0 0.0 62.0 65.4 9.4 0.0
1 4166.11764706 2.0 53.8 54.2 2.2 0.0
3 485.0 0.0 60.2 76.8 6.4 0.0
1 1054.0326087 2.0 67.8 68.6 4.0 0.0
1 742.5 0.0 46.4 51.4 13.6 0.0
2 776.444444444 2.0 60.6 63.0 4.2 0.0
1 649.459459459 0.0 57.8 68.0 9.0 0.0
0 970.5 3.0 50.2 54.2 8.2 0.0
3 498.538461538 1.0 67.6 66.8 6.2 0.0
2 729.952380952 0.0 53.2 52.8 2.0 0.0
0 1574.0 2.0 64.6 79.4 5.4 0.0
2 516.6875 0.0 58.8 70.0 6.8 0.0
1 941.555555556 1.0 67.6 66.8 6.2 0.0
1 793.013333333 0.0 61.4 70.4 3.8 0.0
2 717.454545455 2.0 71.4 67.6 4.6 0.0
0 767.0 3.0 53.2 63.8 1.6 0.0
2 2623.5 0.0 51.6 66.2 8.6 0.0
2 481.461538462 0.0 53.4 52.6 2.2 0.0
3 456.75 2.0 67.6 59.4 5.4 0.0
3 456.5 1.0 71.0 68.0 6.2 0.0
2 730.3 0.0 62.4 62.8 4.4 0.0
2 627.95 1.0 65.0 70.0 5.8 0.0
3 627.636363636 0.0 57.0 48.0 13.0 0.0
3 1351.5 1.0 74.2 60.2 6.0 0.0
0 517.0 0.0 60.2 72.8 2.4 0.0
1 653.8 0.0 52.0 74.2 2.6 0.0
0 673.333333333 0.0 54.2 54.4 3.0 0.0
1 6024.28571429 3.0 57.6 81.4 2.0 0.014
1 7555.0 0.0 56.6 57.2 7.0 0.0
2 604.096774194 0.0 55.0 69.0 3.0 0.0
1 782.541176471 1.0 67.6 72.0 7.6 0.0
1 690.5 1.0 69.8 71.2 6.6 0.0
1 698.212121212 2.0 51.0 74.0 1.0 0.0
2 307.5 0.0 52.2 52.8 1.8 0.0
2 681.1 2.0 65.0 70.0 9.0 0.0
1 784.0 0.0 50.2 91.2 2.2 0.0
3 390.714285714 0.0 61.4 73.0 8.2 0.0
1 920.387096774 1.0 66.2 62.2 7.6 0.0
0 582.5 3.0 55.8 80.6 9.4 0.114
2 809.04 2.0 65.4 70.0 6.8 0.0
0 690.571428571 0.0 55.2 74.6 3.6 0.002
2 492.0 2.0 58.0 64.0 4.0 0.0
0 930.5 0.0 56.8 69.0 8.6 0.0
1 898.142857143 1.0 66.2 71.4 8.4 0.0
3 478.5 2.0 53.4 63.6 3.2 0.0
3 501.066666667 0.0 66.6 64.0 3.6 0.0
1 641.753424658 1.0 62.0 68.4 8.0 0.0
1 640.153846154 0.0 59.4 77.0 4.6 0.0
3 761.25 2.0 59.8 85.6 5.8 0.194
3 519.333333333 3.0 58.2 86.0 7.0 0.94
2 611.970588235 2.0 69.6 68.4 7.0 0.0
2 1967.0 0.0 45.0 72.0 3.0 0.0
3 537.6 0.0 58.4 65.8 3.2 0.0
3 423.333333333 0.0 64.0 55.0 8.0 0.0
2 755.347826087 2.0 70.6 65.6 4.4 0.0
2 4429.57142857 0.0 52.8 65.8 4.4 0.0
1 1286.66666667 1.0 65.6 71.4 9.4 0.0
2 9938.0 2.0 70.0 64.0 7.0 0.0
1 729.0 2.0 72.4 50.0 3.8 0.0
0 719.375 2.0 69.8 54.2 4.2 0.0
2 954.95 2.0 61.8 69.2 3.4 0.0
1 581.11627907 2.0 57.6 65.8 9.6 0.0
1 600.4 1.0 63.6 62.8 9.0 0.0
0 574.666666667 0.0 59.0 69.0 7.0 0.0
0 683.833333333 1.0 67.6 72.0 7.6 0.0
2 1019.2 2.0 52.0 84.0 6.0 0.0
3 532.833333333 2.0 57.8 77.2 3.4 0.0
1 824.166666667 2.0 65.8 55.4 5.0 0.0
3 557.538461538 2.0 59.2 62.4 4.2 0.0
0 705.0 0.0 57.0 59.8 6.2 0.0
0 610.6 0.0 54.6 60.6 3.4 0.0
1 744.5 1.0 62.2 65.6 6.4 0.0
3 531.3 0.0 57.2 73.6 2.8 0.0
1 782.125 2.0 67.4 64.2 5.6 0.0
1 608.724137931 0.0 57.2 74.2 7.8 0.19
1 1071.64705882 2.0 55.2 76.6 2.6 0.0
3 740.5 3.0 48.8 71.8 3.8 0.0
1 650.661016949 0.0 59.4 64.2 8.6 0.0
1 648.625 1.0 61.0 74.0 10.0 0.0
3 505.0 0.0 60.4 55.0 10.6 0.0
2 831.083333333 2.0 56.2 82.2 4.8 0.0
2 618.851851852 2.0 54.8 63.2 2.4 0.0
1 4464.07352941 3.0 53.0 80.4 6.0 0.104
3 596.125 0.0 53.8 76.8 3.4 0.0
3 287.5 0.0 52.0 74.0 7.0 0.07
3 851.0 2.0 74.0 41.4 3.6 0.0
3 620.8125 1.0 66.2 73.2 7.8 0.0
1 605.235294118 0.0 54.0 84.4 3.6 0.0
1 753.692307692 1.0 69.0 74.0 8.0 0.0
3 571.866666667 0.0 53.6 70.2 3.0 0.0
1 634.340425532 0.0 54.6 60.6 3.4 0.0
2 675.714285714 1.0 72.8 64.2 7.4 0.0
2 670.625 2.0 62.0 64.2 3.4 0.0
2 688.105263158 2.0 59.0 50.6 1.2 0.0
3 429.25 3.0 58.0 76.2 2.8 0.004
2 770.518518519 1.0 69.8 71.2 6.6 0.0
1 675.732394366 0.0 58.2 57.0 3.0 0.0
1 578.053571429 0.0 47.0 70.0 4.2 0.0
3 974.5 2.0 56.0 69.6 4.0 0.0
0 732.285714286 0.0 54.0 84.4 3.6 0.0
0 543.714285714 0.0 63.0 63.6 7.6 0.0
3 732.545454545 2.0 62.0 60.2 11.8 0.0
3 607.333333333 0.0 59.8 69.0 6.0 0.214
0 882.666666667 3.0 50.4 66.2 1.4 0.0
0 597.0 1.0 64.4 66.2 7.8 0.0
1 599.130434783 2.0 64.2 43.4 3.2 0.0
2 666.733333333 1.0 68.4 75.0 6.2 0.0
3 355.5 3.0 57.8 82.0 3.2 0.0
3 497.714285714 0.0 55.6 85.8 5.0 0.006
3 516.6 2.0 57.0 69.0 4.0 0.0
3 461.0 0.0 58.8 75.6 6.4 0.004
1 690.033707865 2.0 62.0 61.6 2.2 0.0
1 944.8 0.0 56.6 73.2 3.4 0.0
0 666.0 3.0 58.0 76.2 2.8 0.004
0 803.0 2.0 64.0 48.6 3.4 0.0
2 621.111111111 0.0 51.2 78.0 9.0 0.302
2 612.117647059 3.0 46.2 70.8 2.2 0.0
3 490.416666667 2.0 62.0 68.0 9.0 0.0
3 558.0 0.0 53.2 55.0 1.8 0.0
3 587.6 2.0 61.4 68.4 4.2 0.0
0 679.833333333 0.0 50.4 78.8 2.6 0.0
1 6571.625 2.0 63.8 75.4 8.2 0.0
3 1133.33333333 2.0 65.0 64.6 9.6 0.0
3 508.823529412 1.0 69.6 66.0 7.0 0.0
0 551.5 0.0 58.4 58.2 8.2 0.0
0 649.428571429 1.0 70.4 48.2 6.0 0.0
0 732.0 2.0 61.8 59.2 5.2 0.0
2 605.619047619 0.0 60.0 68.0 7.0 0.0
3 508.6 2.0 60.0 86.0 7.0 0.2
2 629.111111111 2.0 56.0 85.8 3.4 0.184
1 637.945945946 0.0 52.8 67.2 3.2 0.0
3 529.0 0.0 61.8 48.6 4.6 0.0
1 852.0 0.0 52.8 62.6 2.4 0.0
1 713.586956522 2.0 65.4 46.8 3.6 0.0
1 1085.91666667 1.0 66.6 73.2 7.4 0.0
3 581.583333333 2.0 62.8 50.8 6.4 0.0
1 2413.0 2.0 54.6 59.4 5.2 0.0
2 5156.0 2.0 66.8 70.6 6.2 0.0
2 1056.37931034 1.0 67.6 66.8 6.2 0.0
1 3550.5 3.0 39.2 60.2 4.6 0.0
1 651.92 0.0 74.8 35.2 4.2 0.0
3 502.538461538 2.0 67.0 72.0 9.0 0.0
3 540.25 3.0 62.8 79.4 5.0 0.094
3 525.3 0.0 59.0 73.0 7.0 0.0
1 710.666666667 0.0 61.8 67.6 10.8 0.0
1 598.144927536 1.0 66.4 65.0 9.0 0.0
3 624.7 1.0 67.8 73.0 7.2 0.0
3 872.0 0.0 64.2 44.2 9.0 0.0
2 685.928571429 2.0 65.8 68.8 5.6 0.0
2 639.0 2.0 71.0 55.0 5.0 0.0
0 642.0 0.0 61.0 73.2 6.0 0.04
1 651.113207547 2.0 53.0 69.2 1.0 0.0
1 1443.53846154 0.0 57.4 53.0 6.2 0.0
2 609.95 0.0 50.0 60.8 1.2 0.0
3 18752.6 2.0 65.6 75.0 8.0 0.0
2 917.636363636 2.0 65.8 55.4 5.0 0.0
2 660.590909091 0.0 75.4 35.6 5.2 0.0
0 658.833333333 2.0 56.4 79.2 4.6 0.208
3 597.5 0.0 57.6 67.8 5.2 0.0
3 612.8 0.0 55.0 73.0 11.0 0.0
1 992.818181818 0.0 57.0 60.6 3.8 0.0
1 1131.85714286 1.0 68.0 70.8 7.4 0.0
1 671.942857143 1.0 70.6 67.2 7.0 0.0
2 648.263157895 1.0 64.6 71.4 6.4 0.0
1 641.116666667 2.0 70.6 65.6 4.4 0.0
0 1074.125 1.0 66.8 72.4 7.2 0.0
1 1513.0 0.0 47.8 69.0 1.0 0.0
3 599.333333333 2.0 65.2 72.2 3.2 0.002
1 952.5 3.0 44.8 62.4 2.4 0.0
2 635.96 2.0 63.0 77.0 8.0 0.0
2 837.0 2.0 56.0 67.0 14.0 0.0
0 591.0 0.0 52.0 74.2 2.6 0.0
3 571.0 0.0 57.0 55.4 3.2 0.0
1 651.402985075 2.0 62.0 68.0 9.0 0.01
0 774.571428571 2.0 58.2 70.0 4.0 0.0
0 681.0 2.0 63.2 68.8 8.8 0.0
0 634.0 0.0 52.0 68.2 4.6 0.02
2 726.285714286 0.0 59.2 60.6 9.4 0.0
2 650.631578947 2.0 56.2 69.6 4.2 0.0
2 835.833333333 0.0 59.0 66.8 7.6 0.0
3 328.0 0.0 60.0 68.0 8.0 0.0
2 673.714285714 3.0 56.0 76.6 8.6 0.306
0 674.444444444 0.0 49.6 73.2 3.0 0.0
0 858.333333333 0.0 58.4 63.4 8.4 0.0
1 648.875 2.0 65.2 42.4 2.4 0.0
0 642.6 2.0 57.4 81.8 4.0 0.0
1 296.0 2.0 57.0 75.2 5.8 0.01
0 718.0 0.0 53.8 76.8 3.4 0.0
1 693.550724638 0.0 63.0 57.2 7.8 0.0
3 504.875 0.0 60.4 78.8 7.2 0.0
2 1966.2 0.0 63.2 62.2 5.6 0.0
0 680.3 2.0 65.2 72.2 3.2 0.002
0 675.4 0.0 58.8 70.0 6.8 0.0
2 734.666666667 0.0 46.4 51.4 13.6 0.0
2 616.75 0.0 56.0 80.0 6.0 0.0
2 5764.4 1.0 65.6 71.4 9.4 0.0
3 597.333333333 0.0 67.8 60.8 6.6 0.0
1 612.585365854 2.0 66.0 64.0 9.6 0.0
2 4715.125 2.0 67.2 71.2 7.2 0.0
3 251.0 0.0 59.8 65.2 3.4 0.0
3 402.0 1.0 60.0 67.0 12.0 0.0
2 1270.84210526 0.0 53.6 46.8 4.2 0.0
3 489.0 0.0 53.0 83.0 2.6 0.0
3 236.0 0.0 54.0 64.0 7.0 0.0
1 2266.16363636 1.0 66.0 69.4 7.6 0.0
0 845.0 2.0 68.6 56.8 5.0 0.0
0 712.75 2.0 70.2 64.4 4.2 0.0
1 626.472727273 3.0 50.6 61.4 7.4 0.0
0 583.25 0.0 60.4 78.8 7.2 0.0
3 673.4 0.0 56.0 65.6 5.8 0.014
3 354.5 0.0 66.0 66.0 5.0 0.0
3 467.333333333 2.0 60.2 78.4 3.2 0.004
1 656.75 3.0 43.8 63.8 8.6 0.064
2 581.24 2.0 60.4 64.8 5.6 0.0
0 817.0 0.0 60.0 64.8 7.4 0.0
0 686.666666667 0.0 58.4 65.8 3.2 0.0
1 681.927536232 2.0 64.8 71.0 7.6 0.0
2 706.965517241 0.0 59.6 66.8 6.2 0.0
2 650.5 1.0 69.0 71.2 7.6 0.0
0 802.5 3.0 43.6 65.4 5.4 0.122
1 666.481012658 2.0 60.4 64.8 5.6 0.0
1 2282.54285714 3.0 53.2 82.6 12.2 0.564
1 733.909090909 2.0 62.0 60.2 11.8 0.0
3 582.0 2.0 60.0 66.0 7.0 0.0
1 637.982758621 0.0 60.4 78.8 7.2 0.0
3 854.571428571 2.0 67.6 72.2 7.0 0.0
3 494.333333333 0.0 52.0 69.0 5.0 0.0
1 629.830508475 0.0 60.2 70.0 6.6 0.0
3 545.625 0.0 67.2 36.4 7.4 0.0
2 940.875 0.0 60.0 64.8 7.4 0.0
0 631.0 1.0 69.0 73.0 6.8 0.0
3 449.4 2.0 55.2 52.2 3.6 0.0
0 1009.66666667 3.0 60.4 82.8 6.4 0.028
1 650.189189189 1.0 70.6 65.4 8.0 0.002
2 2101.57142857 2.0 64.6 79.4 5.4 0.0
3 428.166666667 0.0 51.8 77.6 1.6 0.0
2 659.291666667 2.0 71.4 65.6 5.8 0.0
2 2423.625 3.0 60.0 83.4 4.4 0.018
2 653.714285714 1.0 67.6 71.8 6.0 0.0
1 671.655172414 2.0 60.0 66.8 5.2 0.0
1 952.083333333 0.0 62.0 62.2 5.6 0.0
3 748.8 2.0 70.0 66.8 4.6 0.0
1 1955.62711864 3.0 56.0 76.6 8.6 0.306
0 815.166666667 1.0 68.0 71.2 8.4 0.0
2 1027.25 1.0 73.4 60.8 5.4 0.0
0 727.25 0.0 61.0 65.2 7.0 0.002
2 636.458333333 0.0 57.0 77.0 4.0 0.0
2 661.515151515 0.0 47.6 69.0 2.0 0.0
0 740.0 0.0 66.4 57.6 5.6 0.0
2 734.307692308 0.0 66.0 66.0 5.0 0.0
3 663.0 0.0 50.8 48.6 1.8 0.0
2 442.0 1.0 66.2 71.4 8.4 0.0
2 599.45 1.0 69.4 72.2 6.4 0.0
3 569.0 0.0 59.4 67.6 8.2 0.0
1 655.627118644 0.0 62.4 66.2 5.8 0.0
1 609.323076923 0.0 51.2 78.0 9.0 0.302
1 611.5 2.0 58.6 73.2 3.4 0.0
3 527.230769231 1.0 69.8 67.8 7.6 0.0
0 619.5 0.0 59.2 77.0 6.4 0.008
3 621.0 1.0 73.4 60.8 5.4 0.0
1 609.636363636 2.0 53.8 70.8 1.2 0.0
2 524.923076923 0.0 61.4 72.8 6.2 0.0
3 778.25 3.0 47.0 76.0 4.0 0.0
0 727.6 0.0 54.6 34.4 9.4 0.0
1 665.724137931 2.0 69.2 70.4 5.0 0.0
3 3216.42105263 2.0 60.6 68.2 3.8 0.0
2 902.0 2.0 68.6 67.2 7.8 0.0
2 641.518518519 0.0 61.0 66.0 4.0 0.0
0 689.4 2.0 53.0 69.2 1.0 0.0
3 530.0 2.0 60.8 76.4 3.0 0.0
1 897.0 2.0 60.6 66.4 6.6 0.0
3 1079.0 2.0 65.8 70.4 7.4 0.0
2 1761.84615385 0.0 66.0 61.0 8.0 0.0
1 1075.25 3.0 52.2 66.4 1.2 0.0
3 509.642857143 0.0 53.0 71.0 5.0 0.0
0 637.0 3.0 50.6 61.4 7.4 0.0
1 636.754385965 2.0 54.8 53.8 4.8 0.0
2 995.0 0.0 63.8 72.2 7.8 0.0
3 601.666666667 0.0 57.8 67.0 3.6 0.0
3 293.0 2.0 52.2 67.0 2.0 0.0
0 581.0 1.0 67.8 73.0 7.2 0.0
3 392.444444444 0.0 59.0 71.0 9.0 0.02
1 660.662162162 0.0 57.6 83.4 3.0 0.0
3 521.4 2.0 62.0 64.2 3.4 0.0
0 739.5 1.0 70.6 67.2 7.0 0.0
2 656.791666667 0.0 53.0 83.0 2.6 0.0
2 649.1 0.0 57.0 87.0 4.0 0.0
2 648.379310345 3.0 61.6 80.6 4.6 0.006
1 623.358490566 0.0 60.8 67.4 6.6 0.0
1 639.847457627 1.0 64.0 53.4 7.2 0.0
1 661.890625 0.0 73.0 53.0 5.0 0.0
3 1211.0 1.0 68.0 70.8 7.4 0.0
1 993.025 0.0 54.6 80.0 2.4 0.0
1 654.441558442 0.0 60.0 74.0 9.6 0.0
1 724.66 0.0 61.6 42.8 10.6 0.0
0 661.375 0.0 55.4 74.8 4.8 0.0
1 713.130434783 2.0 60.6 68.2 3.8 0.0
2 856.043478261 1.0 72.4 64.6 6.6 0.0
1 842.555555556 0.0 51.2 68.6 5.8 0.0
3 551.625 0.0 59.4 66.8 7.6 0.0
0 732.5 0.0 59.4 47.4 4.0 0.0
2 988.0 0.0 55.0 81.0 8.0 0.0
2 445.0 0.0 58.8 72.6 8.6 0.0
2 577.35 0.0 56.6 71.0 8.2 0.01
0 658.0 1.0 70.2 73.6 8.4 0.0
0 600.75 0.0 61.4 73.0 8.2 0.0
3 572.0 1.0 67.2 69.0 6.2 0.0
2 941.24137931 0.0 49.6 73.2 3.0 0.0
3 735.357142857 2.0 63.6 79.6 5.0 0.0
0 633.3 2.0 58.8 46.6 3.0 0.0
2 623.631578947 2.0 62.8 61.0 6.2 0.0
3 523.875 0.0 54.6 80.0 2.4 0.0
3 712.285714286 0.0 57.2 70.6 8.0 0.0
3 409.142857143 0.0 56.6 46.2 3.6 0.0
0 823.666666667 2.0 62.0 60.2 11.8 0.0
1 615.195652174 0.0 61.6 69.6 5.8 0.0
2 630.0 0.0 52.0 68.2 4.6 0.02
1 643.794117647 0.0 54.4 66.8 4.8 0.0
3 830.0 2.0 57.0 75.2 5.8 0.01
1 1106.8 0.0 50.8 71.8 4.6 0.0
1 635.762711864 0.0 57.2 59.0 3.4 0.0
2 947.722222222 3.0 50.4 66.2 1.4 0.0
2 538.076923077 0.0 61.0 73.2 6.0 0.04
3 896.5 0.0 62.8 67.0 6.4 0.0
0 642.4 0.0 58.8 75.6 6.4 0.004
3 450.25 2.0 59.6 78.8 3.6 0.004
3 571.0 3.0 50.0 66.6 8.4 0.0
3 517.1875 2.0 68.6 73.6 6.2 0.0
2 719.631578947 2.0 51.6 69.0 1.4 0.0
3 536.625 1.0 66.4 65.0 9.0 0.0
0 705.8 3.0 51.4 61.8 1.2 0.0
0 435.5 0.0 75.4 35.6 5.2 0.0
3 515.833333333 2.0 66.0 79.0 7.0 0.0
3 4112.21052632 2.0 66.0 67.0 7.0 0.0
1 927.296296296 1.0 62.6 66.8 8.0 0.0
2 524.4 0.0 58.2 62.0 6.8 0.0
1 660.728395062 2.0 65.4 73.2 5.2 0.0
0 741.125 2.0 57.6 65.8 9.6 0.0
3 457.5 2.0 58.0 74.0 2.6 0.0
3 597.833333333 2.0 57.8 36.0 6.0 0.0
2 727.458333333 2.0 64.0 73.6 6.2 0.0
0 591.5 0.0 59.6 70.2 7.8 0.004
2 937.857142857 1.0 68.0 69.8 7.2 0.0
2 2622.0 0.0 72.8 36.6 5.0 0.0
2 637.473684211 3.0 50.6 72.8 4.2 0.0
3 486.461538462 3.0 59.0 83.0 2.0 0.0
1 693.25 0.0 58.0 63.0 7.0 0.0
2 820.269230769 0.0 55.4 72.6 2.8 0.0
1 673.967741935 2.0 63.4 62.4 4.0 0.0
3 605.0 0.0 53.4 85.8 3.0 0.0
0 656.0 0.0 58.2 57.0 3.0 0.0
0 723.0 0.0 55.6 61.4 3.8 0.0
2 629.96 0.0 63.0 60.4 4.2 0.0
2 688.448275862 2.0 68.8 66.6 6.8 0.0
0 978.0 0.0 60.8 67.4 6.6 0.0
3 619.333333333 2.0 56.2 69.6 4.2 0.0
2 633.818181818 1.0 69.0 68.0 11.0 0.0
1 661.383333333 2.0 61.4 68.4 4.2 0.0
1 959.444444444 3.0 58.0 78.0 7.0 3.36
3 908.25 2.0 64.0 74.0 2.0 0.37
3 462.214285714 1.0 66.4 74.8 8.0 0.0
3 510.0 0.0 58.4 71.0 2.2 0.0
0 622.285714286 1.0 62.6 66.8 8.0 0.0
1 673.426229508 1.0 65.0 77.0 6.0 0.0
1 7143.0 2.0 58.6 81.0 6.6 0.226
1 667.567567568 2.0 64.8 78.0 6.2 0.0
3 545.272727273 1.0 68.4 75.0 6.2 0.0
2 652.2 0.0 58.8 65.8 6.2 0.006
2 627.818181818 3.0 60.4 82.8 6.4 0.028
2 4843.0 0.0 53.8 57.8 9.0 0.0
1 718.701492537 0.0 47.6 69.0 2.0 0.0
1 623.568965517 0.0 56.0 71.0 9.0 0.0
1 1020.5 0.0 62.0 63.0 10.0 0.03
1 644.0 0.0 64.0 61.2 11.6 0.0
1 962.857142857 2.0 70.0 40.0 5.0 0.01
3 461.714285714 0.0 56.4 45.6 2.4 0.0
2 2605.71428571 1.0 68.0 70.0 7.8 0.0
2 635.434782609 0.0 58.0 77.0 9.0 0.0
2 987.5 0.0 57.8 73.4 11.2 0.178
3 502.625 2.0 58.6 78.4 4.2 0.0
0 610.25 0.0 55.6 80.4 5.4 0.082
1 755.0 0.0 53.4 70.4 7.4 0.0
3 794.5 0.0 61.0 65.2 7.0 0.002
0 626.833333333 0.0 47.4 70.4 4.6 0.022
0 787.2 0.0 69.4 45.4 3.8 0.0
3 499.7 3.0 51.4 60.0 1.0 0.0
2 621.434782609 0.0 59.4 77.0 4.6 0.0
0 490.0 2.0 55.2 52.2 3.6 0.0
1 651.0 3.0 52.8 78.2 5.0 0.0
2 651.15 1.0 62.0 68.4 8.0 0.0
3 258.0 0.0 56.0 64.0 10.0 0.0
0 614.0 0.0 63.6 70.6 8.0 0.0
3 529.0 0.0 53.2 52.8 2.0 0.0
3 1057.75 1.0 69.6 56.8 6.8 0.0
1 611.0 0.0 54.0 63.0 12.0 0.0
3 4569.33333333 2.0 69.8 67.6 6.6 0.0
1 1088.21311475 0.0 58.8 70.0 6.8 0.0
0 758.5 0.0 46.4 51.4 13.6 0.0
0 787.5 2.0 62.0 80.0 9.0 0.0
0 566.0 0.0 49.2 58.0 1.6 0.0
1 661.426666667 1.0 71.2 70.2 9.0 0.0
1 716.422535211 0.0 64.0 55.0 4.0 0.0
1 654.232876712 2.0 67.4 74.0 6.8 0.0
2 685.421052632 1.0 68.6 70.2 8.2 0.0
1 510.666666667 1.0 70.0 73.2 9.0 0.0
1 659.454545455 0.0 53.8 57.0 3.0 0.0
2 515.2 0.0 62.0 63.4 4.6 0.0
3 381.230769231 2.0 58.0 68.0 4.0 0.0
2 771.72 0.0 53.4 81.8 4.6 0.004
0 777.0 2.0 71.8 53.2 3.8 0.0
2 648.375 2.0 58.0 68.0 4.0 0.0
3 698.416666667 0.0 62.4 66.2 5.8 0.0
2 579.583333333 0.0 58.8 61.6 12.2 0.016
0 703.7 3.0 60.6 76.8 3.6 0.002
2 630.625 0.0 55.4 72.2 8.0 0.132
1 618.411764706 0.0 57.4 67.2 5.6 0.0
3 691.333333333 0.0 52.2 52.8 1.8 0.0
0 486.0 2.0 59.2 73.8 4.2 0.0
3 923.0 0.0 63.0 70.0 6.0 0.0
3 679.588235294 1.0 67.6 71.0 8.0 0.0
2 827.444444444 2.0 68.6 56.8 5.0 0.0
0 685.0 0.0 62.0 62.2 5.6 0.0
3 743.5 2.0 55.6 64.6 6.4 0.002
3 712.6 1.0 73.0 68.8 5.6 0.0
2 684.133333333 0.0 59.6 71.2 8.4 0.0
1 849.0 1.0 72.6 66.6 7.4 0.0
2 299.0 1.0 64.0 76.0 10.0 0.0
2 759.217391304 0.0 66.4 59.8 4.0 0.0
3 590.6 0.0 52.0 74.2 2.6 0.0
1 678.127272727 0.0 59.0 62.0 9.0 0.0
2 628.421052632 1.0 64.0 72.0 11.0 0.0
3 629.555555556 0.0 56.0 53.4 8.0 0.0
3 503.428571429 2.0 65.4 73.2 5.2 0.0
3 502.363636364 0.0 54.4 66.8 4.8 0.0
0 535.0 1.0 67.2 69.8 9.4 0.004
1 1539.3 1.0 63.0 73.0 7.0 0.0
2 636.083333333 1.0 71.4 69.4 5.8 0.0
3 9051.0 0.0 52.8 70.0 1.8 0.0
2 588.842105263 3.0 53.2 82.6 12.2 0.564
3 1027.25 0.0 63.8 72.2 7.8 0.0
3 771.571428571 0.0 70.0 48.0 5.2 0.0
2 768.0625 2.0 65.6 75.0 8.0 0.0
1 1162.18181818 2.0 57.0 71.0 4.0 0.0
1 929.4 0.0 61.2 70.0 6.0 0.0
0 685.6 2.0 58.0 72.0 5.0 0.0
0 653.5 0.0 56.0 61.0 4.4 0.0
3 482.222222222 0.0 58.4 81.6 3.2 0.0
2 1028.5 0.0 60.8 72.8 5.4 0.0
1 662.025641026 0.0 55.0 72.0 15.0 0.52
2 568.444444444 0.0 58.4 81.4 4.2 0.0
2 1061.88888889 0.0 60.0 66.4 7.4 0.0
3 400.0 0.0 63.6 70.6 8.0 0.0
0 665.0 0.0 58.4 81.4 4.2 0.0
0 526.2 2.0 63.0 79.6 6.4 0.0
0 738.25 0.0 55.4 72.6 2.8 0.0
1 609.5 3.0 51.4 60.0 1.0 0.0
2 573.2 3.0 58.0 90.0 9.0 1.18
0 676.375 2.0 60.4 64.8 5.6 0.0
1 700.319444444 0.0 59.8 69.0 6.0 0.214
2 3509.3 0.0 57.4 68.2 7.0 0.0
0 699.0 2.0 62.8 61.0 6.2 0.0
2 621.464285714 2.0 61.0 68.0 6.0 0.0
0 536.0 0.0 58.0 83.0 15.0 0.99
1 1058.66666667 1.0 67.0 71.0 9.0 0.0
0 787.6 0.0 58.2 73.4 1.8 0.0
3 789.875 0.0 57.8 78.6 3.6 0.0
1 612.942857143 2.0 56.8 88.4 5.4 0.348
0 775.2 0.0 51.0 73.0 5.0 0.0
0 612.0 1.0 69.0 68.6 8.0 0.0
0 871.0 0.0 48.2 76.0 1.6 0.0
3 618.555555556 0.0 60.0 45.0 7.8 0.0
3 479.666666667 0.0 61.4 70.4 3.8 0.0
0 665.0 0.0 67.0 49.6 6.0 0.0
1 6024.375 0.0 58.0 65.0 6.0 0.0
0 661.875 0.0 57.8 47.8 6.8 0.0
0 515.333333333 0.0 61.8 48.6 4.6 0.0
1 638.957446809 0.0 62.2 68.4 5.6 0.0
0 613.75 2.0 63.4 62.4 4.0 0.0
1 708.790322581 0.0 72.8 36.6 5.0 0.0
1 889.181818182 0.0 41.8 64.6 2.0 0.0
1 662.344827586 2.0 69.6 68.8 4.8 0.0
2 774.875 0.0 58.4 81.6 3.2 0.0
3 269.0 3.0 47.0 62.0 5.0 0.0
2 3433.28571429 0.0 58.6 75.4 4.8 0.0
3 506.0 0.0 53.4 70.4 7.4 0.0
2 621.260869565 1.0 65.6 57.4 6.6 0.0
2 569.789473684 0.0 54.0 68.6 5.8 0.0
2 1326.87878788 1.0 68.0 69.0 9.0 0.0
2 730.666666667 0.0 56.2 80.4 3.6 0.0
1 643.954545455 1.0 64.2 70.6 8.0 0.0
1 613.717647059 2.0 71.6 65.2 6.4 0.0
1 1283.5 0.0 53.2 52.8 2.0 0.0
2 825.75 0.0 43.0 66.0 2.0 0.0
1 580.119047619 0.0 53.4 81.8 4.6 0.004
3 407.545454545 0.0 62.4 62.8 4.4 0.0
2 711.5 1.0 70.4 48.2 6.0 0.0
1 739.744680851 3.0 57.8 82.0 3.2 0.0
1 598.23255814 2.0 59.2 62.4 4.2 0.0
2 630.739130435 2.0 57.0 75.0 6.0 0.15
0 638.166666667 2.0 67.4 74.0 6.8 0.0
2 572.052631579 3.0 52.8 78.2 5.0 0.0
3 397.5 0.0 54.6 71.4 10.2 0.23
2 799.842105263 2.0 67.4 64.2 5.6 0.0
2 616.9375 0.0 64.0 68.6 5.0 0.0
3 774.0 0.0 58.6 57.6 3.4 0.0
0 669.5 0.0 56.0 77.0 9.0 0.0
1 703.0 0.0 52.8 71.0 4.4 0.0
2 771.608695652 3.0 54.0 83.0 8.0 0.13
1 502.4 1.0 69.6 56.8 6.8 0.0
3 613.125 1.0 61.4 66.2 8.8 0.0
2 672.291666667 0.0 54.4 66.8 4.8 0.0
2 763.625 2.0 57.0 75.2 5.8 0.01
1 580.525 0.0 51.4 77.6 9.6 0.268
0 684.111111111 1.0 62.0 68.4 8.0 0.0
0 737.0 0.0 50.6 85.6 7.2 0.458
3 576.142857143 0.0 60.8 67.4 6.6 0.0
0 484.0 1.0 65.6 69.8 8.6 0.0
3 460.75 2.0 74.6 41.8 3.4 0.0
2 1540.77777778 2.0 74.0 41.4 3.6 0.0
3 575.625 1.0 72.6 70.4 7.2 0.0
1 603.166666667 2.0 67.0 73.0 7.0 0.0
2 692.368421053 0.0 61.4 70.4 3.8 0.0
0 699.75 0.0 61.4 55.0 10.0 0.0
1 1133.16666667 1.0 68.0 70.0 7.8 0.0
0 653.333333333 0.0 50.0 75.2 4.8 0.0
3 1049.06666667 0.0 62.2 68.4 5.6 0.0
2 630.464285714 3.0 59.6 79.4 7.4 0.002
3 1751.66666667 0.0 65.4 49.4 6.4 0.0
1 655.597826087 0.0 49.6 73.2 3.0 0.0
2 519.0 2.0 58.6 78.4 4.2 0.0
2 4570.16666667 0.0 63.0 65.0 7.0 0.0
3 575.333333333 0.0 54.6 60.6 3.4 0.0
1 631.491525424 0.0 60.2 60.6 9.2 0.0
1 719.75 0.0 57.0 66.0 2.0 0.0
2 607.318181818 0.0 55.2 73.8 2.0 0.0
1 2336.0 0.0 61.0 69.0 9.0 0.0
3 574.416666667 0.0 61.0 73.2 6.0 0.04
1 1193.77777778 2.0 65.8 70.4 7.4 0.0
2 2247.71428571 0.0 57.0 83.0 5.0 0.0
3 488.363636364 1.0 64.6 71.4 6.4 0.0
2 676.894736842 0.0 55.4 74.8 4.8 0.0
3 677.0 0.0 46.4 37.2 6.2 0.0
0 726.714285714 1.0 68.0 66.8 7.8 0.0
0 964.0 0.0 62.0 62.0 5.0 0.0
3 361.25 3.0 56.0 85.0 12.0 0.25
1 821.661016949 3.0 46.2 70.8 2.2 0.0
3 923.666666667 2.0 69.0 32.0 6.6 0.0
1 625.329113924 0.0 66.6 64.0 3.6 0.0
0 675.666666667 0.0 53.0 86.0 8.0 0.096
3 289.0 0.0 51.0 60.8 1.8 0.0
1 921.0 0.0 52.2 52.8 1.8 0.0
2 597.666666667 0.0 63.0 63.6 7.6 0.0
0 217.0 0.0 62.8 67.0 6.4 0.0
2 586.888888889 0.0 47.4 70.4 4.6 0.022
0 774.0 0.0 51.8 77.6 1.6 0.0
3 374.0 2.0 55.0 56.0 9.0 0.0
2 387.5 0.0 56.0 61.0 8.0 0.0
2 618.222222222 2.0 61.0 84.6 6.6 0.088
3 611.4 0.0 56.0 73.0 12.0 0.0
3 1404.0 1.0 65.6 72.4 6.8 0.0
1 1634.7 0.0 59.0 75.0 4.0 0.0
1 588.173076923 0.0 63.0 63.0 9.0 0.01
3 783.142857143 2.0 65.6 74.6 4.4 0.0
2 772.238095238 2.0 55.2 78.6 4.0 0.0
0 578.0 0.0 57.2 70.6 8.0 0.0
2 786.8 2.0 55.4 66.0 6.0 0.0
3 845.666666667 1.0 69.0 72.2 6.8 0.0
0 577.2 0.0 62.4 62.8 4.4 0.0
2 670.125 0.0 50.8 71.8 4.6 0.0
1 671.011904762 0.0 57.0 55.4 3.2 0.0
1 597.42 2.0 65.4 76.0 6.2 0.32
3 493.230769231 2.0 71.6 65.2 6.4 0.0
2 580.260869565 0.0 52.6 66.8 2.6 0.0
3 527.642857143 1.0 68.0 66.8 7.8 0.0
0 683.833333333 1.0 69.4 72.8 7.6 0.0
1 741.724137931 0.0 59.0 73.0 6.0 0.0
2 628.086956522 0.0 56.8 47.4 11.6 0.0
2 807.642857143 2.0 64.0 48.6 3.4 0.0
3 282.666666667 0.0 52.8 67.2 3.2 0.0
1 764.329411765 0.0 51.4 71.6 3.0 0.0
3 602.666666667 1.0 70.8 58.2 8.2 0.0
2 636.6 3.0 55.8 80.6 9.4 0.114
2 506.0 0.0 56.2 47.0 1.8 0.0
3 234.0 2.0 58.6 81.0 6.6 0.226
2 975.083333333 3.0 47.8 64.8 1.0 0.0
1 1543.0 1.0 65.0 66.4 6.6 0.0
3 587.714285714 0.0 60.8 68.2 6.8 0.0
0 763.0 2.0 58.4 70.0 2.8 0.0
3 267.6 1.0 70.0 70.0 7.0 0.0
1 607.795918367 2.0 55.6 64.6 6.4 0.002
1 674.805555556 2.0 68.6 64.0 5.8 0.0
2 747.0 0.0 58.4 68.8 5.0 0.0
3 470.75 2.0 68.6 67.2 7.8 0.0
0 660.111111111 0.0 50.8 69.2 1.4 0.0
1 610.721311475 1.0 74.2 60.2 6.0 0.0
2 634.125 3.0 40.6 50.8 2.2 0.0
1 654.102941176 0.0 55.8 62.0 6.6 0.002
0 594.2 0.0 67.8 60.8 6.6 0.0
2 574.6 0.0 60.2 65.0 8.6 0.0
2 865.25 2.0 71.8 53.2 3.8 0.0
2 6828.81818182 2.0 55.2 76.6 2.6 0.0
1 712.8 0.0 53.0 83.0 2.6 0.0
1 6169.66666667 2.0 63.4 76.6 6.2 0.35
0 670.5 0.0 57.2 74.2 7.8 0.19
3 505.444444444 0.0 58.0 72.0 12.0 0.0
0 566.6 1.0 64.6 71.4 6.4 0.0
1 570.366666667 2.0 67.2 67.8 5.6 0.0
3 418.0 2.0 55.4 68.0 3.6 0.0
0 709.571428571 0.0 56.0 84.6 5.2 0.0
3 661.266666667 3.0 59.8 81.2 3.0 0.028
3 461.666666667 1.0 66.0 69.4 7.6 0.0
2 1179.15384615 0.0 63.0 68.0 4.8 0.0
1 1005.0 0.0 45.8 74.0 2.4 0.0
2 660.642857143 2.0 60.0 70.0 6.0 0.0
2 628.5 3.0 57.8 82.0 3.2 0.0
1 4370.25 0.0 62.0 65.4 9.4 0.0
0 787.222222222 2.0 56.2 69.6 4.2 0.0
3 496.666666667 2.0 64.8 78.0 6.2 0.0
2 826.472222222 1.0 67.2 69.8 9.4 0.004
0 782.5 0.0 60.0 61.0 8.0 0.0
1 665.457142857 0.0 55.4 72.2 8.0 0.132
1 651.507936508 2.0 69.8 67.6 6.6 0.0
0 600.5 1.0 75.2 63.0 6.4 0.0
3 496.333333333 0.0 57.0 59.8 6.2 0.0
1 1406.0 2.0 53.2 73.8 3.0 0.0
1 1261.95384615 0.0 54.6 52.0 3.4 0.0
3 627.4 0.0 50.0 84.0 3.0 0.0
1 645.884057971 2.0 69.6 68.4 7.0 0.0
2 776.428571429 1.0 69.6 73.6 6.0 0.0
1 568.413793103 2.0 60.2 70.2 6.8 0.042
1 678.136986301 2.0 61.0 84.6 6.6 0.088
1 681.714285714 3.0 50.0 61.0 2.0 0.0
3 720.727272727 1.0 67.8 72.0 8.6 0.0
3 655.777777778 2.0 60.0 66.0 10.0 0.0
3 830.75 0.0 66.4 57.6 5.6 0.0
2 811.333333333 0.0 53.8 84.8 3.0 0.0
0 544.0 2.0 58.6 78.4 4.2 0.0
3 550.181818182 0.0 51.0 73.0 6.0 0.0
2 872.047619048 2.0 61.8 59.2 5.2 0.0
1 4005.66666667 0.0 67.4 59.0 6.8 0.0
1 586.185185185 0.0 55.2 76.8 8.4 0.22
0 720.333333333 0.0 65.4 31.2 10.6 0.0
1 622.0 0.0 58.4 68.8 5.0 0.0
1 688.133333333 2.0 68.6 56.8 5.0 0.0
0 597.666666667 0.0 51.2 61.6 0.8 0.0
2 536.0 0.0 54.0 73.0 6.0 0.0
1 1843.33333333 0.0 59.8 65.2 3.4 0.0
3 562.5 2.0 59.2 73.8 4.2 0.0
1 633.365384615 0.0 53.0 76.6 5.0 0.004
1 889.2 2.0 68.4 65.0 4.8 0.0
0 717.333333333 3.0 56.0 76.6 8.6 0.306
1 739.5 1.0 68.6 66.4 7.4 0.0
1 641.815789474 0.0 66.0 50.0 6.0 0.0
2 685.217391304 1.0 64.8 74.6 8.4 0.0
1 622.392156863 2.0 57.4 72.2 3.0 0.0
2 632.846153846 0.0 55.2 68.0 6.0 0.048
0 3716.33333333 3.0 60.0 83.4 4.4 0.018
1 1277.0 1.0 61.0 76.0 9.0 0.0
2 520.25 2.0 66.0 78.0 10.0 0.0
1 671.142857143 2.0 74.0 46.0 4.0 0.0
1 1005.85714286 0.0 59.0 69.0 11.0 0.0
3 539.0 2.0 56.0 88.0 4.0 0.32
3 645.375 2.0 56.0 80.2 3.0 0.002
0 606.8 1.0 68.6 70.4 7.0 0.0
1 763.4 0.0 56.8 54.4 1.8 0.0
2 685.0 0.0 57.0 67.0 6.0 0.0
3 582.0 0.0 67.8 57.8 6.6 0.0
0 542.666666667 1.0 71.2 70.2 9.0 0.0
3 273.5 2.0 72.4 50.0 3.8 0.0
3 642.0 0.0 55.4 89.2 2.6 0.0
0 492.833333333 0.0 55.4 72.2 8.0 0.132
2 918.8 0.0 59.0 72.0 13.0 0.0
2 1509.45454545 2.0 62.6 71.4 6.2 0.002
0 576.8 2.0 64.8 78.0 6.2 0.0
3 414.142857143 0.0 57.4 71.2 5.6 0.0
1 634.909090909 1.0 68.0 63.0 11.0 0.0
0 644.0 0.0 60.4 60.0 12.8 0.0
3 505.875 0.0 57.8 47.8 6.8 0.0
3 479.0 3.0 53.2 63.8 1.6 0.0
1 574.42 0.0 64.0 68.6 5.0 0.0
3 493.0 0.0 61.0 56.4 6.0 0.0
2 543.714285714 3.0 59.0 83.0 2.0 0.0
3 463.5 2.0 56.0 56.0 9.0 0.0
3 593.9375 1.0 66.2 62.2 7.6 0.0
0 677.75 0.0 55.6 81.2 3.2 0.0
2 637.333333333 2.0 68.6 64.0 5.8 0.0
2 703.548387097 1.0 61.2 63.2 9.4 0.0
2 707.833333333 0.0 57.4 60.6 4.4 0.0
1 705.444444444 2.0 51.0 63.0 2.0 0.0
3 775.0 2.0 60.6 63.0 4.2 0.0
3 663.0 2.0 66.2 73.6 6.2 0.0
0 723.75 0.0 60.2 60.0 5.4 0.0
2 1419.0 2.0 60.8 76.4 3.0 0.0
2 3422.42307692 2.0 68.2 75.2 5.8 0.0
0 687.0 0.0 47.0 70.0 4.2 0.0
0 602.875 1.0 72.4 64.6 6.6 0.0
1 653.53968254 0.0 63.8 72.2 7.8 0.0
2 679.5 0.0 56.8 79.6 10.8 0.544
0 603.714285714 2.0 60.0 66.8 5.2 0.0
2 653.8125 0.0 53.6 82.6 3.0 0.0
2 645.714285714 0.0 58.0 75.0 7.0 0.0
2 1878.88888889 2.0 70.0 66.8 7.2 0.0
3 488.0 0.0 57.4 81.4 8.6 0.296
2 632.692307692 2.0 67.2 67.8 5.6 0.0
2 2059.0 0.0 61.4 69.6 5.2 0.0
1 1013.72916667 2.0 58.0 74.0 2.6 0.0
3 519.090909091 0.0 54.0 72.0 4.4 0.0
0 779.0 3.0 58.8 83.0 2.8 0.0
3 388.272727273 0.0 59.4 64.2 8.6 0.0
3 489.2 2.0 60.4 64.8 5.6 0.0
3 502.0 2.0 69.2 70.4 5.0 0.0
3 575.166666667 0.0 61.6 64.8 8.2 0.004
2 615.916666667 2.0 65.4 76.0 6.2 0.32
2 632.909090909 0.0 59.4 66.8 7.6 0.0
0 618.2 1.0 67.6 71.8 6.0 0.0
0 612.2 0.0 53.6 70.2 3.0 0.0
0 614.166666667 0.0 58.4 50.0 4.4 0.0
1 677.573770492 3.0 40.6 50.8 2.2 0.0
2 488.5 2.0 68.4 73.0 8.4 0.0
3 1002.5 1.0 69.2 68.4 6.2 0.0
2 696.105263158 0.0 67.8 42.8 4.8 0.0
3 525.416666667 1.0 62.0 68.4 8.0 0.0
2 849.0 0.0 60.2 70.0 6.6 0.0
1 679.982142857 2.0 55.4 66.0 6.0 0.0
1 674.945205479 0.0 51.8 84.6 2.0 0.004
0 739.083333333 2.0 61.4 68.4 4.2 0.0
2 679.384615385 2.0 62.0 46.6 8.4 0.0
1 690.612903226 1.0 77.2 53.0 6.0 0.0
3 547.3 2.0 53.0 69.0 5.0 0.0
2 679.666666667 2.0 65.2 72.6 5.0 0.0
0 612.333333333 3.0 58.2 86.0 7.0 0.94
2 663.058823529 0.0 59.0 60.0 19.0 0.0
2 851.88 0.0 59.8 67.2 8.2 0.0
1 682.565217391 3.0 52.0 64.0 1.2 0.0
0 604.25 1.0 67.8 68.8 6.8 0.0
2 4895.2 0.0 59.6 63.6 2.0 0.0
1 704.84375 0.0 62.2 60.0 5.8 0.0
2 691.304347826 1.0 68.6 70.4 7.0 0.0
0 590.0 2.0 69.8 67.6 6.6 0.0
0 566.571428571 2.0 65.2 72.6 5.0 0.0
2 645.538461538 2.0 69.2 70.4 6.8 0.0
2 657.095238095 0.0 61.0 77.0 5.0 0.0
1 3007.2 0.0 59.2 60.6 9.4 0.0
2 1063.5 0.0 64.2 44.2 9.0 0.0
3 457.909090909 2.0 68.8 66.6 6.8 0.0
2 506.0 0.0 53.0 62.0 3.0 0.0
1 690.955223881 1.0 68.4 75.0 6.2 0.0
1 4697.5 2.0 59.8 70.0 3.0 0.0
2 705.857142857 0.0 46.4 37.2 6.2 0.0
3 499.777777778 0.0 60.2 60.6 9.2 0.0
1 822.666666667 0.0 59.6 63.6 2.0 0.0
3 534.777777778 0.0 54.0 68.6 5.8 0.0
2 893.125 2.0 61.4 61.0 3.6 0.0
1 634.6 2.0 55.2 78.6 4.0 0.0
2 753.0 2.0 60.0 72.0 8.0 0.0
0 766.25 0.0 63.2 62.4 6.4 0.0
2 5459.16666667 1.0 67.6 75.4 7.2 0.0
2 625.461538462 1.0 69.2 67.4 8.4 0.0
0 663.2 0.0 59.4 66.8 7.6 0.0
2 586.304347826 0.0 54.0 71.0 4.0 0.0
3 433.0 2.0 65.4 46.8 3.6 0.0
0 447.0 0.0 54.2 59.2 7.8 0.0
2 680.6875 2.0 65.0 44.0 5.0 0.0
3 503.125 0.0 52.6 66.8 2.6 0.0
1 1546.83333333 3.0 49.6 70.2 3.2 0.0
3 447.1 2.0 51.6 69.0 1.4 0.0
1 320.5 0.0 63.0 69.0 6.0 0.0
0 649.0 0.0 62.4 71.8 6.0 0.056
3 433.222222222 0.0 58.2 57.0 3.0 0.0
2 874.5 0.0 62.0 65.4 9.4 0.0
2 2547.33333333 0.0 57.0 60.6 3.8 0.0
3 582.0 0.0 50.2 91.2 2.2 0.0
2 498.6 3.0 39.2 60.2 4.6 0.0
3 501.0 0.0 55.0 65.0 8.0 0.01
1 644.666666667 0.0 61.4 65.8 4.2 0.0
0 641.4 2.0 56.0 80.2 3.0 0.002
2 579.133333333 2.0 59.8 85.6 5.8 0.194
0 644.0 0.0 52.4 62.2 7.0 0.002
0 679.666666667 0.0 69.4 63.8 5.0 0.0
0 624.0 0.0 59.4 69.8 10.0 0.054
0 593.0 2.0 68.6 73.6 6.2 0.0
0 853.25 0.0 63.0 57.2 7.8 0.0
2 612.28 2.0 59.6 78.8 3.6 0.004
0 813.0 3.0 52.0 64.0 1.2 0.0
2 402.0 3.0 55.0 78.2 7.2 0.024
0 863.0 0.0 54.0 68.6 5.8 0.0
2 652.5 2.0 56.2 61.6 3.8 0.002
1 788.8 2.0 67.2 35.6 2.4 0.0
1 672.794871795 0.0 57.8 75.4 10.6 0.762
1 1368.66666667 0.0 59.0 71.8 8.2 0.0
3 478.333333333 3.0 50.0 50.0 5.0 0.0
3 646.2 0.0 73.0 42.8 5.2 0.0
2 569.476190476 2.0 64.0 64.0 12.0 0.0
2 909.243243243 0.0 57.0 72.0 11.0 0.0
2 684.588235294 0.0 60.4 70.4 2.0 0.0
1 610.661016949 0.0 52.4 60.8 2.2 0.0
0 740.75 2.0 59.8 85.6 5.8 0.194
1 624.057692308 2.0 67.6 72.2 7.0 0.0
1 920.0 2.0 56.2 61.6 3.8 0.002
2 1517.6875 2.0 57.6 66.8 2.0 0.0
3 351.666666667 3.0 41.0 60.2 1.2 0.0
0 628.0 0.0 53.8 57.8 9.0 0.0
1 633.685185185 0.0 60.8 74.8 3.2 0.0
0 556.0 1.0 70.6 60.2 6.2 0.0
1 673.402597403 0.0 50.4 78.8 2.6 0.0
1 691.0625 2.0 64.0 48.6 3.4 0.0
0 757.833333333 1.0 77.2 53.0 6.0 0.0
0 870.5 0.0 73.0 42.8 5.2 0.0
2 870.0 3.0 57.0 76.6 12.4 1.982
3 618.4 0.0 54.0 84.4 3.6 0.0
2 918.178571429 0.0 74.8 35.2 4.2 0.0
0 589.833333333 3.0 57.8 82.0 3.2 0.0
0 692.0 2.0 68.6 71.2 7.2 0.0
3 216.0 3.0 52.0 64.0 1.0 0.0
1 588.510638298 0.0 56.8 69.0 8.6 0.0
1 678.222222222 1.0 68.6 68.4 7.0 0.0
0 674.666666667 3.0 53.2 82.6 12.2 0.564
3 508.416666667 1.0 61.2 63.2 9.4 0.0
2 1082.68181818 1.0 67.6 72.0 7.6 0.0
2 720.117647059 0.0 52.8 67.2 3.2 0.0
2 602.476190476 0.0 70.0 48.0 5.2 0.0
1 669.369565217 3.0 50.6 72.8 4.2 0.0
1 612.456521739 0.0 55.6 85.8 5.0 0.006
2 504.25 1.0 63.0 71.0 8.0 0.0
3 390.777777778 3.0 60.0 80.0 4.0 0.0
2 592.535714286 0.0 57.0 76.0 3.0 0.0
3 512.111111111 2.0 64.2 43.4 3.2 0.0
0 805.0 2.0 67.2 73.2 5.6 0.0
2 817.9375 0.0 63.2 62.4 6.4 0.0
1 586.0 2.0 58.8 46.6 3.0 0.0
1 953.666666667 1.0 73.4 60.8 5.4 0.0
2 636.5 0.0 41.8 64.6 2.0 0.0
0 705.8 2.0 60.6 68.2 3.8 0.0
0 594.0 0.0 57.8 68.0 9.0 0.0
2 876.0 1.0 69.2 68.4 6.2 0.0
1 644.636363636 3.0 55.0 78.2 7.2 0.024
1 669.25 2.0 63.0 60.2 6.4 0.0
0 1006.0 0.0 53.4 70.4 7.4 0.0
1 648.430769231 0.0 63.2 62.4 6.4 0.0
1 652.47826087 2.0 71.4 67.6 4.6 0.0
1 648.886792453 0.0 58.2 62.0 6.8 0.0
2 653.266666667 2.0 66.4 71.8 6.0 0.0
3 496.25 0.0 62.4 71.8 6.0 0.056
2 434.125 0.0 57.2 59.0 3.4 0.0
2 721.111111111 0.0 57.8 75.4 10.6 0.762
3 664.142857143 0.0 60.4 62.0 10.8 0.0
2 1169.66666667 1.0 71.0 68.0 6.2 0.0
1 627.069767442 2.0 62.0 46.6 8.4 0.0
3 742.333333333 0.0 63.2 62.4 6.4 0.0
1 700.6 0.0 57.4 68.2 7.0 0.0
3 222.0 3.0 54.0 64.0 1.0 0.0
2 42332.5 2.0 55.2 69.8 1.6 0.0
0 644.0 1.0 69.8 67.8 7.6 0.0
0 773.0 0.0 57.2 59.0 3.4 0.0
1 652.103448276 0.0 57.6 55.8 14.2 0.0
3 754.461538462 0.0 59.2 68.6 8.2 0.02
1 2352.53846154 2.0 70.0 66.8 7.2 0.0
2 589.3 0.0 58.2 57.0 3.0 0.0
3 901.0 0.0 58.6 71.0 8.6 0.0
0 810.6 0.0 54.6 80.0 2.4 0.0
1 604.265306122 3.0 44.4 59.4 1.4 0.0
3 445.4 1.0 68.6 70.2 8.2 0.0
0 721.8 2.0 55.2 57.6 3.0 0.0
3 267.8 3.0 46.0 46.0 5.0 0.0
0 729.571428571 2.0 54.8 53.8 4.8 0.0
1 8203.03703704 0.0 53.4 85.8 3.0 0.0
2 615.208333333 3.0 43.2 51.0 3.4 0.0
3 516.384615385 2.0 69.2 70.4 6.8 0.0
2 1082.72727273 0.0 56.6 46.2 3.6 0.0
2 592.6 0.0 60.4 55.0 10.6 0.0
3 1217.0 1.0 65.6 69.8 8.6 0.0
2 565.6875 0.0 61.0 56.4 6.0 0.0
3 581.833333333 0.0 57.6 55.8 14.2 0.0
1 592.083333333 0.0 50.6 85.6 7.2 0.458
1 617.96969697 2.0 67.0 43.6 4.4 0.0
0 827.0 3.0 50.0 66.6 8.4 0.0
2 638.611111111 1.0 64.2 69.0 7.8 0.0
3 478.0 0.0 53.4 52.6 2.2 0.0
2 612.875 0.0 64.6 67.0 8.2 0.0
0 709.166666667 1.0 67.6 66.8 6.2 0.0
2 590.5 1.0 64.0 53.4 7.2 0.0
0 1038.0 2.0 64.0 73.6 6.2 0.0
0 1054.0 0.0 60.2 70.0 6.6 0.0
2 585.666666667 2.0 60.2 78.4 3.2 0.004
1 2044.42857143 0.0 63.2 62.2 5.6 0.0
1 677.923076923 0.0 59.6 66.8 6.2 0.0
0 582.333333333 0.0 54.6 71.4 10.2 0.23
0 398.0 2.0 56.0 71.0 13.0 0.0
2 628.625 2.0 67.2 73.2 5.6 0.0
3 228.0 0.0 53.0 62.0 3.0 0.0
3 497.777777778 1.0 69.4 72.2 6.4 0.0
2 1030.0 2.0 67.2 35.6 2.4 0.0
2 1016.5 1.0 63.6 62.8 9.0 0.0
0 646.428571429 2.0 68.6 64.0 5.8 0.0
3 806.0 0.0 57.6 82.4 11.0 0.104
1 709.320754717 0.0 66.0 61.0 8.0 0.0
0 620.25 2.0 57.8 77.2 3.4 0.0
2 584.055555556 0.0 60.6 85.0 4.2 0.004
3 549.428571429 0.0 56.6 71.0 8.2 0.01
0 767.75 2.0 66.4 71.8 6.0 0.0
0 715.555555556 2.0 59.6 78.8 3.6 0.004
1 841.75 2.0 67.2 71.2 7.2 0.0
1 709.470588235 2.0 68.8 64.2 7.2 0.342
0 695.166666667 2.0 69.0 32.0 6.6 0.0
1 623.888888889 0.0 56.0 73.0 7.0 0.036
1 653.328571429 1.0 67.8 68.8 6.8 0.0
1 739.333333333 0.0 55.4 68.6 7.4 0.008
1 647.87037037 0.0 59.0 67.0 7.0 0.0
2 679.285714286 0.0 55.6 80.4 5.4 0.082
3 586.944444444 1.0 65.0 70.0 5.8 0.0
0 642.714285714 3.0 56.0 74.6 6.2 0.0
1 690.6875 0.0 61.8 48.6 4.6 0.0
2 601.269230769 0.0 62.4 66.2 5.8 0.0
2 526.038461538 3.0 60.8 84.2 10.8 0.93
1 689.793103448 1.0 63.2 65.0 7.2 0.0
2 748.875 0.0 50.0 70.0 4.0 0.0
1 674.402777778 1.0 69.2 67.4 8.4 0.0
2 470.666666667 3.0 58.0 86.0 3.0 0.01
3 500.272727273 2.0 65.0 72.0 7.0 0.0
3 506.0 3.0 54.6 69.6 2.0 0.0
2 591.0 1.0 75.0 53.0 8.0 0.0
0 675.5 0.0 64.8 68.8 7.6 0.0
1 619.5 0.0 68.6 59.6 3.6 0.0
0 695.2 0.0 67.8 42.8 4.8 0.0
1 646.125 2.0 61.4 61.0 3.6 0.0
0 543.333333333 2.0 65.2 42.4 2.4 0.0
3 554.416666667 0.0 74.8 35.2 4.2 0.0
0 681.4 0.0 70.0 48.0 5.2 0.0
2 703.35 2.0 62.0 61.6 2.2 0.0
1 1043.75 0.0 57.8 47.8 6.8 0.0
2 682.0 2.0 55.4 68.0 3.6 0.0
1 4720.0 3.0 54.6 69.6 2.0 0.0
1 823.269230769 0.0 61.6 64.8 8.2 0.004
3 514.375 1.0 67.2 69.8 9.4 0.004
2 537.333333333 0.0 54.0 72.0 4.4 0.0
1 730.328358209 0.0 59.8 67.2 8.2 0.0
0 445.0 0.0 60.2 72.0 11.0 0.092
3 460.571428571 0.0 53.0 76.0 13.0 0.57
3 599.833333333 2.0 62.8 51.0 3.2 0.0
2 1894.2 0.0 44.6 45.4 3.8 0.0
0 767.666666667 0.0 52.8 67.2 3.2 0.0
3 466.090909091 0.0 58.4 81.4 4.2 0.0
2 2234.86486486 2.0 63.0 79.6 6.4 0.0
2 611.666666667 2.0 69.8 67.6 6.6 0.0
3 554.0 0.0 61.4 72.8 6.2 0.0
1 853.0 0.0 59.4 67.6 8.2 0.0
1 592.14 2.0 57.4 81.8 4.0 0.0
2 624.225806452 0.0 66.6 64.0 3.6 0.0
3 556.1 0.0 50.0 90.0 7.0 0.64
3 891.0 0.0 63.0 66.2 7.2 0.0
2 3447.44444444 2.0 68.8 64.2 7.2 0.342
3 478.6 2.0 60.8 58.6 3.2 0.0
2 1238.57142857 2.0 64.6 73.0 4.4 0.0
1 634.228070175 1.0 69.8 70.8 6.6 0.0
1 648.071428571 0.0 59.6 71.2 8.4 0.0
0 601.0 1.0 63.2 65.0 7.2 0.0
3 563.666666667 2.0 69.2 53.0 4.8 0.0
1 2258.86538462 1.0 65.2 63.8 10.2 0.0
2 1141.33333333 0.0 64.0 61.2 11.6 0.0
1 1309.85714286 2.0 72.2 63.6 5.0 0.0
3 585.0 3.0 43.8 63.8 8.6 0.064
0 588.75 2.0 70.6 73.4 6.6 0.002
3 412.0 0.0 56.0 66.6 5.4 0.022
2 717.576923077 1.0 66.2 73.2 7.8 0.0
3 519.0 1.0 66.8 72.4 7.2 0.0
3 670.75 0.0 56.8 69.0 8.6 0.0
2 1095.45833333 0.0 57.4 67.2 5.6 0.0
1 1535.85714286 2.0 68.6 68.8 5.8 0.0
3 517.333333333 0.0 61.4 65.8 4.2 0.0
2 563.59375 0.0 57.2 73.6 2.8 0.0
2 907.909090909 2.0 62.8 64.0 3.0 0.0
3 540.0 2.0 58.0 72.0 5.0 0.0
3 517.0 2.0 61.8 69.2 3.4 0.0
2 638.2 2.0 55.6 64.6 6.4 0.002
0 878.0 0.0 63.0 64.0 16.0 0.0
1 636.5 0.0 57.6 65.4 6.0 0.0
2 616.5 1.0 69.0 70.0 13.0 0.0
1 2595.55172414 3.0 52.6 82.2 3.0 0.172
2 620.421052632 1.0 72.6 70.4 7.2 0.0
2 547.272727273 0.0 58.0 78.2 4.4 0.0
2 623.888888889 0.0 53.8 57.0 3.0 0.0
3 1197.0 2.0 53.2 73.8 3.0 0.0
0 648.4 2.0 60.4 62.6 4.4 0.0
3 540.4 3.0 44.4 59.4 1.4 0.0
2 606.3 2.0 65.6 74.6 4.4 0.0
0 690.0 0.0 54.0 72.0 4.4 0.0
0 716.5 3.0 48.2 69.2 1.0 0.0
1 663.359550562 0.0 52.4 69.2 1.2 0.0
1 511.0 0.0 57.4 75.6 7.0 0.014
0 2243.0 0.0 53.0 76.6 5.0 0.004
1 620.433333333 0.0 61.0 56.4 6.0 0.0
3 504.6 0.0 67.8 42.8 4.8 0.0
2 891.153846154 2.0 67.6 72.2 7.0 0.0
0 626.0 0.0 58.0 68.4 9.0 0.0
2 826.25 2.0 65.2 42.4 2.4 0.0
3 1114.33333333 2.0 62.6 71.4 6.2 0.002
3 527.6 0.0 47.0 53.0 17.0 0.0
2 585.8 0.0 62.2 64.0 11.6 0.0
0 735.5 0.0 57.6 55.8 14.2 0.0
1 658.459016393 0.0 65.0 64.0 9.0 0.0
3 491.5 0.0 58.2 73.4 1.8 0.0
2 608.636363636 0.0 51.4 71.6 3.0 0.0
3 461.666666667 2.0 64.0 73.6 6.2 0.0
2 824.64 0.0 58.4 63.4 8.4 0.0
3 552.0 2.0 63.0 60.2 6.4 0.0
3 976.5 2.0 64.6 79.4 5.4 0.0
0 666.142857143 2.0 60.0 73.6 3.2 0.0
2 585.045454545 0.0 60.2 60.0 5.4 0.0
2 753.538461538 0.0 55.8 76.6 2.2 0.0
0 872.0 0.0 60.2 60.6 9.2 0.0
0 650.857142857 1.0 68.4 65.0 6.0 0.0
2 2516.36 2.0 65.8 66.2 4.6 0.0
2 2798.64285714 1.0 67.4 63.8 8.4 0.0
2 737.2 1.0 67.8 73.0 7.2 0.0
1 994.6 2.0 69.2 72.8 5.2 0.0
1 749.125 0.0 67.0 37.0 12.0 0.0
2 2963.22222222 0.0 58.6 57.6 3.4 0.0
3 422.25 0.0 60.8 74.8 3.2 0.0
0 518.5 2.0 65.4 46.8 3.6 0.0
2 560.181818182 0.0 55.2 76.8 8.4 0.22
2 537.0 2.0 58.6 81.0 6.6 0.226
2 749.2 0.0 61.8 67.6 10.8 0.0
1 629.666666667 2.0 55.2 69.8 1.6 0.0
1 1009.25 0.0 62.0 63.4 4.6 0.0
1 632.841269841 1.0 66.4 74.8 8.0 0.0
2 619.3 0.0 59.4 47.4 4.0 0.0
0 548.4 2.0 55.8 67.0 1.8 0.0
2 672.1 0.0 48.2 76.0 1.6 0.0
0 763.0 0.0 58.4 81.6 3.2 0.0
1 956.5 0.0 56.4 67.4 4.2 0.0
0 628.875 0.0 52.4 69.2 1.2 0.0
2 701.958333333 0.0 54.6 52.0 3.4 0.0
2 589.285714286 0.0 55.6 61.4 3.8 0.0
1 693.508196721 2.0 59.0 50.6 1.2 0.0
0 551.6 0.0 58.0 65.8 7.8 0.0
1 661.717948718 0.0 57.0 74.4 5.6 0.0
0 765.0 0.0 55.6 85.8 5.0 0.006
1 710.483870968 1.0 63.2 70.4 9.6 0.0
0 823.75 3.0 46.2 70.8 2.2 0.0
0 626.0 2.0 72.2 70.0 7.6 0.0
2 1949.5 3.0 51.6 56.8 10.4 0.0
0 828.2 2.0 64.2 43.4 3.2 0.0
3 454.666666667 0.0 62.0 62.4 11.0 0.0
1 1377.6 0.0 63.0 68.0 4.8 0.0
1 591.764705882 2.0 56.2 82.2 4.8 0.0
2 534.315789474 0.0 56.0 73.0 7.0 0.036
2 700.0 0.0 60.2 72.0 11.0 0.092
0 792.285714286 2.0 57.8 61.4 2.4 0.0
3 376.285714286 2.0 59.0 50.6 1.2 0.0
1 643.818181818 0.0 50.8 69.2 1.4 0.0
3 675.875 0.0 60.6 58.2 6.8 0.0
2 624.1875 0.0 66.4 57.6 5.6 0.0
1 653.875 2.0 65.8 68.8 5.6 0.0
0 648.571428571 0.0 59.6 71.6 7.0 0.0
2 743.8 1.0 62.2 65.6 6.4 0.0
2 698.785714286 2.0 69.2 53.0 4.8 0.0
3 897.6 2.0 57.4 72.2 3.0 0.0
2 810.666666667 2.0 63.4 76.6 6.2 0.35
3 488.25 2.0 67.0 69.0 8.0 0.0
3 1039.28571429 2.0 62.0 46.6 8.4 0.0
1 574.355555556 3.0 43.6 65.4 5.4 0.122
2 1494.15384615 2.0 69.0 32.0 6.6 0.0
0 605.6 0.0 59.0 87.0 8.0 0.0
2 1162.4 3.0 62.8 79.4 5.0 0.094
0 716.333333333 0.0 64.0 68.6 5.0 0.0
0 5222.5 0.0 48.8 60.2 4.6 0.0
2 554.8 3.0 41.0 60.2 1.2 0.0
2 439.25 2.0 66.2 73.6 6.2 0.0
1 647.723076923 0.0 56.0 63.0 7.0 0.0
3 1616.8 0.0 57.0 71.0 6.0 0.0
3 483.166666667 3.0 51.4 61.8 1.2 0.0
1 635.106666667 0.0 61.4 55.0 10.0 0.0
1 7290.85714286 1.0 65.6 69.8 8.6 0.0
3 581.916666667 2.0 69.6 68.4 7.0 0.0
2 682.2 0.0 57.4 75.6 7.0 0.014
1 676.810344828 0.0 52.8 70.0 1.8 0.0
3 588.666666667 0.0 57.8 75.4 10.6 0.762
1 488.5 2.0 70.0 66.0 7.0 0.0
1 695.25 1.0 66.0 69.6 6.8 0.0
1 607.755555556 0.0 58.0 75.0 9.0 0.0
1 649.583333333 0.0 59.4 69.8 10.0 0.054
0 584.4 0.0 64.6 67.0 8.2 0.0
2 637.75 2.0 60.0 60.0 8.0 0.0
2 616.0 0.0 57.0 55.4 3.2 0.0
3 789.5 0.0 50.0 73.0 3.0 0.0
1 665.79245283 0.0 60.6 79.8 5.0 0.0
3 708.857142857 0.0 53.6 82.6 3.0 0.0
3 466.666666667 0.0 54.0 87.0 5.0 0.0
1 657.224489796 0.0 59.2 77.0 6.4 0.008
2 780.8 0.0 63.0 60.0 6.0 0.0
1 657.35 0.0 56.2 80.4 3.6 0.0
0 619.8 1.0 67.2 67.6 9.0 0.0
2 653.136363636 1.0 71.0 69.0 7.6 0.0
0 706.7 0.0 53.0 78.0 3.0 0.0
1 845.0 0.0 67.8 57.8 6.6 0.0
1 645.458333333 2.0 68.6 67.2 7.8 0.0
2 588.181818182 2.0 72.2 70.0 7.6 0.0
3 540.555555556 0.0 75.4 35.6 5.2 0.0
1 753.193548387 2.0 69.8 54.2 4.2 0.0
0 999.555555556 0.0 58.0 57.0 13.0 0.0
2 742.571428571 2.0 55.2 57.6 3.0 0.0
3 1040.25 0.0 55.2 74.6 3.6 0.002
0 491.0 0.0 67.8 57.8 6.6 0.0
1 1211.0 3.0 51.6 56.8 10.4 0.0
0 806.0 2.0 56.8 88.4 5.4 0.348
0 583.5 0.0 52.6 66.8 2.6 0.0
1 678.520833333 0.0 58.8 75.6 6.4 0.004
1 739.62745098 0.0 54.6 34.4 9.4 0.0
2 1393.73333333 2.0 70.0 66.8 4.6 0.0
3 768.5 0.0 55.0 74.0 12.0 0.57
0 3690.0 1.0 71.0 68.0 6.2 0.0
0 705.2 1.0 69.6 73.6 6.0 0.0
1 671.85915493 0.0 50.0 75.2 4.8 0.0
0 625.666666667 0.0 57.0 72.0 14.0 0.01
2 619.517241379 1.0 62.6 66.8 8.0 0.0
2 575.2 3.0 52.0 60.0 17.0 0.0
2 644.263157895 1.0 68.6 68.4 7.0 0.0
2 659.12 2.0 58.2 70.0 4.0 0.0
2 654.863636364 1.0 69.4 72.8 7.6 0.0
0 748.25 0.0 56.4 45.6 2.4 0.0
1 13798.0 1.0 69.0 72.2 6.8 0.0
2 1249.07142857 0.0 67.8 57.8 6.6 0.0
2 543.75 2.0 53.8 70.8 1.2 0.0
3 550.272727273 1.0 69.4 72.8 7.6 0.0
0 626.142857143 3.0 40.6 50.8 2.2 0.0
3 430.444444444 0.0 57.4 57.6 8.6 0.0
2 849.705882353 0.0 59.4 64.2 8.6 0.0
0 1880.0 2.0 51.0 63.0 2.0 0.0
0 551.5 0.0 55.2 68.0 6.0 0.048
2 672.166666667 0.0 60.0 78.0 9.0 0.02
0 610.0 2.0 57.0 73.0 4.4 0.0
3 449.555555556 2.0 61.8 59.2 5.2 0.0
3 556.8 2.0 71.4 65.6 5.8 0.0
0 593.333333333 2.0 52.2 73.6 3.2 0.0
3 469.0 0.0 59.4 69.8 10.0 0.054
1 977.540540541 0.0 60.4 62.0 10.8 0.0
2 627.740740741 1.0 70.0 64.0 10.0 0.01
1 670.1125 0.0 60.4 60.0 12.8 0.0
3 336.6 2.0 56.8 88.4 5.4 0.348
0 725.9 2.0 61.2 59.0 3.6 0.032
2 835.8 1.0 62.0 73.0 10.0 0.0
0 730.6 2.0 65.0 64.6 9.6 0.0
3 812.5 2.0 55.2 69.8 1.6 0.0
2 3075.36363636 0.0 63.6 70.6 8.0 0.0
3 432.25 0.0 61.0 66.0 4.0 0.0
3 486.384615385 2.0 55.2 57.6 3.0 0.0
1 670.393939394 2.0 62.0 77.0 7.0 0.0
0 223.0 3.0 47.8 64.8 1.0 0.0
1 648.462962963 3.0 58.0 76.2 2.8 0.004
1 601.862068966 0.0 54.0 72.0 4.4 0.0
3 586.285714286 1.0 65.2 63.8 10.2 0.0
2 611.4 0.0 62.8 67.0 6.4 0.0
1 707.184210526 2.0 56.0 64.8 3.4 0.0
1 665.210526316 0.0 58.4 58.2 8.2 0.0
0 702.0 2.0 67.6 72.2 7.0 0.0
0 685.428571429 0.0 62.2 64.0 11.6 0.0
1 643.819672131 2.0 70.2 64.4 4.2 0.0
1 822.627906977 2.0 57.8 61.4 2.4 0.0
2 706.095238095 2.0 54.8 53.8 4.8 0.0
1 656.75 1.0 72.4 64.6 6.6 0.0
0 1224.66666667 0.0 50.8 71.8 4.6 0.0
3 323.428571429 2.0 62.8 61.0 6.2 0.0
2 1001.75 3.0 45.0 63.0 13.0 0.06
1 1235.69767442 0.0 51.0 60.8 1.8 0.0
3 611.5 2.0 61.8 73.6 1.4 0.0
0 820.333333333 0.0 61.6 42.8 10.6 0.0
3 615.0 0.0 53.0 64.2 7.4 0.028
0 652.2 2.0 55.2 78.6 4.0 0.0
1 622.266666667 0.0 54.0 68.6 5.8 0.0
2 636.517241379 0.0 50.8 69.2 1.4 0.0
0 742.333333333 3.0 59.6 79.4 7.4 0.002
1 1554.06521739 2.0 60.6 58.2 2.0 0.0
2 700.666666667 3.0 54.6 69.6 2.0 0.0
2 842.545454545 2.0 69.2 70.4 5.0 0.0
2 616.529411765 0.0 60.0 67.0 9.0 0.0
3 309.5 0.0 58.0 65.0 6.0 0.0
3 707.5 0.0 62.0 65.4 9.4 0.0
0 462.0 0.0 58.8 72.6 8.6 0.0
3 439.833333333 3.0 52.6 82.2 3.0 0.172
3 412.0 2.0 55.4 68.6 3.6 0.0
0 488.0 0.0 56.4 67.4 4.2 0.0
2 447.75 3.0 52.0 59.0 2.0 0.0
2 593.0 0.0 51.4 77.6 9.6 0.268
2 8423.3 2.0 53.2 73.8 3.0 0.0
3 454.8 0.0 62.0 64.0 16.0 0.0
3 561.625 1.0 64.8 74.6 8.4 0.0
3 648.5 0.0 62.4 85.8 6.6 0.086
2 613.916666667 1.0 64.2 70.6 8.0 0.0
3 555.9 1.0 65.2 65.6 9.8 0.0
1 567.0 0.0 44.6 45.4 3.8 0.0
3 700.0 3.0 50.0 61.0 2.0 0.0
0 934.4 0.0 52.8 70.0 1.8 0.0
3 445.285714286 2.0 70.0 51.0 6.0 0.0
1 528.857142857 0.0 59.0 66.8 7.6 0.0
3 507.0 1.0 65.6 71.4 9.4 0.0
1 614.490909091 0.0 59.6 70.2 7.8 0.004
3 735.2 0.0 55.4 72.2 8.0 0.132
2 669.36 0.0 59.0 52.0 10.0 0.0
0 307.0 2.0 54.0 69.2 6.0 0.0
3 359.0 2.0 53.0 69.2 1.0 0.0
1 614.666666667 0.0 48.2 76.0 1.6 0.0
3 569.25 0.0 60.8 56.6 8.4 0.0
3 640.285714286 0.0 52.4 60.8 2.2 0.0
2 695.882352941 2.0 57.8 36.0 6.0 0.0
1 688.796610169 0.0 56.0 61.0 4.4 0.0
2 622.0 0.0 59.0 76.6 7.0 0.0
2 568.555555556 3.0 51.4 60.0 1.0 0.0
0 698.571428571 0.0 56.8 79.6 10.8 0.544
2 2055.5 0.0 50.8 48.6 1.8 0.0
0 555.222222222 3.0 51.4 60.0 1.0 0.0
2 660.421052632 0.0 61.8 48.6 4.6 0.0
1 667.8125 3.0 60.0 84.0 4.0 0.0
1 724.75 2.0 57.0 73.0 13.0 0.0
3 1308.0 2.0 58.0 66.0 12.0 0.0
2 655.6 0.0 73.0 42.8 5.2 0.0
0 820.75 3.0 48.0 43.6 2.4 0.0
2 413.333333333 2.0 69.0 76.8 6.4 0.0
1 7685.5 2.0 60.6 63.0 4.2 0.0
2 8514.5 0.0 54.4 61.8 10.2 0.0
2 746.0 2.0 57.0 76.0 4.4 0.0
3 907.0 0.0 41.8 64.6 2.0 0.0
3 793.8 0.0 58.6 66.0 5.2 0.0
1 648.34 3.0 60.8 84.2 10.8 0.93
0 449.0 1.0 65.0 66.4 6.6 0.0
2 532.153846154 2.0 60.0 66.8 5.2 0.0
1 906.949152542 0.0 53.6 82.6 3.0 0.0
0 697.333333333 0.0 59.6 71.2 8.4 0.0
2 636.789473684 2.0 55.0 80.0 9.0 0.0
0 572.75 0.0 53.6 46.8 4.2 0.0
1 640.044117647 0.0 57.4 71.2 5.6 0.0
3 844.0 2.0 56.2 61.6 3.8 0.002
3 793.0 2.0 58.6 73.2 3.4 0.0
2 995.285714286 1.0 72.6 66.6 7.4 0.0
3 902.0 2.0 66.0 68.0 13.0 0.0
2 553.45 0.0 55.8 62.0 6.6 0.002
3 1015.0 0.0 62.4 62.2 5.4 0.0
1 616.910714286 0.0 48.8 70.8 5.8 0.0
3 226.0 2.0 60.0 67.0 9.0 0.0
1 674.586666667 2.0 64.0 73.6 6.2 0.0
1 629.094339623 0.0 58.8 65.8 6.2 0.006
1 766.821428571 1.0 61.2 63.2 9.4 0.0
0 561.666666667 1.0 68.0 66.0 7.4 0.0
0 936.5 2.0 60.6 58.2 2.0 0.0
1 663.559322034 1.0 69.8 67.8 7.6 0.0
1 651.125 3.0 60.4 82.8 6.4 0.028
3 525.9 1.0 68.0 69.0 9.0 0.0
3 632.0 0.0 57.4 75.6 7.0 0.014
3 745.0 0.0 64.6 67.0 8.2 0.0
2 677.55 2.0 57.4 81.8 4.0 0.0
1 2520.5 0.0 63.6 70.6 8.0 0.0
3 380.7 1.0 71.4 69.4 5.8 0.0
3 560.428571429 0.0 53.4 81.8 4.6 0.004
3 504.666666667 2.0 56.2 82.2 4.8 0.0
3 464.0 2.0 61.0 80.0 9.0 0.0
2 596.133333333 1.0 69.0 68.6 8.0 0.0
2 676.333333333 2.0 59.0 69.0 9.0 0.0
2 809.785714286 1.0 68.6 66.4 7.4 0.0
1 634.090909091 0.0 49.2 58.0 1.6 0.0
1 759.271428571 2.0 62.6 64.8 4.4 0.0
3 502.818181818 2.0 69.8 54.2 4.2 0.0
0 867.0 0.0 74.8 35.2 4.2 0.0
1 643.185714286 2.0 63.2 68.8 8.8 0.0
2 733.464285714 2.0 70.6 73.4 6.6 0.002
3 5035.0 0.0 58.4 50.0 4.4 0.0
3 501.333333333 0.0 73.0 53.0 5.0 0.0
2 640.08 0.0 59.0 67.0 7.0 0.0
2 671.285714286 0.0 56.0 61.0 4.4 0.0
2 642.5 2.0 56.8 83.0 4.4 0.272
2 373.333333333 0.0 53.4 85.8 3.0 0.0
3 620.454545455 2.0 72.2 70.0 7.6 0.0
2 1321.8 1.0 68.0 71.0 8.0 0.0
1 698.1 2.0 54.0 69.2 6.0 0.0
2 1391.66666667 1.0 63.2 65.0 7.2 0.0
1 737.285714286 1.0 69.2 68.4 6.2 0.0
3 480.125 0.0 61.6 69.6 5.8 0.0
3 291.0 1.0 68.4 65.0 6.0 0.0
1 843.25 0.0 53.8 84.8 3.0 0.0
2 872.363636364 0.0 58.6 71.0 8.6 0.0
3 564.0 1.0 72.6 66.6 7.4 0.0
0 719.666666667 2.0 67.0 43.6 4.4 0.0
1 631.240506329 2.0 61.8 69.2 3.4 0.0
1 681.188679245 0.0 53.6 46.8 4.2 0.0
0 4735.0 2.0 56.0 69.6 4.0 0.0
2 608.235294118 0.0 54.4 85.4 3.6 0.002
1 1099.16666667 0.0 50.8 80.8 2.8 0.0
2 541.857142857 1.0 67.8 68.8 6.8 0.0
0 814.5 2.0 67.6 59.4 5.4 0.0
1 616.261904762 3.0 59.6 79.4 7.4 0.002
3 375.25 2.0 59.0 54.0 4.0 0.0
3 438.888888889 0.0 57.2 74.2 7.8 0.19
1 600.820512821 2.0 67.2 73.2 5.6 0.0
3 603.5 1.0 68.6 70.4 7.0 0.0
2 1332.77777778 0.0 55.0 65.0 2.0 0.0
3 383.5 0.0 53.6 46.8 4.2 0.0
2 711.666666667 3.0 51.4 61.8 1.2 0.0
1 653.333333333 0.0 65.4 49.4 6.4 0.0
1 622.580645161 0.0 70.0 48.0 5.2 0.0
3 633.0 0.0 50.0 60.8 1.2 0.0
1 587.16 0.0 60.6 85.0 4.2 0.004
2 623.555555556 1.0 75.2 63.0 6.4 0.0
1 642.111111111 0.0 61.0 73.2 6.0 0.04
0 911.6 2.0 63.0 60.2 6.4 0.0
3 608.25 3.0 56.0 74.6 6.2 0.0
3 529.75 2.0 68.8 64.2 7.2 0.342
0 697.833333333 3.0 59.8 81.2 3.0 0.028
1 1377.52941176 2.0 69.0 32.0 6.6 0.0
1 1233.0 2.0 57.0 76.0 4.4 0.0
2 622.777777778 2.0 57.6 65.8 9.6 0.0
1 700.676470588 3.0 58.8 83.0 2.8 0.0
2 739.92 1.0 68.0 70.4 8.0 0.0
2 484.333333333 2.0 55.0 56.0 9.0 0.0
2 574.941176471 0.0 65.4 31.2 10.6 0.0
1 699.64 0.0 59.2 68.6 8.2 0.02
2 738.625 1.0 70.4 73.2 7.4 0.0
1 691.608695652 2.0 68.6 73.6 6.2 0.0
1 700.464285714 0.0 56.8 47.4 11.6 0.0
0 707.0 3.0 52.6 82.2 3.0 0.172
0 667.666666667 2.0 62.0 46.6 8.4 0.0
0 710.375 2.0 60.2 78.4 3.2 0.004
0 610.666666667 3.0 44.4 63.8 1.4 0.0
2 807.2 0.0 54.0 84.4 3.6 0.0
1 571.6 0.0 57.8 67.0 3.6 0.0
2 632.384615385 2.0 56.0 80.2 3.0 0.002
3 1386.28571429 2.0 72.0 57.2 3.6 0.0
2 747.8125 0.0 61.6 42.8 10.6 0.0
1 650.142857143 0.0 55.2 73.8 2.0 0.0
1 1863.63768116 1.0 67.6 71.0 8.0 0.0
1 887.5 0.0 65.2 58.0 5.2 0.0
2 1175.25 2.0 60.6 66.4 6.6 0.0
2 845.259259259 1.0 64.4 66.2 7.8 0.0
0 665.666666667 2.0 66.0 67.0 7.0 0.0
3 933.25 0.0 55.0 50.0 3.0 0.0
3 523.0 2.0 64.0 48.6 3.4 0.0
2 607.379310345 0.0 67.0 49.6 6.0 0.0
0 656.6 2.0 65.4 73.2 5.2 0.0
3 434.125 2.0 56.0 64.8 3.4 0.0
1 625.911764706 2.0 66.4 71.8 6.0 0.0
3 668.666666667 2.0 65.0 79.0 6.0 0.43
1 632.0 2.0 72.2 70.0 7.6 0.0
2 621.4 0.0 57.4 71.2 5.6 0.0
3 536.333333333 2.0 54.8 63.2 2.4 0.0
0 469.0 0.0 59.8 69.0 6.0 0.214
3 2267.0 3.0 47.4 65.4 1.0 0.0
3 3961.72727273 2.0 68.6 64.0 5.8 0.0
2 3519.28571429 2.0 65.0 64.6 9.6 0.0
2 644.952380952 1.0 66.2 62.2 7.6 0.0
2 642.277777778 3.0 48.0 43.6 2.4 0.0
3 710.875 1.0 71.0 69.0 7.6 0.0
0 265.0 1.0 66.8 68.8 7.4 0.0
1 651.685393258 2.0 71.6 43.0 3.6 0.0
2 575.705882353 1.0 67.6 71.0 8.0 0.0
1 686.4 3.0 53.2 63.8 1.6 0.0
1 652.103896104 3.0 60.0 87.0 5.0 0.01
2 634.238095238 0.0 58.8 75.6 6.4 0.004
2 655.739130435 0.0 62.0 62.4 11.0 0.0
2 399.0 0.0 57.6 82.4 11.0 0.104
2 2377.77777778 3.0 52.0 64.0 1.2 0.0
0 801.375 0.0 58.8 61.6 12.2 0.016
2 3934.08 0.0 62.0 64.0 16.0 0.0
1 658.608108108 2.0 63.0 79.6 6.4 0.0
2 666.8 0.0 61.0 65.0 7.0 0.0
2 691.045454545 0.0 57.8 78.6 3.6 0.0
2 767.666666667 3.0 48.8 71.8 3.8 0.0
2 590.611111111 2.0 60.0 77.0 8.0 0.0
2 552.366666667 1.0 61.0 68.0 14.0 0.0
0 510.0 0.0 57.0 75.0 9.0 0.0
0 726.6 0.0 60.8 74.8 3.2 0.0
0 544.166666667 1.0 68.6 68.4 7.0 0.0
1 2846.5 0.0 59.0 76.6 7.0 0.0
0 1098.0 0.0 62.4 55.4 5.8 0.0
0 743.333333333 0.0 55.8 62.0 6.6 0.002
3 618.714285714 3.0 60.0 87.0 8.0 0.1
3 384.0 0.0 46.0 68.0 3.0 0.0
1 667.2 1.0 67.6 71.8 6.0 0.0
3 1097.0 1.0 68.0 64.0 9.0 0.0
3 543.714285714 1.0 64.0 66.0 10.0 0.0
3 886.818181818 2.0 67.2 67.8 5.6 0.0
1 662.52173913 2.0 55.4 68.6 3.6 0.0
1 666.19047619 0.0 59.0 70.0 12.0 0.0
2 815.8 3.0 50.6 61.4 7.4 0.0
1 631.5 0.0 59.2 62.2 6.2 0.0
3 658.833333333 3.0 61.6 80.6 4.6 0.006
3 904.75 3.0 51.4 63.4 1.2 0.0
2 10897.6666667 3.0 53.2 73.2 4.8 0.078
0 713.0 1.0 72.8 64.2 7.4 0.0
3 374.5 1.0 64.0 65.0 8.0 0.0
0 404.0 1.0 73.4 60.8 5.4 0.0
2 688.964285714 2.0 64.8 64.6 2.4 0.0
0 734.25 2.0 61.8 69.2 3.4 0.0
0 626.5 1.0 61.4 66.2 8.8 0.0
2 1033.25 0.0 49.0 75.8 8.0 0.22
1 654.375 2.0 62.8 61.0 6.2 0.0
2 1414.96153846 0.0 58.0 82.0 9.0 0.0
0 560.75 0.0 56.6 46.2 3.6 0.0
2 772.0 0.0 61.4 65.8 4.2 0.0
2 891.285714286 0.0 56.4 45.6 2.4 0.0
1 685.258064516 3.0 50.4 66.2 1.4 0.0
1 710.271428571 1.0 69.0 68.6 8.0 0.0
2 716.173913043 2.0 62.6 74.2 6.0 0.006
1 1807.85714286 2.0 62.8 64.0 3.0 0.0
1 771.4 1.0 67.0 62.0 8.0 0.0
2 860.6 3.0 48.2 69.2 1.0 0.0
0 639.666666667 1.0 70.0 70.0 7.0 0.0
1 661.805555556 0.0 60.0 73.0 10.0 0.0
1 8062.33333333 0.0 52.8 65.8 4.4 0.0
0 772.75 1.0 64.0 53.4 7.2 0.0
0 742.0 0.0 41.8 64.6 2.0 0.0
2 588.923076923 0.0 62.2 60.0 5.8 0.0
3 581.625 0.0 60.2 60.0 5.4 0.0
1 693.480769231 0.0 66.4 57.6 5.6 0.0
2 586.1 1.0 68.0 66.8 7.8 0.0
3 857.333333333 0.0 61.0 69.0 6.0 0.0
0 929.2 0.0 57.0 74.4 5.6 0.0
2 1114.33333333 0.0 65.6 60.0 4.0 0.0
3 770.5 1.0 66.0 69.6 6.8 0.0
3 470.571428571 3.0 52.8 78.2 5.0 0.0
1 1150.2 2.0 69.0 77.0 12.0 0.0
3 401.25 1.0 64.4 66.2 7.8 0.0
2 1149.83333333 1.0 62.4 67.4 8.0 0.0
3 593.285714286 1.0 68.0 70.4 8.0 0.0
1 685.457627119 2.0 64.0 60.0 9.0 0.0
1 8920.0 0.0 58.6 57.6 3.4 0.0
3 834.875 1.0 67.2 67.6 9.0 0.0
0 665.444444444 2.0 60.8 58.6 3.2 0.0
0 614.5 0.0 62.0 63.4 4.6 0.0
1 645.714285714 2.0 56.4 79.2 4.6 0.208
3 549.0 2.0 70.0 40.0 5.0 0.01
3 296.25 0.0 59.8 69.0 9.0 0.0
2 594.260869565 0.0 51.8 77.6 1.6 0.0
2 702.264705882 2.0 64.0 73.0 5.0 0.0
2 1287.73333333 0.0 60.2 76.8 6.4 0.0
2 557.857142857 2.0 59.2 73.8 4.2 0.0
2 4302.95652174 0.0 67.8 60.8 6.6 0.0
3 482.7 2.0 62.6 74.2 6.0 0.006
0 625.333333333 2.0 69.2 53.0 4.8 0.0
3 588.352941176 1.0 68.0 66.0 7.4 0.0
3 566.5 0.0 63.0 60.4 4.2 0.0
0 355.0 2.0 59.8 70.0 3.0 0.0
2 497.0 2.0 69.0 63.0 6.0 0.0
0 658.25 0.0 56.0 65.6 5.8 0.014
0 727.714285714 0.0 60.6 79.8 5.0 0.0
1 645.514705882 3.0 56.0 74.6 6.2 0.0
0 612.666666667 1.0 64.8 65.8 7.2 0.0
3 2560.46153846 0.0 47.0 70.0 4.2 0.0
3 477.833333333 0.0 54.4 85.4 3.6 0.002
0 575.0 1.0 69.8 70.8 6.6 0.0
3 541.5 2.0 64.8 71.0 7.6 0.0
3 314.666666667 1.0 72.8 64.2 7.4 0.0
2 688.944444444 1.0 71.2 70.2 9.0 0.0
1 1043.0 0.0 58.8 72.6 8.6 0.0
2 939.75 0.0 59.2 62.2 6.2 0.0
3 714.5 0.0 57.4 67.2 5.6 0.0
3 789.0 0.0 59.2 60.6 9.4 0.0
0 787.2 0.0 63.0 60.4 4.2 0.0
3 623.0 0.0 60.0 81.0 6.0 0.0
1 659.0 2.0 65.2 72.2 3.2 0.002
2 584.136363636 0.0 58.4 65.8 3.2 0.0
3 777.0 0.0 60.2 72.0 11.0 0.092
1 667.369230769 2.0 58.2 70.0 4.0 0.0
0 615.166666667 2.0 68.2 75.2 5.8 0.0
3 467.333333333 0.0 58.4 63.4 8.4 0.0
0 675.0 2.0 62.6 74.2 6.0 0.006
2 892.142857143 0.0 54.6 71.4 10.2 0.23
2 553.2 0.0 53.0 86.0 8.0 0.096
0 680.875 2.0 69.6 68.4 7.0 0.0
1 630.31147541 0.0 56.0 65.6 5.8 0.014
3 286.5 0.0 51.4 77.6 9.6 0.268
3 513.823529412 1.0 71.2 70.2 9.0 0.0
0 731.0 1.0 72.6 70.4 7.2 0.0
2 635.944444444 2.0 70.2 64.4 4.2 0.0
2 681.611111111 0.0 58.4 50.0 4.4 0.0
1 1090.25 2.0 52.2 67.0 2.0 0.0
1 1100.33333333 3.0 52.0 59.0 2.0 0.0
2 648.576923077 1.0 68.0 71.0 10.0 0.0
2 2931.65 1.0 70.0 63.0 9.0 0.0
1 1712.71428571 0.0 53.0 54.6 1.4 0.0
1 630.693333333 1.0 69.6 66.0 7.0 0.0
1 4057.28571429 2.0 57.6 71.6 5.6 0.0
3 499.0 0.0 61.8 67.6 10.8 0.0
2 777.125 2.0 53.0 70.0 3.0 0.0
0 929.0 0.0 56.2 80.4 3.6 0.0
2 867.4375 1.0 67.0 69.0 13.0 0.0
3 632.181818182 1.0 69.2 67.4 8.4 0.0
1 1448.0 1.0 67.0 71.0 10.0 0.0
1 698.564102564 0.0 60.0 45.0 7.8 0.0
2 883.5 0.0 56.0 66.6 5.4 0.022
0 593.0 1.0 71.4 69.4 5.8 0.0
2 576.307692308 0.0 50.6 85.6 7.2 0.458
0 742.4 2.0 74.6 41.8 3.4 0.0
0 684.0 2.0 64.8 64.6 2.4 0.0
1 753.419354839 0.0 66.4 59.8 4.0 0.0
2 2261.6 0.0 61.2 70.0 6.0 0.0
0 805.833333333 2.0 66.0 64.0 9.6 0.0
1 697.047619048 0.0 63.0 60.4 4.2 0.0
0 689.333333333 1.0 64.8 74.6 8.4 0.0
3 672.545454545 2.0 63.2 68.8 8.8 0.0
2 1047.16666667 2.0 64.8 74.6 9.0 0.106
0 643.714285714 2.0 55.4 68.6 3.6 0.0
1 1365.57377049 0.0 56.6 71.0 8.2 0.01
2 1401.91666667 2.0 62.0 60.2 11.8 0.0
2 2585.0 0.0 54.0 69.0 11.0 0.11
3 621.722222222 2.0 61.0 68.0 6.0 0.0
1 677.755102041 0.0 57.8 78.6 3.6 0.0
3 613.0 0.0 60.4 70.4 2.0 0.0
1 630.869565217 0.0 52.4 81.0 2.6 0.0
3 527.0 1.0 66.2 71.4 8.4 0.0
0 1247.83333333 2.0 69.2 70.4 6.8 0.0
2 815.625 0.0 58.6 66.0 5.2 0.0
3 6077.375 0.0 55.4 72.6 2.8 0.0
3 488.833333333 1.0 64.0 53.4 7.2 0.0
3 378.5 3.0 59.0 86.0 10.0 0.0
3 500.142857143 1.0 75.2 63.0 6.4 0.0
3 528.333333333 0.0 62.8 65.8 9.0 0.0
3 604.0 2.0 55.2 78.6 4.0 0.0
1 670.120689655 0.0 69.4 45.4 3.8 0.0
1 671.967741935 2.0 57.0 73.0 4.4 0.0
3 382.181818182 0.0 60.2 70.0 6.6 0.0
1 822.361111111 1.0 68.6 58.8 7.0 0.0
0 883.333333333 0.0 52.8 70.2 6.6 0.008
1 618.895833333 0.0 55.2 68.0 6.0 0.048
1 647.983333333 0.0 60.0 69.2 13.0 0.0
1 667.489795918 0.0 57.0 70.0 13.0 0.0
1 665.069767442 0.0 51.2 61.6 0.8 0.0
1 688.476190476 2.0 68.0 65.8 9.0 0.0
2 739.916666667 2.0 66.0 67.0 7.0 0.0
3 690.5 3.0 60.0 83.4 4.4 0.018
0 626.833333333 0.0 61.6 77.2 18.0 0.696
1 1973.66666667 1.0 65.0 63.2 6.2 0.0
3 462.625 2.0 63.0 74.0 6.0 0.0
2 637.086956522 0.0 56.0 63.0 8.0 0.0
2 1632.0 2.0 61.8 73.6 1.4 0.0
2 635.444444444 0.0 47.0 70.0 4.2 0.0
2 707.333333333 2.0 59.8 70.0 3.0 0.0
1 627.222222222 1.0 61.0 70.0 9.0 0.0
2 672.866666667 0.0 51.0 60.8 1.8 0.0
1 914.25 3.0 60.0 92.0 6.0 0.09
3 582.307692308 0.0 55.2 73.8 2.0 0.0
1 582.869565217 3.0 48.0 43.6 2.4 0.0
3 598.75 1.0 67.6 72.0 7.6 0.0
3 157.0 0.0 56.0 77.0 6.0 0.1
3 474.25 0.0 57.2 59.0 3.4 0.0
3 464.2 0.0 65.0 62.0 6.0 0.0
1 604.092592593 3.0 50.0 66.6 8.4 0.0
2 2770.06666667 2.0 76.2 52.8 4.2 0.0
2 342.0 3.0 51.4 63.4 1.2 0.0
3 853.833333333 0.0 58.0 69.0 19.0 0.08
1 755.396551724 1.0 68.0 66.8 7.8 0.0
2 562.333333333 0.0 55.0 57.0 1.0 0.0
0 490.666666667 1.0 67.4 68.4 8.6 0.0
1 645.612903226 0.0 62.4 55.4 5.8 0.0
0 1174.85714286 2.0 56.0 64.8 3.4 0.0
3 730.384615385 1.0 62.6 66.8 8.0 0.0
1 788.333333333 2.0 57.0 64.0 3.0 0.0
1 928.666666667 2.0 69.0 76.8 6.4 0.0
0 419.0 2.0 63.4 76.6 6.2 0.35
3 466.5 3.0 50.6 72.8 4.2 0.0
0 748.166666667 0.0 54.4 66.8 4.8 0.0
1 673.22 0.0 56.0 84.6 5.2 0.0
1 660.301369863 1.0 68.2 68.8 8.0 0.0
3 494.0 0.0 67.0 70.0 6.0 0.0
2 711.125 2.0 63.0 60.2 6.4 0.0
0 641.333333333 1.0 64.2 69.0 7.8 0.0
0 665.8 2.0 67.4 64.2 5.6 0.0
2 698.413793103 0.0 64.8 46.8 8.4 0.0
0 702.333333333 2.0 69.6 68.8 4.8 0.0
0 496.0 0.0 51.6 66.2 8.6 0.0
3 398.0 1.0 68.0 71.2 8.4 0.0
0 15342.5 0.0 59.8 57.8 6.2 0.0
3 871.142857143 1.0 69.8 71.2 6.6 0.0
1 454.2 3.0 58.0 86.0 3.0 0.01
0 618.25 2.0 62.0 61.6 2.2 0.0
3 639.666666667 0.0 53.8 84.8 3.0 0.0
0 573.75 0.0 59.4 64.2 8.6 0.0
3 609.5 0.0 55.2 68.0 6.0 0.048
3 655.0 0.0 72.8 36.6 5.0 0.0
3 624.692307692 0.0 56.2 80.4 3.6 0.0
3 434.111111111 1.0 69.0 73.0 6.8 0.0
3 616.615384615 0.0 49.0 78.0 3.0 0.0
0 722.5 1.0 65.8 72.0 9.0 0.0
2 694.592592593 1.0 66.4 65.0 9.0 0.0
1 650.425925926 0.0 56.6 46.2 3.6 0.0
3 695.555555556 0.0 60.6 79.8 5.0 0.0
1 681.948275862 0.0 55.4 74.8 4.8 0.0
3 494.3 0.0 64.8 68.8 7.6 0.0
2 681.1875 0.0 52.0 74.2 2.6 0.0
3 562.666666667 0.0 62.2 60.0 5.8 0.0
0 764.5 0.0 53.0 83.0 2.6 0.0
3 635.75 2.0 60.6 58.2 2.0 0.0
3 446.538461538 0.0 56.0 84.6 5.2 0.0
2 632.875 3.0 44.4 59.4 1.4 0.0
2 515.307692308 3.0 58.0 76.2 2.8 0.004
1 2852.76470588 1.0 69.0 70.0 13.0 0.0
3 689.0 1.0 70.4 73.2 7.4 0.0
1 836.789473684 0.0 46.4 37.2 6.2 0.0
1 719.9375 3.0 48.8 71.8 3.8 0.0
0 719.0 0.0 60.0 74.0 9.6 0.0
3 564.181818182 0.0 56.0 72.0 15.0 0.0
3 464.75 0.0 60.0 64.8 7.4 0.0
3 468.615384615 3.0 61.0 86.0 12.0 1.43
3 1021.0 0.0 42.8 69.4 2.0 0.0
1 816.651162791 0.0 54.4 85.4 3.6 0.002
3 509.8 3.0 53.0 85.0 14.0 1.09
2 1438.0 2.0 70.0 40.0 5.0 0.01
2 605.52173913 2.0 69.0 67.0 9.0 0.0
2 700.5 0.0 57.0 74.4 5.6 0.0
1 606.0 3.0 50.4 82.2 1.8 0.004
2 867.666666667 3.0 55.0 43.0 3.0 0.0
3 401.25 0.0 55.0 74.0 4.0 0.0
1 684.98 1.0 61.4 66.2 8.8 0.0
2 625.409090909 0.0 67.2 36.4 7.4 0.0
0 882.666666667 0.0 72.8 36.6 5.0 0.0
3 554.0 2.0 56.0 71.0 13.0 0.0
2 633.933333333 0.0 51.0 72.0 3.0 0.0
2 920.157894737 0.0 57.2 70.6 8.0 0.0
0 834.666666667 0.0 57.8 75.4 10.6 0.762
0 649.75 2.0 67.8 68.6 4.0 0.0
1 620.815384615 2.0 66.0 67.0 7.0 0.0
1 653.554054054 2.0 56.0 80.2 3.0 0.002
0 724.2 1.0 68.2 68.8 8.0 0.0
0 7591.0 2.0 70.6 65.6 4.4 0.0
2 631.666666667 0.0 51.8 84.6 2.0 0.004
1 1604.0 1.0 65.8 72.0 9.0 0.0
2 3006.33333333 0.0 62.0 62.2 5.6 0.0
3 603.166666667 1.0 68.0 69.0 9.0 0.0
0 718.666666667 0.0 56.0 53.4 8.0 0.0
2 707.074074074 0.0 61.6 69.6 5.8 0.0
2 1104.66666667 2.0 66.8 70.0 6.8 0.0
3 441.428571429 0.0 54.2 54.4 3.0 0.0
3 572.333333333 2.0 62.0 65.0 9.0 0.0
0 744.5 2.0 56.0 85.8 3.4 0.184
0 777.833333333 0.0 52.4 60.8 2.2 0.0
0 577.0 0.0 51.0 60.8 1.8 0.0
0 689.833333333 0.0 56.8 47.4 11.6 0.0
2 622.954545455 1.0 70.2 73.6 8.4 0.0
3 903.0 0.0 60.0 66.4 7.4 0.0
2 771.380952381 0.0 52.4 81.0 2.6 0.0
3 365.818181818 1.0 67.4 68.4 8.6 0.0
1 629.924242424 0.0 67.0 49.6 6.0 0.0
1 674.923076923 2.0 68.6 71.2 7.2 0.0
3 508.833333333 2.0 70.2 64.4 4.2 0.0
1 663.718309859 1.0 72.6 70.4 7.2 0.0
2 577.25 0.0 59.0 71.0 10.0 0.05
0 49651.6666667 2.0 68.4 65.0 4.8 0.0
0 685.571428571 1.0 68.4 75.0 6.2 0.0
1 980.10989011 0.0 60.4 70.4 2.0 0.0
2 1121.33333333 2.0 69.2 72.8 5.2 0.0
1 526.428571429 2.0 64.6 79.4 5.4 0.0
2 621.526315789 0.0 60.2 60.6 9.2 0.0
2 1074.75 2.0 56.8 88.4 5.4 0.348
1 477.5 0.0 50.8 48.6 1.8 0.0
0 485.0 0.0 57.0 60.0 2.0 0.0
0 737.25 0.0 60.4 62.0 10.8 0.0
2 603.866666667 0.0 59.4 69.8 10.0 0.054
0 642.666666667 1.0 68.0 71.0 8.0 0.0
1 615.372881356 0.0 58.2 71.2 8.6 0.0
0 691.0 0.0 57.6 67.8 5.2 0.0
3 541.0 2.0 56.4 79.2 4.6 0.208
3 506.0 0.0 65.2 58.0 5.2 0.0
0 612.0 1.0 64.2 70.6 8.0 0.0
2 608.833333333 1.0 69.6 56.8 6.8 0.0
0 637.75 0.0 62.0 62.4 11.0 0.0
0 907.25 2.0 72.0 57.2 3.6 0.0
1 17940.2 2.0 54.6 66.8 1.6 0.0
0 700.571428571 2.0 71.6 65.2 6.4 0.0
0 635.0 0.0 52.8 71.0 4.4 0.0
0 639.1 1.0 70.8 58.2 8.2 0.0
2 688.71875 2.0 53.4 63.6 3.2 0.0
1 658.764705882 1.0 67.2 67.6 9.0 0.0
0 692.5 0.0 60.2 76.8 6.4 0.0
3 433.166666667 0.0 59.6 66.8 6.2 0.0
3 692.4 1.0 68.2 68.8 8.0 0.0
0 822.4 0.0 62.4 66.2 5.8 0.0
1 1136.0 0.0 55.0 65.0 2.0 0.0
1 645.210526316 1.0 67.8 72.0 8.6 0.0
2 2592.84 1.0 68.0 66.0 7.4 0.0
2 623.466666667 1.0 61.0 78.0 11.0 0.0
3 540.833333333 0.0 60.0 68.0 7.0 0.0
1 824.824324324 2.0 65.2 72.6 5.0 0.0
3 1424.5 2.0 69.2 72.8 5.2 0.0
2 1332.75 3.0 48.0 71.2 2.2 0.0
1 1260.4 0.0 54.2 59.2 7.8 0.0
0 649.0 1.0 66.2 62.2 7.6 0.0
1 687.5 1.0 72.8 64.2 7.4 0.0
3 529.769230769 0.0 51.4 71.6 3.0 0.0
1 632.628571429 2.0 62.8 50.8 6.4 0.0
1 640.296875 0.0 53.6 70.2 3.0 0.0
1 620.196078431 0.0 59.0 58.0 6.0 0.0
0 679.5 2.0 59.2 62.4 4.2 0.0
0 805.5 2.0 65.4 70.0 6.8 0.0
1 627.193548387 0.0 59.4 47.4 4.0 0.0
2 673.0 0.0 57.4 81.4 8.6 0.296
3 374.0 1.0 69.0 71.2 7.6 0.0
2 619.12 3.0 50.0 66.6 8.4 0.0
1 654.166666667 2.0 65.6 75.0 8.0 0.0
1 748.8 0.0 57.8 73.4 11.2 0.178
2 652.444444444 2.0 61.0 44.0 4.0 0.0
0 790.0 0.0 61.4 70.4 3.8 0.0
3 525.0 0.0 69.4 45.4 3.8 0.0
2 870.25 0.0 59.6 70.2 7.8 0.004
3 791.0 2.0 57.0 73.0 4.4 0.0
0 556.0 1.0 69.6 66.0 7.0 0.0
2 944.111111111 0.0 67.4 59.0 6.8 0.0
1 655.482352941 0.0 55.8 76.6 2.2 0.0
2 794.2 0.0 54.2 59.2 7.8 0.0
3 632.0 2.0 66.0 64.0 9.6 0.0
1 613.678571429 2.0 57.0 50.0 6.0 0.0
1 674.393939394 3.0 55.8 80.6 9.4 0.114
1 2888.66666667 1.0 62.4 67.4 8.0 0.0
3 520.8 0.0 51.8 84.6 2.0 0.004
2 915.666666667 0.0 59.4 60.4 3.6 0.0
1 3946.83333333 0.0 61.4 69.6 5.2 0.0
1 769.4 2.0 64.8 74.6 9.0 0.106
2 537.75 0.0 62.2 68.4 5.6 0.0
3 405.875 2.0 67.4 74.0 6.8 0.0
0 705.666666667 0.0 59.4 77.0 4.6 0.0
2 707.842105263 1.0 68.6 58.8 7.0 0.0
0 592.857142857 1.0 69.2 67.4 8.4 0.0
2 660.5625 2.0 53.0 69.2 1.0 0.0
1 3199.85714286 0.0 62.4 62.2 5.4 0.0
0 734.5 2.0 62.8 50.8 6.4 0.0
0 806.75 0.0 55.2 76.8 8.4 0.22
1 569.093023256 2.0 70.6 73.4 6.6 0.002
3 512.5 2.0 69.0 36.0 5.0 0.0
2 857.625 0.0 62.8 65.8 9.0 0.0
3 449.888888889 1.0 70.4 48.2 6.0 0.0
1 1202.63636364 0.0 62.8 65.8 9.0 0.0
0 655.888888889 1.0 74.2 60.2 6.0 0.0
3 328.666666667 0.0 56.8 79.6 10.8 0.544
0 9720.75 0.0 51.2 78.0 9.0 0.302
0 455.0 3.0 50.6 72.8 4.2 0.0
3 440.5 2.0 68.0 65.8 9.0 0.0
1 634.78 2.0 55.8 67.0 1.8 0.0
3 5288.8 0.0 55.4 74.8 4.8 0.0
2 652.72 0.0 58.4 58.2 8.2 0.0
0 546.0 1.0 67.6 75.4 7.2 0.0
3 224.0 2.0 55.0 76.0 18.0 0.0
3 469.583333333 0.0 60.6 85.0 4.2 0.004
2 715.92 0.0 48.8 70.8 5.8 0.0
1 604.1875 0.0 59.0 84.0 4.0 0.0
1 692.517857143 1.0 71.4 69.4 5.8 0.0
3 659.111111111 0.0 66.0 26.0 16.0 0.0
3 1004.45454545 0.0 56.2 47.0 1.8 0.0
0 856.166666667 1.0 66.2 73.2 7.8 0.0
1 633.0 3.0 47.4 65.4 1.0 0.0
3 1060.0 2.0 64.8 74.6 9.0 0.106
0 683.333333333 1.0 66.0 69.4 7.6 0.0
1 643.26 0.0 60.0 64.8 7.4 0.0
0 672.111111111 2.0 57.8 36.0 6.0 0.0
0 683.0 0.0 61.4 72.8 6.2 0.0
1 6211.2 1.0 66.8 68.8 7.4 0.0
1 1098.44067797 0.0 60.0 68.0 7.0 0.0
2 623.35 0.0 64.8 68.8 7.6 0.0
2 675.4 0.0 57.0 60.0 2.0 0.0
2 595.84 2.0 56.0 64.8 3.4 0.0
2 654.7 1.0 67.0 71.0 10.0 0.0
3 733.222222222 0.0 58.8 65.8 6.2 0.006
1 727.35483871 2.0 60.2 78.4 3.2 0.004
2 676.263157895 0.0 61.6 64.8 8.2 0.004
2 3993.28571429 0.0 62.4 62.2 5.4 0.0
3 465.4 0.0 59.8 67.2 8.2 0.0
0 797.0 0.0 61.6 64.8 8.2 0.004
1 592.0 2.0 52.0 84.0 6.0 0.0
3 887.5 1.0 68.0 69.8 7.2 0.0
2 661.055555556 2.0 57.0 75.0 1.0 0.0
2 1643.125 3.0 54.0 74.0 7.0 0.0
