0 452.0 0.0 49.0 78.0 3.0 0.0
1 530.844444444 2.0 67.4 74.0 6.8 0.0
2 562.428571429 2.0 55.0 93.0 4.0 0.66
2 567.636363636 0.0 58.0 75.0 9.0 0.0
3 488.0 0.0 67.4 59.0 6.8 0.0
2 495.0 0.0 62.8 65.8 9.0 0.0
0 429.5 2.0 66.8 70.0 6.8 0.0
2 7204.0 0.0 57.6 65.4 6.0 0.0
2 578.307692308 2.0 65.4 70.0 6.8 0.0
3 985.666666667 1.0 67.0 73.0 12.0 0.0
3 396.0 0.0 55.4 89.2 2.6 0.0
3 189.0 2.0 56.0 69.0 6.0 0.0
2 253.6 0.0 56.0 71.0 7.0 0.0
0 612.0 0.0 55.0 70.0 5.0 0.0
0 336.0 1.0 70.0 63.0 9.0 0.0
1 674.121212121 0.0 69.4 63.8 5.0 0.0
1 519.181818182 0.0 58.0 70.0 8.0 0.0
3 225.0 0.0 50.0 73.0 3.0 0.0
3 574.625 1.0 62.0 67.0 9.0 0.0
2 3679.77777778 2.0 72.2 70.0 7.6 0.0
3 670.625 0.0 55.0 63.0 6.0 0.0
1 1487.25925926 0.0 56.0 73.0 7.0 0.036
2 670.0 2.0 55.4 68.0 3.6 0.0
2 476.857142857 2.0 55.0 65.0 2.0 0.0
1 594.682539683 2.0 65.0 70.0 9.0 0.0
3 471.5 2.0 56.0 83.0 4.0 0.0
0 614.0 0.0 59.0 60.0 19.0 0.0
2 481.625 2.0 62.0 59.0 10.0 0.0
1 581.173913043 2.0 57.8 36.0 6.0 0.0
3 402.8 1.0 60.0 74.0 11.0 0.0
1 599.36 0.0 59.8 69.0 9.0 0.0
0 559.0 2.0 65.0 66.0 19.0 0.0
2 435.25 0.0 74.0 43.0 5.0 0.0
3 490.666666667 2.0 69.0 76.0 8.0 0.0
0 332.0 1.0 68.8 70.2 7.2 0.0
3 668.0 1.0 72.6 66.6 7.4 0.0
1 421.0 0.0 61.0 53.0 12.0 0.0
2 534.0 3.0 57.0 80.0 14.0 3.12
3 387.5 0.0 61.4 65.8 4.2 0.0
1 711.5 1.0 66.0 69.6 6.8 0.0
0 316.0 0.0 51.0 92.0 6.0 0.0
1 775.428571429 2.0 63.0 80.0 7.0 0.0
1 567.0 2.0 60.0 73.6 3.2 0.0
2 589.846153846 2.0 69.0 38.0 9.0 0.0
0 347.0 0.0 59.0 75.0 9.0 0.0
2 603.5 2.0 62.0 64.2 3.4 0.0
1 528.815789474 0.0 60.4 70.4 2.0 0.0
2 801.8 0.0 59.0 71.8 8.2 0.0
3 215.0 3.0 51.0 72.0 12.0 0.0
2 3407.4 0.0 68.6 59.6 3.6 0.0
3 537.2 0.0 61.0 58.0 11.0 0.0
1 636.25 2.0 54.6 66.8 1.6 0.0
1 580.272727273 2.0 58.8 46.6 3.0 0.0
1 437.0 0.0 62.8 67.0 6.4 0.0
0 780.0 2.0 63.0 72.0 8.0 0.0
2 552.866666667 1.0 70.4 48.2 6.0 0.0
0 361.0 0.0 55.0 64.0 5.0 0.0
2 506.555555556 0.0 61.0 66.0 4.0 0.0
2 345.5 0.0 50.8 80.8 2.8 0.0
2 532.0 2.0 54.8 53.8 4.8 0.0
0 558.0 2.0 56.2 82.2 4.8 0.0
3 413.25 0.0 56.0 84.0 5.0 0.0
3 1336.0 2.0 58.6 73.2 3.4 0.0
2 2914.2 2.0 54.0 69.2 6.0 0.0
0 620.0 2.0 68.0 66.0 5.0 0.0
1 1608.79310345 0.0 55.6 80.4 5.4 0.082
3 502.5625 2.0 65.0 70.0 9.0 0.0
3 383.0 2.0 55.4 66.0 6.0 0.0
1 621.5 0.0 60.0 78.0 9.0 0.02
2 532.0 3.0 56.0 76.6 8.6 0.306
3 462.25 1.0 68.0 71.0 7.0 0.0
2 1818.33333333 2.0 64.6 79.4 5.4 0.0
1 478.8 2.0 68.6 67.2 7.8 0.0
3 618.0 2.0 56.6 66.6 2.4 0.0
1 18727.2 0.0 52.4 62.2 7.0 0.002
3 397.4 0.0 51.0 69.0 2.0 0.0
1 600.142857143 1.0 65.6 57.4 6.6 0.0
1 569.0 0.0 51.0 65.0 3.0 0.0
0 497.0 2.0 57.4 72.2 3.0 0.0
2 390.6 3.0 61.0 86.0 12.0 1.43
3 399.857142857 0.0 74.0 43.0 5.0 0.0
2 1191.66666667 2.0 62.0 60.0 7.0 0.0
3 369.0 0.0 58.8 61.6 12.2 0.016
2 533.0 0.0 58.0 65.8 7.8 0.0
1 857.904761905 1.0 68.0 74.0 9.0 0.0
0 1059.0 1.0 61.0 78.0 11.0 0.0
1 609.14516129 0.0 54.0 83.0 3.0 0.0
0 305.0 0.0 57.0 74.0 14.0 0.0
2 936.4 0.0 58.0 63.0 7.0 0.0
1 402.0 3.0 47.8 64.8 1.0 0.0
3 749.5 0.0 58.0 72.0 12.0 0.0
2 871.25 0.0 58.0 83.0 15.0 0.99
2 607.333333333 0.0 64.0 61.2 11.6 0.0
1 830.5 0.0 67.8 57.8 6.6 0.0
0 623.0 3.0 53.0 60.0 3.0 0.0
1 548.25 0.0 58.4 58.2 8.2 0.0
3 461.8 1.0 64.8 65.8 7.2 0.0
2 597.833333333 0.0 58.8 65.8 6.2 0.006
3 641.8 2.0 56.2 82.2 4.8 0.0
1 500.511627907 1.0 68.0 66.8 7.8 0.0
1 668.142857143 2.0 57.8 61.4 2.4 0.0
2 550.0 3.0 50.0 61.0 2.0 0.0
1 580.571428571 1.0 73.0 68.8 5.6 0.0
1 772.115384615 3.0 50.6 72.8 4.2 0.0
3 419.7 2.0 60.0 86.0 7.0 0.2
2 578.8 0.0 50.0 58.0 5.0 0.0
2 531.423076923 0.0 54.0 71.0 4.0 0.0
2 547.0 3.0 50.2 54.2 8.2 0.0
0 314.5 0.0 58.0 77.0 9.0 0.0
2 349.0 0.0 61.0 69.0 16.0 0.0
2 1962.93333333 3.0 48.0 43.6 2.4 0.0
2 529.909090909 2.0 66.4 71.8 6.0 0.0
3 502.333333333 0.0 63.0 71.0 7.0 0.0
3 456.75 2.0 67.4 64.2 5.6 0.0
0 559.0 1.0 69.0 71.0 8.0 0.0
3 589.333333333 1.0 68.6 70.4 7.0 0.0
0 410.0 0.0 67.0 55.0 6.0 0.0
2 691.888888889 0.0 61.0 77.0 5.0 0.0
1 578.2 3.0 50.0 49.0 7.0 0.0
0 447.0 2.0 66.0 71.0 8.0 0.0
2 560.0 0.0 54.0 72.0 4.4 0.0
1 537.319148936 1.0 67.6 66.8 6.2 0.0
2 550.695652174 2.0 71.4 65.6 5.8 0.0
2 455.125 0.0 62.4 66.2 5.8 0.0
0 615.5 0.0 64.0 55.0 8.0 0.0
2 553.117647059 1.0 66.0 71.0 11.0 0.0
3 448.333333333 2.0 66.0 64.0 9.6 0.0
1 610.814814815 0.0 61.0 56.4 6.0 0.0
2 498.769230769 0.0 59.8 69.0 6.0 0.214
0 557.0 0.0 61.0 77.0 5.0 0.0
3 618.285714286 1.0 75.2 63.0 6.4 0.0
3 417.833333333 0.0 59.2 77.0 6.4 0.008
0 685.333333333 2.0 58.4 78.2 3.8 0.0
2 526.333333333 0.0 60.0 67.0 6.0 0.0
3 617.5 1.0 73.0 68.8 5.6 0.0
3 574.4 0.0 59.0 60.0 11.0 0.0
1 541.205882353 1.0 77.2 53.0 6.0 0.0
3 1505.0 0.0 61.0 69.0 6.0 0.0
2 559.0 1.0 65.2 65.6 9.8 0.0
2 506.05 0.0 52.8 70.0 1.8 0.0
3 563.5 1.0 67.0 75.0 7.0 0.0
2 504.45 2.0 63.2 68.8 8.8 0.0
1 688.850746269 0.0 60.0 70.0 6.0 0.0
0 724.0 2.0 55.0 73.0 3.0 0.0
3 573.333333333 3.0 53.2 82.6 12.2 0.564
3 10570.0 2.0 63.0 60.2 6.4 0.0
3 1344.0 2.0 76.2 52.8 4.2 0.0
2 710.222222222 2.0 69.2 70.4 5.0 0.0
2 1472.48 1.0 67.0 71.0 9.0 0.0
2 877.513513514 2.0 70.2 64.4 4.2 0.0
3 412.0 3.0 58.0 86.0 3.0 0.01
2 582.25 0.0 55.4 72.2 8.0 0.132
1 397.5 1.0 68.0 64.0 9.0 0.0
2 495.222222222 0.0 57.6 55.8 14.2 0.0
2 1032.66666667 1.0 70.0 73.2 9.0 0.0
2 610.689655172 0.0 58.0 60.0 18.0 0.0
3 1358.5 0.0 56.0 71.0 7.0 0.0
1 614.444444444 2.0 59.0 81.0 4.0 0.0
0 471.0 1.0 65.0 72.0 9.0 0.0
2 643.115384615 2.0 63.0 79.6 6.4 0.0
3 439.4 0.0 61.0 66.0 5.0 0.0
1 333.2 0.0 50.6 85.6 7.2 0.458
3 598.0 0.0 58.0 63.0 7.0 0.0
3 546.375 2.0 56.0 64.0 11.0 0.0
2 504.277777778 0.0 60.0 64.0 6.0 0.0
2 544.583333333 0.0 59.6 71.2 8.4 0.0
2 697.214285714 2.0 57.6 65.8 9.6 0.0
1 547.555555556 1.0 69.8 67.8 7.6 0.0
3 10577.4 2.0 68.0 65.8 9.0 0.0
2 496.178571429 0.0 55.0 74.0 4.0 0.0
1 626.382352941 0.0 53.0 73.0 3.0 0.0
3 555.5 3.0 50.4 66.2 1.4 0.0
1 606.333333333 2.0 60.6 63.0 4.2 0.0
1 525.0 2.0 69.0 66.0 9.0 0.0
2 795.363636364 0.0 56.0 73.0 7.0 0.036
3 4125.33333333 0.0 60.0 72.0 5.0 0.0
3 618.5 0.0 59.0 70.0 12.0 0.0
0 556.666666667 2.0 62.0 80.0 9.0 0.0
1 22207.0 1.0 68.0 70.0 7.8 0.0
2 553.705882353 1.0 68.6 70.2 8.2 0.0
2 615.285714286 2.0 56.4 79.2 4.6 0.208
2 490.75 2.0 57.8 61.4 2.4 0.0
3 506.555555556 0.0 55.4 72.6 2.8 0.0
1 456.5 1.0 67.0 73.0 9.0 0.0
2 547.076923077 1.0 62.6 66.8 8.0 0.0
3 346.0 3.0 50.0 66.6 8.4 0.0
1 873.5 0.0 58.0 67.0 3.0 0.0
3 495.666666667 1.0 67.4 68.4 8.6 0.0
3 551.5 1.0 65.2 65.6 9.8 0.0
0 211.0 3.0 51.0 69.0 14.0 0.0
2 523.125 1.0 67.2 69.8 9.4 0.004
0 1100.0 2.0 57.0 76.0 4.4 0.0
3 388.692307692 0.0 62.2 68.4 5.6 0.0
3 330.4 2.0 63.4 62.4 4.0 0.0
0 314.0 0.0 57.0 72.0 14.0 0.0
1 986.5 2.0 65.6 75.0 8.0 0.0
1 544.139534884 2.0 63.0 79.6 6.4 0.0
3 653.166666667 2.0 69.2 70.4 5.0 0.0
3 477.6 1.0 69.0 66.0 11.0 0.0
2 927.833333333 0.0 50.8 71.8 4.6 0.0
2 512.75 1.0 65.2 63.8 10.2 0.0
2 558.285714286 2.0 55.0 69.0 1.0 0.0
2 556.043478261 0.0 59.8 67.2 8.2 0.0
2 553.266666667 0.0 59.4 64.2 8.6 0.0
0 689.0 2.0 54.8 53.8 4.8 0.0
3 319.0 0.0 50.6 85.6 7.2 0.458
3 525.875 0.0 62.4 55.4 5.8 0.0
1 608.608695652 0.0 56.0 71.0 8.0 0.32
2 487.95 0.0 62.2 68.4 5.6 0.0
3 411.714285714 2.0 62.0 46.6 8.4 0.0
1 610.066666667 0.0 56.6 71.0 8.2 0.01
2 540.9375 2.0 62.0 68.0 9.0 0.0
2 523.454545455 2.0 57.0 50.0 6.0 0.0
3 740.75 3.0 57.8 82.0 3.2 0.0
3 393.714285714 0.0 47.0 70.0 4.2 0.0
2 542.208333333 0.0 67.2 36.4 7.4 0.0
0 595.0 0.0 59.0 65.0 13.0 0.74
0 528.0 0.0 58.0 68.0 11.0 0.0
0 591.0 2.0 64.0 62.0 7.0 0.0
1 575.75 0.0 43.0 66.0 2.0 0.0
3 734.0 0.0 60.0 68.0 7.0 0.0
2 738.833333333 2.0 69.0 36.0 5.0 0.0
2 563.733333333 0.0 59.8 69.0 9.0 0.0
3 534.375 0.0 57.8 68.0 9.0 0.0
3 542.0 0.0 57.0 77.0 15.0 0.14
3 442.25 1.0 67.6 66.8 6.2 0.0
1 524.2 2.0 60.0 66.0 7.0 0.0
2 575.470588235 1.0 64.4 66.2 7.8 0.0
1 1067.76315789 1.0 66.2 73.2 7.8 0.0
1 482.185185185 1.0 62.6 66.8 8.0 0.0
2 1476.5 3.0 54.0 64.0 1.0 0.0
1 583.15 2.0 64.0 71.0 9.0 0.0
1 601.0 2.0 72.2 63.6 5.0 0.0
2 1244.27272727 3.0 51.4 60.0 1.0 0.0
2 483.166666667 2.0 66.0 72.0 13.0 0.0
2 556.142857143 1.0 66.2 73.2 7.8 0.0
1 511.666666667 0.0 54.4 85.4 3.6 0.002
0 214.0 0.0 63.0 66.0 15.0 0.0
3 271.666666667 0.0 57.0 82.0 6.0 0.0
1 565.666666667 2.0 69.0 36.0 5.0 0.0
1 554.310810811 0.0 52.0 68.2 4.6 0.02
3 493.0 2.0 56.0 86.0 5.0 0.01
1 876.111111111 2.0 63.0 75.0 9.0 0.0
1 511.947368421 3.0 43.0 56.0 3.0 0.0
1 782.666666667 0.0 51.0 63.0 6.0 0.0
1 628.34 3.0 58.8 83.0 2.8 0.0
2 372.222222222 0.0 50.6 85.6 7.2 0.458
3 727.0 2.0 64.2 43.4 3.2 0.0
0 1590.0 2.0 67.0 72.0 9.0 0.0
0 706.0 0.0 57.4 81.4 8.6 0.296
1 462.5 3.0 45.0 65.0 9.0 0.29
1 848.5 0.0 62.0 62.0 5.0 0.0
3 653.5 2.0 69.0 53.0 4.0 0.0
3 445.5 3.0 44.4 63.8 1.4 0.0
1 588.75 2.0 67.0 43.6 4.4 0.0
1 2242.28571429 1.0 70.0 73.2 9.0 0.0
0 347.333333333 2.0 64.8 71.0 7.6 0.0
1 692.090909091 1.0 70.4 48.2 6.0 0.0
3 188.0 3.0 50.6 61.4 7.4 0.0
2 1159.0 0.0 62.8 67.0 6.4 0.0
2 308.111111111 0.0 55.4 74.8 4.8 0.0
0 465.0 0.0 50.0 58.0 5.0 0.0
2 527.578947368 0.0 55.0 56.0 9.0 0.0
0 646.5 2.0 69.0 69.0 8.0 0.0
3 553.5 0.0 60.2 70.0 6.6 0.0
2 527.1 2.0 58.4 70.0 2.8 0.0
1 251.0 3.0 57.0 76.6 12.4 1.982
2 655.0 0.0 52.6 72.0 5.2 0.032
3 488.0 2.0 67.2 35.6 2.4 0.0
2 630.222222222 1.0 75.0 53.0 8.0 0.0
2 469.0 0.0 57.4 67.2 5.6 0.0
0 632.0 0.0 51.0 73.0 5.0 0.0
3 343.2 0.0 66.4 59.8 4.0 0.0
0 521.333333333 2.0 64.2 43.4 3.2 0.0
1 614.063829787 1.0 70.2 73.6 8.4 0.0
1 592.673076923 0.0 59.8 69.0 6.0 0.214
0 514.0 2.0 70.0 62.0 7.0 0.0
1 486.5 0.0 57.0 74.0 12.0 0.0
2 390.0 2.0 56.0 72.0 9.0 0.0
2 591.769230769 1.0 66.4 65.0 9.0 0.0
1 963.78125 1.0 66.0 71.0 11.0 0.0
3 8399.0 2.0 62.0 65.0 9.0 0.0
0 642.0 0.0 58.0 71.0 6.0 0.0
2 643.5 1.0 65.8 72.0 9.0 0.0
1 545.541666667 1.0 68.6 68.4 7.0 0.0
3 603.2 2.0 56.0 82.0 10.0 0.0
1 498.703703704 0.0 60.8 68.2 6.8 0.0
1 568.679245283 0.0 54.0 35.0 7.0 0.0
2 801.135135135 0.0 56.0 65.6 5.8 0.014
1 548.365384615 0.0 62.4 62.8 4.4 0.0
3 280.0 0.0 54.0 83.0 3.0 0.0
3 1088.0 2.0 59.0 83.0 7.0 0.08
1 649.75 0.0 56.6 57.2 7.0 0.0
3 518.666666667 1.0 66.4 65.0 9.0 0.0
3 737.0 1.0 67.2 67.6 9.0 0.0
3 624.0 2.0 65.6 70.6 4.8 0.0
0 229.0 1.0 61.0 76.0 9.0 0.0
2 597.6 0.0 56.6 71.0 8.2 0.01
0 284.5 1.0 62.2 65.6 6.4 0.0
3 209.0 0.0 57.0 68.0 8.0 0.01
2 563.052631579 0.0 55.0 72.0 15.0 0.52
3 348.333333333 0.0 51.0 72.0 3.0 0.0
1 427.25 3.0 53.2 73.2 4.8 0.078
3 525.0 2.0 57.0 71.0 4.0 0.0
2 954.0 0.0 57.0 67.0 5.0 0.0
2 1098.05263158 0.0 58.2 62.0 6.8 0.0
1 562.724137931 1.0 64.6 71.4 6.4 0.0
1 518.1 0.0 56.4 45.6 2.4 0.0
2 383.222222222 2.0 58.8 46.6 3.0 0.0
1 846.857142857 2.0 67.2 40.2 2.8 0.002
3 482.0 0.0 61.6 42.8 10.6 0.0
0 579.666666667 0.0 57.4 53.0 6.2 0.0
1 227.0 0.0 50.8 71.8 4.6 0.0
0 508.0 0.0 53.0 76.6 5.0 0.004
2 422.4 0.0 60.2 60.0 5.4 0.0
1 594.5 1.0 68.0 71.0 8.0 0.0
3 384.6 3.0 58.0 90.0 9.0 1.18
3 566.444444444 0.0 50.0 60.8 1.2 0.0
2 733.0 0.0 59.0 61.0 4.0 0.0
3 1156.0 2.0 57.8 36.0 6.0 0.0
2 699.590909091 0.0 57.0 64.0 4.0 0.0
3 463.666666667 0.0 63.0 63.6 7.6 0.0
1 476.14893617 2.0 72.2 70.0 7.6 0.0
2 348.5 0.0 62.4 85.8 6.6 0.086
3 847.0 0.0 51.4 77.6 9.6 0.268
2 529.3 0.0 54.0 35.0 7.0 0.0
3 661.0 3.0 54.0 72.0 6.0 0.19
0 498.5 2.0 61.0 69.0 4.0 0.0
2 5113.0 3.0 51.4 63.4 1.2 0.0
2 456.0 0.0 59.0 50.0 8.0 0.0
3 617.5 1.0 66.0 69.0 11.0 0.0
3 505.7 0.0 59.0 73.0 7.0 0.0
0 683.0 2.0 61.0 80.0 8.0 0.32
3 432.1 2.0 67.0 53.0 6.0 0.0
3 514.777777778 0.0 53.0 78.0 3.0 0.0
3 354.4 0.0 61.6 64.8 8.2 0.004
3 460.0 3.0 47.0 62.0 5.0 0.0
1 471.0 0.0 54.0 83.0 3.0 0.0
2 602.5 0.0 70.0 47.0 6.0 0.0
2 538.882352941 1.0 69.8 67.8 7.6 0.0
2 3103.5 0.0 53.0 64.2 7.4 0.028
1 3074.15 3.0 50.0 50.0 5.0 0.0
2 546.333333333 2.0 60.6 68.2 3.8 0.0
2 593.545454545 0.0 53.4 81.8 4.6 0.004
0 450.0 1.0 66.6 73.2 7.4 0.0
1 503.773584906 2.0 58.0 68.0 4.0 0.0
3 470.0 2.0 57.0 69.0 4.0 0.0
0 225.0 2.0 69.2 70.4 6.8 0.0
2 580.0 2.0 52.2 73.6 3.2 0.0
3 595.8 0.0 55.6 85.8 5.0 0.006
3 590.5 1.0 62.0 73.0 10.0 0.0
3 688.0 0.0 51.6 66.2 8.6 0.0
0 360.5 1.0 64.0 73.0 10.0 0.0
2 501.333333333 2.0 61.0 52.0 0.0 0.0
1 269.0 1.0 68.0 69.8 7.2 0.0
0 380.0 0.0 59.0 71.0 9.0 0.02
0 572.0 2.0 57.0 71.0 4.0 0.0
3 490.333333333 0.0 58.8 65.8 6.2 0.006
0 506.0 0.0 57.0 79.0 5.0 0.0
0 240.0 3.0 52.0 86.0 3.0 0.0
1 1525.57142857 0.0 59.4 64.2 8.6 0.0
1 441.0 0.0 56.0 77.0 9.0 0.0
3 1330.8 1.0 75.0 53.0 8.0 0.0
2 636.681818182 2.0 70.6 65.6 4.4 0.0
1 629.85106383 2.0 69.2 53.0 4.8 0.0
0 352.5 0.0 55.6 61.4 3.8 0.0
3 452.307692308 3.0 51.4 60.0 1.0 0.0
1 520.27027027 1.0 69.6 66.0 7.0 0.0
2 685.25 2.0 68.0 65.8 9.0 0.0
1 486.590909091 2.0 66.0 64.0 9.6 0.0
0 1056.0 2.0 76.2 52.8 4.2 0.0
0 986.0 1.0 67.0 69.0 13.0 0.0
3 453.0 2.0 58.0 66.0 7.0 0.0
3 427.666666667 2.0 56.8 88.4 5.4 0.348
1 3787.6 2.0 55.0 71.0 4.0 0.0
2 424.869565217 0.0 55.0 69.0 3.0 0.0
1 519.222222222 0.0 56.0 79.0 9.0 0.01
2 604.4 3.0 41.0 60.2 1.2 0.0
3 532.125 0.0 57.0 78.0 8.0 0.0
3 324.8 2.0 67.0 43.6 4.4 0.0
3 314.0 1.0 65.6 71.4 9.4 0.0
1 1047.45454545 1.0 70.4 73.2 7.4 0.0
1 1415.75 0.0 57.0 68.0 8.0 0.01
2 5420.66666667 1.0 65.6 72.4 6.8 0.0
3 420.0 0.0 60.2 76.8 6.4 0.0
3 445.0 3.0 56.0 84.0 3.0 0.0
1 506.807692308 3.0 60.8 84.2 10.8 0.93
1 532.76 3.0 51.4 60.0 1.0 0.0
2 487.846153846 1.0 67.6 66.8 6.2 0.0
2 494.4 1.0 64.0 65.0 8.0 0.0
1 247.75 3.0 43.8 63.8 8.6 0.064
0 210.0 0.0 61.4 65.8 4.2 0.0
0 687.0 0.0 58.0 82.0 9.0 0.0
1 560.3 0.0 53.2 55.0 1.8 0.0
1 615.015625 0.0 57.8 47.8 6.8 0.0
3 393.666666667 0.0 64.0 55.0 8.0 0.0
1 602.586206897 2.0 65.2 72.2 3.2 0.002
3 409.625 1.0 64.0 76.0 11.0 0.0
1 556.137931034 1.0 69.0 68.6 8.0 0.0
1 540.578947368 0.0 57.0 55.0 5.0 0.0
1 1829.08695652 0.0 53.6 82.6 3.0 0.0
2 267.5 0.0 57.0 74.0 12.0 0.0
2 865.0 1.0 68.0 75.0 11.0 0.0
2 515.4 1.0 70.2 73.6 8.4 0.0
0 321.0 1.0 64.6 71.4 6.4 0.0
2 395.714285714 0.0 59.0 60.0 11.0 0.0
2 776.333333333 2.0 55.0 71.0 4.0 0.0
2 473.0 3.0 53.0 80.4 6.0 0.104
3 4769.16666667 0.0 50.0 58.0 5.0 0.0
0 508.6 2.0 67.0 53.0 6.0 0.0
3 618.5 0.0 58.0 65.0 6.0 0.0
3 421.8 1.0 74.2 60.2 6.0 0.0
3 482.0 0.0 48.8 70.8 5.8 0.0
0 331.0 0.0 57.0 67.0 5.0 0.0
2 859.0 0.0 56.8 54.4 1.8 0.0
1 535.442307692 0.0 57.0 57.0 13.0 0.0
2 748.25 3.0 50.4 63.0 1.8 0.0
3 470.25 1.0 65.2 63.8 10.2 0.0
2 579.833333333 2.0 56.2 69.6 4.2 0.0
1 295.285714286 1.0 69.6 56.8 6.8 0.0
0 682.0 3.0 56.0 85.0 12.0 0.25
1 1656.6 2.0 63.8 75.4 8.2 0.0
0 627.0 3.0 60.0 87.0 5.0 0.01
3 986.75 2.0 65.8 68.8 5.6 0.0
3 648.833333333 1.0 66.2 73.2 7.8 0.0
3 201.0 2.0 74.0 46.0 4.0 0.0
3 510.333333333 0.0 55.0 69.0 3.0 0.0
2 549.666666667 0.0 54.2 54.4 3.0 0.0
2 561.5 2.0 56.0 88.0 4.0 0.32
3 432.75 2.0 56.0 64.8 3.4 0.0
1 933.034482759 0.0 51.2 78.0 9.0 0.302
3 470.8 0.0 62.8 67.0 3.4 0.0
0 240.0 0.0 56.8 79.6 10.8 0.544
2 844.0 0.0 59.0 75.0 9.0 0.0
1 522.25 1.0 67.2 69.8 9.4 0.004
1 523.875 0.0 56.0 48.0 2.0 0.0
3 459.142857143 0.0 54.0 72.0 4.4 0.0
3 272.0 0.0 54.0 68.6 5.8 0.0
3 408.142857143 2.0 61.0 69.0 4.0 0.0
3 216.0 0.0 60.0 73.0 10.0 0.0
2 549.545454545 0.0 57.0 55.0 5.0 0.0
2 2858.0 2.0 72.4 50.0 3.8 0.0
2 540.454545455 0.0 59.4 47.4 4.0 0.0
2 605.090909091 0.0 58.0 64.0 12.0 0.0
1 2509.0 1.0 69.0 66.0 11.0 0.0
3 475.0 1.0 61.0 78.0 11.0 0.0
2 462.142857143 1.0 68.8 70.2 7.2 0.0
0 704.666666667 2.0 57.0 73.0 9.0 0.0
3 372.5 2.0 67.0 58.0 10.0 0.0
2 646.5 0.0 58.0 70.0 8.0 0.0
2 495.285714286 1.0 68.0 69.0 9.0 0.0
3 412.142857143 0.0 53.0 76.6 5.0 0.004
3 1031.0 1.0 66.2 71.4 8.4 0.0
0 881.0 2.0 64.6 79.4 5.4 0.0
2 540.0 0.0 60.4 62.0 10.8 0.0
3 468.666666667 0.0 57.8 75.4 10.6 0.762
3 745.0 0.0 59.0 63.0 4.0 0.0
1 438.333333333 0.0 58.0 77.0 12.0 0.63
2 661.5 2.0 53.8 54.2 2.2 0.0
1 521.333333333 0.0 53.0 84.0 5.0 0.0
2 971.8 2.0 68.8 64.2 7.2 0.342
1 378.6 0.0 53.4 70.4 7.4 0.0
2 703.0 0.0 53.0 76.0 13.0 0.57
0 414.0 0.0 57.0 63.0 12.0 0.0
1 930.183673469 0.0 57.4 53.0 6.2 0.0
2 577.913043478 2.0 66.0 79.0 7.0 0.0
3 195.0 0.0 53.0 74.0 12.0 0.85
3 320.0 0.0 61.0 77.0 22.0 0.91
0 610.333333333 2.0 60.0 61.0 3.0 0.0
1 619.5 3.0 62.0 86.0 6.0 0.11
1 535.470588235 0.0 54.2 54.4 3.0 0.0
1 529.903225806 0.0 55.4 74.8 4.8 0.0
3 200.0 0.0 61.0 53.0 12.0 0.0
1 683.258064516 0.0 61.6 42.8 10.6 0.0
2 567.0 0.0 59.0 76.6 7.0 0.0
1 419.1875 0.0 49.6 73.2 3.0 0.0
1 333.333333333 0.0 51.2 68.6 5.8 0.0
1 568.309090909 2.0 63.0 74.0 6.0 0.0
2 614.16 0.0 58.0 70.0 3.0 0.0
2 577.0 0.0 55.0 65.0 2.0 0.0
3 496.090909091 0.0 57.0 72.0 14.0 0.0
2 444.1 0.0 55.2 68.0 6.0 0.048
2 561.291666667 0.0 51.0 69.0 2.0 0.0
1 562.983333333 0.0 59.0 73.0 9.0 0.0
1 641.666666667 2.0 69.0 32.0 6.6 0.0
3 451.5 0.0 58.4 63.4 8.4 0.0
2 188.0 0.0 60.0 66.4 7.4 0.0
0 319.0 1.0 61.2 63.2 9.4 0.0
1 5793.25 2.0 64.6 73.0 4.4 0.0
3 411.666666667 0.0 60.0 45.0 2.0 0.0
1 387.6 3.0 48.0 60.0 3.0 0.0
2 574.909090909 2.0 65.2 42.4 2.4 0.0
1 629.592592593 2.0 63.0 60.2 6.4 0.0
2 504.533333333 2.0 67.4 74.0 6.8 0.0
2 588.8125 2.0 69.6 68.8 4.8 0.0
2 1104.0 0.0 47.8 69.0 1.0 0.0
0 364.0 0.0 54.0 75.0 8.0 0.15
3 508.75 0.0 71.0 45.0 6.0 0.0
1 531.0 1.0 63.0 74.0 12.0 0.0
2 542.75 2.0 64.0 75.0 4.0 0.01
2 1033.46153846 0.0 51.2 61.6 0.8 0.0
2 5585.0 1.0 66.6 73.2 7.4 0.0
3 460.0 0.0 57.6 55.8 14.2 0.0
3 299.333333333 2.0 57.0 73.0 4.4 0.0
1 502.142857143 0.0 60.2 72.8 2.4 0.0
2 329.8 1.0 65.0 73.0 10.0 0.0
0 680.0 2.0 56.0 64.0 11.0 0.0
3 658.4 0.0 53.0 76.0 13.0 0.57
1 671.638297872 0.0 60.0 45.0 7.8 0.0
1 530.136363636 2.0 65.0 64.6 9.6 0.0
3 451.3 3.0 44.4 59.4 1.4 0.0
1 571.071428571 2.0 57.6 65.8 9.6 0.0
1 1034.26666667 3.0 59.6 79.4 7.4 0.002
0 470.0 3.0 53.0 52.0 12.0 0.0
1 536.885714286 0.0 57.0 74.4 5.6 0.0
3 830.5 0.0 51.2 61.6 0.8 0.0
1 646.333333333 0.0 62.8 65.8 9.0 0.0
3 278.0 1.0 64.0 76.0 10.0 0.0
1 626.069767442 1.0 64.0 76.0 11.0 0.0
2 461.5 3.0 56.0 84.0 3.0 0.0
2 484.125 0.0 53.0 78.0 3.0 0.0
2 598.666666667 0.0 63.0 69.0 6.0 0.0
1 693.181818182 0.0 60.0 54.0 5.0 0.0
2 696.571428571 1.0 71.0 68.0 6.2 0.0
1 924.176470588 1.0 64.8 74.6 8.4 0.0
0 962.0 3.0 58.0 86.0 3.0 0.01
3 672.8 1.0 70.4 73.2 7.4 0.0
0 504.0 0.0 63.0 63.0 9.0 0.01
2 1070.52941176 1.0 68.0 66.0 7.4 0.0
0 546.666666667 0.0 57.0 60.0 4.0 0.0
0 532.5 0.0 55.0 65.0 8.0 0.01
3 675.4 1.0 68.0 70.4 8.0 0.0
1 642.343283582 0.0 59.0 71.0 10.0 0.05
0 593.0 2.0 59.6 78.8 3.6 0.004
3 6657.83333333 1.0 64.8 74.6 8.4 0.0
1 722.674418605 2.0 61.8 69.2 3.4 0.0
2 491.555555556 0.0 63.0 63.0 9.0 0.01
1 451.363636364 2.0 55.0 69.0 1.0 0.0
3 383.0 0.0 51.2 68.6 5.8 0.0
0 646.333333333 2.0 54.0 55.0 5.0 0.0
1 666.666666667 0.0 57.0 60.0 2.0 0.0
2 511.625 0.0 56.2 47.0 1.8 0.0
2 257.0 0.0 51.0 63.0 6.0 0.0
1 636.0 0.0 59.4 69.8 10.0 0.054
1 8165.0 0.0 65.6 60.0 4.0 0.0
3 465.363636364 2.0 62.0 80.0 9.0 0.0
0 548.5 2.0 61.4 61.0 3.6 0.0
1 442.68 0.0 50.0 84.0 3.0 0.0
3 579.363636364 2.0 60.0 72.0 5.0 0.0
0 562.0 0.0 55.0 80.0 14.0 0.0
0 557.0 1.0 65.6 57.4 6.6 0.0
2 2549.16666667 2.0 62.0 80.0 15.0 0.0
3 456.647058824 2.0 64.8 64.6 2.4 0.0
3 486.75 2.0 62.0 64.2 3.4 0.0
2 539.416666667 3.0 43.0 45.0 4.0 0.0
3 520.6 1.0 69.0 73.0 6.8 0.0
3 487.363636364 2.0 62.0 77.0 7.0 0.0
2 652.7 0.0 51.0 65.0 3.0 0.0
1 2373.5 0.0 51.6 66.2 8.6 0.0
3 477.4 0.0 55.0 56.0 3.0 0.0
0 533.0 0.0 67.0 70.0 6.0 0.0
0 508.0 2.0 65.0 72.0 7.0 0.0
3 673.142857143 2.0 68.0 58.0 4.0 0.0
1 543.318181818 1.0 68.8 70.2 7.2 0.0
1 613.888888889 1.0 64.4 66.2 7.8 0.0
2 492.894736842 0.0 55.4 72.6 2.8 0.0
3 563.0 1.0 65.0 74.0 9.0 0.0
1 643.595238095 0.0 55.0 86.0 5.0 0.0
0 634.0 0.0 46.0 68.0 3.0 0.0
1 395.0 0.0 67.4 59.0 6.8 0.0
3 524.375 0.0 59.0 71.0 10.0 0.05
1 424.769230769 0.0 56.0 69.0 8.0 0.0
1 661.267857143 0.0 54.0 71.0 4.0 0.0
3 467.166666667 0.0 62.0 57.0 9.0 0.0
1 577.5 2.0 56.0 56.0 5.0 0.0
1 553.25 2.0 54.8 53.8 4.8 0.0
3 601.0 1.0 69.2 67.4 8.4 0.0
0 531.0 0.0 59.0 81.0 5.0 0.0
3 960.0 0.0 58.4 81.6 3.2 0.0
3 519.375 2.0 69.0 66.0 9.0 0.0
3 409.25 1.0 64.2 69.0 7.8 0.0
2 748.625 2.0 70.0 40.0 5.0 0.01
0 1359.75 0.0 59.2 60.6 9.4 0.0
3 622.0 0.0 63.8 72.2 7.8 0.0
3 445.444444444 0.0 57.2 74.2 7.8 0.19
2 775.0 1.0 64.0 69.0 12.0 0.0
3 602.1 1.0 71.0 69.0 7.6 0.0
2 567.888888889 0.0 73.0 53.0 5.0 0.0
0 219.0 0.0 55.8 81.4 3.4 0.006
3 722.333333333 0.0 57.0 60.0 2.0 0.0
3 573.666666667 2.0 60.8 58.6 3.2 0.0
2 552.1875 0.0 60.0 69.2 13.0 0.0
1 759.5 0.0 64.6 67.0 8.2 0.0
0 447.0 1.0 70.0 68.0 9.0 0.0
1 245.5 0.0 53.0 62.0 3.0 0.0
2 15519.25 0.0 65.2 58.0 5.2 0.0
1 539.484848485 1.0 67.8 72.0 8.6 0.0
1 556.833333333 0.0 60.0 66.4 7.4 0.0
2 519.428571429 2.0 59.2 62.4 4.2 0.0
1 659.285714286 3.0 60.6 76.8 3.6 0.002
2 874.0 1.0 70.6 60.2 6.2 0.0
3 305.333333333 0.0 53.0 62.0 3.0 0.0
1 557.871428571 0.0 56.0 65.6 5.8 0.014
3 494.888888889 2.0 55.0 93.0 4.0 0.66
3 633.833333333 2.0 69.2 70.4 6.8 0.0
3 322.5 0.0 59.0 63.0 9.0 0.0
3 686.0 0.0 54.2 54.4 3.0 0.0
1 601.686567164 3.0 60.0 84.0 4.0 0.0
1 513.333333333 3.0 50.0 66.6 8.4 0.0
3 528.181818182 0.0 60.0 67.0 9.0 0.0
2 471.0 3.0 43.8 63.8 8.6 0.064
1 336.0 2.0 55.2 75.8 7.8 0.002
1 585.818181818 1.0 74.2 60.2 6.0 0.0
0 433.0 0.0 57.0 64.0 4.0 0.0
3 361.5 2.0 62.0 77.0 16.0 0.0
1 559.793103448 2.0 63.4 62.4 4.0 0.0
3 454.5 2.0 53.8 70.8 1.2 0.0
2 782.181818182 0.0 57.0 78.0 8.0 0.0
0 727.0 2.0 62.0 68.0 9.0 0.01
0 365.0 0.0 57.0 48.0 13.0 0.0
1 564.65625 0.0 60.0 73.0 6.0 0.26
1 514.405405405 3.0 56.0 74.6 6.2 0.0
2 652.5 2.0 57.8 77.2 3.4 0.0
1 806.673469388 0.0 58.0 71.0 6.0 0.0
1 717.0 0.0 50.8 80.8 2.8 0.0
1 602.859375 0.0 61.0 66.0 4.0 0.0
2 725.0 0.0 57.0 60.0 4.0 0.0
3 356.8 2.0 62.0 68.0 9.0 0.01
0 479.0 0.0 57.0 72.0 14.0 0.01
2 642.4 0.0 63.0 71.0 7.0 0.0
3 528.6 0.0 56.0 75.0 6.0 0.0
1 690.62962963 2.0 62.0 61.0 5.0 0.0
3 478.125 2.0 68.0 66.0 5.0 0.0
2 617.222222222 3.0 44.0 49.0 8.0 0.0
2 553.0 0.0 57.0 77.0 15.0 0.14
1 588.62195122 0.0 60.0 68.0 7.0 0.0
2 536.357142857 1.0 68.0 71.2 8.4 0.0
1 606.333333333 0.0 63.0 64.0 16.0 0.0
1 628.176470588 0.0 63.0 60.4 4.2 0.0
1 588.65 2.0 59.0 50.6 1.2 0.0
1 603.896551724 2.0 62.0 64.2 3.4 0.0
1 853.420289855 0.0 58.0 68.4 9.0 0.0
3 467.6 0.0 72.8 36.6 5.0 0.0
2 497.071428571 0.0 62.2 64.0 11.6 0.0
2 555.130434783 0.0 56.0 76.0 6.0 0.0
3 511.714285714 0.0 59.0 67.0 7.0 0.0
2 457.285714286 0.0 48.8 70.8 5.8 0.0
2 726.4 0.0 55.4 68.6 7.4 0.008
0 1112.5 1.0 67.6 75.4 7.2 0.0
3 557.714285714 0.0 67.0 55.0 6.0 0.0
3 550.0 0.0 63.0 65.0 12.0 0.0
0 584.0 1.0 67.0 69.0 11.0 0.0
2 564.086956522 0.0 52.0 69.0 5.0 0.0
1 575.0 2.0 65.6 70.6 4.8 0.0
1 654.565217391 0.0 58.8 70.0 6.8 0.0
3 555.714285714 2.0 59.0 50.6 1.2 0.0
0 363.0 0.0 55.0 77.0 5.0 0.0
1 549.655172414 0.0 62.4 66.2 5.8 0.0
1 566.953488372 0.0 56.0 63.0 7.0 0.0
0 451.0 3.0 59.0 86.0 10.0 0.0
3 347.333333333 0.0 59.0 89.0 8.0 0.0
1 576.266666667 2.0 62.8 61.0 6.2 0.0
1 608.793103448 2.0 68.6 56.8 5.0 0.0
1 541.029411765 2.0 65.2 72.6 5.0 0.0
0 435.0 1.0 75.0 53.0 8.0 0.0
1 570.378378378 0.0 59.0 58.0 6.0 0.0
2 563.8 2.0 67.0 40.0 5.0 0.0
3 528.666666667 0.0 56.0 56.0 9.0 0.0
3 472.0 2.0 60.0 66.0 7.0 0.0
1 407.2 2.0 54.6 59.4 5.2 0.0
1 1488.67857143 0.0 58.0 65.0 6.0 0.0
3 424.25 0.0 54.0 67.0 11.0 0.0
2 753.333333333 2.0 65.0 70.0 9.0 0.0
1 547.322580645 1.0 66.4 65.0 9.0 0.0
2 562.851851852 2.0 65.4 76.0 6.2 0.32
1 495.148148148 0.0 55.8 76.6 2.2 0.0
3 516.615384615 0.0 57.8 47.8 6.8 0.0
1 525.571428571 2.0 68.2 75.2 5.8 0.0
2 524.761904762 0.0 58.4 71.0 2.2 0.0
3 484.142857143 0.0 55.4 74.8 4.8 0.0
1 561.269230769 0.0 60.6 79.8 5.0 0.0
0 557.0 0.0 61.0 77.0 22.0 0.91
1 427.0 0.0 52.6 72.0 5.2 0.032
2 644.461538462 2.0 60.0 72.0 8.0 0.0
1 578.857142857 2.0 60.0 70.0 6.0 0.0
3 586.565217391 2.0 65.2 72.6 5.0 0.0
0 450.0 0.0 58.0 70.0 3.0 0.0
3 753.666666667 0.0 59.0 73.0 8.0 0.0
1 548.578947368 0.0 51.0 73.0 6.0 0.0
2 559.9 2.0 67.6 59.4 5.4 0.0
1 570.723404255 2.0 56.0 80.2 3.0 0.002
3 476.285714286 0.0 59.8 67.2 8.2 0.0
3 918.857142857 2.0 57.6 71.6 5.6 0.0
1 1146.14583333 2.0 62.0 77.0 7.0 0.0
1 653.0625 0.0 58.2 62.0 6.8 0.0
1 564.5 2.0 60.0 86.0 7.0 0.2
1 503.0 0.0 54.6 52.0 3.4 0.0
2 494.9 0.0 60.0 72.0 5.0 0.0
2 523.818181818 2.0 61.0 56.0 4.0 0.11
3 347.75 3.0 56.0 81.0 6.0 0.0
1 817.0 2.0 72.0 57.2 3.6 0.0
2 470.0 1.0 64.8 65.8 7.2 0.0
1 485.137931034 3.0 60.4 82.8 6.4 0.028
3 525.666666667 1.0 66.0 69.4 7.6 0.0
1 556.428571429 3.0 56.0 84.0 3.0 0.0
3 428.0 3.0 49.0 76.0 3.0 0.0
1 555.189655172 2.0 63.0 72.0 8.0 0.0
2 506.3 2.0 56.2 82.2 4.8 0.0
0 632.0 2.0 52.0 66.0 2.0 0.0
3 373.0 2.0 53.0 69.2 1.0 0.0
0 700.5 2.0 57.8 77.2 3.4 0.0
1 430.0 0.0 55.0 74.0 12.0 0.57
3 666.333333333 1.0 70.8 58.2 8.2 0.0
1 539.45 0.0 66.0 26.0 16.0 0.0
1 683.166666667 0.0 62.0 63.4 4.6 0.0
2 609.222222222 2.0 57.8 36.0 6.0 0.0
2 784.136363636 1.0 62.0 67.0 9.0 0.0
2 616.181818182 0.0 58.0 68.4 9.0 0.0
3 691.5 2.0 72.4 50.0 3.8 0.0
2 559.75 0.0 55.0 77.0 5.0 0.0
3 643.666666667 0.0 60.0 61.0 8.0 0.0
3 371.0 0.0 56.4 45.6 2.4 0.0
3 451.0 0.0 53.4 52.6 2.2 0.0
0 170.0 2.0 60.0 72.0 8.0 0.0
0 803.0 0.0 54.0 83.0 3.0 0.0
1 468.789473684 2.0 56.4 79.2 4.6 0.208
2 470.777777778 2.0 55.0 83.0 9.0 0.0
2 502.0 1.0 67.0 69.0 11.0 0.0
1 615.4 3.0 54.0 64.0 1.0 0.0
2 1403.5 1.0 67.0 73.0 9.0 0.0
0 635.0 0.0 54.0 67.0 11.0 0.0
0 302.0 0.0 55.0 77.0 7.0 0.0
0 641.5 0.0 58.0 72.0 5.0 0.02
3 494.6 1.0 68.6 58.8 7.0 0.0
1 498.285714286 0.0 47.0 70.0 4.2 0.0
3 345.75 2.0 72.0 47.0 5.0 0.0
2 566.454545455 0.0 62.0 65.0 16.0 0.0
2 656.5 0.0 42.8 69.4 2.0 0.0
2 481.466666667 3.0 58.2 86.0 7.0 0.94
2 812.25 0.0 64.2 44.2 9.0 0.0
1 504.428571429 2.0 71.0 55.0 5.0 0.0
3 501.666666667 1.0 69.4 72.8 7.6 0.0
1 560.708333333 0.0 58.0 75.0 9.0 0.0
2 704.75 0.0 52.0 74.2 2.6 0.0
1 546.692307692 0.0 46.4 51.4 13.6 0.0
1 697.0 1.0 65.0 72.0 9.0 0.0
2 580.636363636 3.0 50.6 72.8 4.2 0.0
2 910.222222222 1.0 73.0 68.8 5.6 0.0
0 301.0 0.0 58.0 70.0 10.0 0.0
3 462.0 1.0 68.0 53.0 7.0 0.0
3 398.25 1.0 66.2 62.2 7.6 0.0
2 546.8 0.0 57.0 87.0 4.0 0.0
1 1170.42857143 2.0 56.8 88.4 5.4 0.348
3 252.5 3.0 50.0 50.0 5.0 0.0
2 474.25 0.0 54.0 63.0 13.0 0.0
2 547.086956522 2.0 72.0 47.0 5.0 0.0
3 449.6 0.0 57.0 64.0 4.0 0.0
1 520.15 1.0 65.2 63.8 10.2 0.0
2 524.272727273 2.0 62.6 74.2 6.0 0.006
3 586.857142857 0.0 49.0 87.0 2.0 0.0
1 561.262295082 0.0 60.0 74.0 9.6 0.0
1 884.0 1.0 65.6 69.8 8.6 0.0
2 789.333333333 2.0 68.6 71.2 7.2 0.0
3 748.5 0.0 63.0 70.0 6.0 0.0
1 447.0 0.0 55.0 54.0 2.0 0.0
2 534.382352941 2.0 69.8 67.6 6.6 0.0
1 585.081081081 2.0 62.0 68.0 9.0 0.0
3 283.6 0.0 53.2 55.0 1.8 0.0
1 574.979166667 1.0 65.2 65.6 9.8 0.0
0 331.0 1.0 62.6 66.8 8.0 0.0
0 563.0 0.0 56.0 80.0 6.0 0.0
3 457.333333333 0.0 47.4 70.4 4.6 0.022
1 669.6 3.0 48.0 71.2 2.2 0.0
1 734.916666667 0.0 58.8 61.6 12.2 0.016
2 1078.72727273 0.0 59.0 73.0 3.0 0.0
1 843.466666667 3.0 55.8 80.6 9.4 0.114
2 530.666666667 3.0 53.0 87.0 3.0 0.48
1 532.3 0.0 67.0 49.6 6.0 0.0
0 223.0 1.0 69.8 71.2 6.6 0.0
0 648.0 2.0 68.0 56.0 7.0 0.0
0 421.0 0.0 60.0 64.0 6.0 0.0
2 442.166666667 0.0 57.0 55.4 3.2 0.0
1 476.5 1.0 70.0 61.0 7.0 0.0
1 2809.26829268 1.0 67.6 72.0 7.6 0.0
1 483.25 0.0 54.0 84.4 3.6 0.0
2 495.0 3.0 53.0 85.0 14.0 1.09
1 589.448275862 2.0 66.4 71.8 6.0 0.0
1 519.048387097 0.0 57.0 74.0 14.0 0.0
2 559.714285714 0.0 55.6 80.4 5.4 0.082
2 452.714285714 0.0 59.0 71.0 9.0 0.02
1 648.0 1.0 62.2 65.6 6.4 0.0
1 590.295081967 0.0 52.8 71.0 4.4 0.0
1 1651.68292683 1.0 67.6 71.0 8.0 0.0
2 523.5 0.0 47.0 70.0 4.2 0.0
0 222.0 2.0 64.8 78.0 6.2 0.0
2 4969.0 2.0 63.0 70.0 10.0 0.0
3 387.625 0.0 57.0 57.0 13.0 0.0
0 233.0 1.0 68.2 68.8 8.0 0.0
1 717.1 0.0 41.0 64.0 4.0 0.0
1 714.285714286 0.0 58.4 81.4 4.2 0.0
0 627.5 0.0 75.0 43.0 6.0 0.0
3 350.333333333 2.0 70.6 73.4 6.6 0.002
0 273.0 2.0 65.0 76.0 13.0 0.23
3 21371.6666667 0.0 56.0 68.0 19.0 0.0
0 723.636363636 2.0 70.0 51.0 6.0 0.0
0 738.8 2.0 60.0 72.0 5.0 0.0
3 869.0 2.0 63.0 75.0 9.0 0.0
3 472.833333333 1.0 60.0 73.0 10.0 0.0
2 408.866666667 1.0 68.0 67.0 10.0 0.0
3 448.0 2.0 56.0 69.6 4.0 0.0
1 758.0 2.0 69.2 70.4 5.0 0.0
1 502.627906977 2.0 57.0 82.0 6.0 0.0
1 4924.42857143 0.0 68.6 59.6 3.6 0.0
1 936.0 0.0 60.6 83.2 11.4 0.456
1 1819.5 2.0 65.0 64.0 6.0 0.0
0 564.0 2.0 51.6 69.0 1.4 0.0
2 2815.66666667 1.0 69.2 68.4 6.2 0.0
2 390.25 0.0 58.0 63.0 7.0 0.0
1 526.666666667 0.0 59.0 89.0 8.0 0.0
2 526.777777778 0.0 47.6 69.0 2.0 0.0
3 480.0 2.0 60.0 81.0 4.0 0.01
3 534.818181818 2.0 65.0 74.0 7.0 0.0
2 455.260869565 2.0 70.6 73.4 6.6 0.002
1 738.0 0.0 45.0 72.0 3.0 0.0
1 710.0 0.0 61.4 65.8 4.2 0.0
3 622.833333333 1.0 70.0 68.0 9.0 0.0
0 512.333333333 2.0 60.0 70.0 6.0 0.0
3 565.6 3.0 53.0 87.0 3.0 0.48
2 224.0 0.0 57.0 68.0 7.0 0.0
1 618.681818182 0.0 70.0 48.0 5.2 0.0
2 1149.33333333 0.0 59.6 71.6 7.0 0.0
2 506.411764706 2.0 64.0 73.6 6.2 0.0
1 301.0 1.0 65.0 72.0 11.0 0.0
1 859.25 0.0 58.6 75.4 4.8 0.0
2 500.076923077 0.0 54.0 68.6 5.8 0.0
1 817.5 0.0 63.6 70.6 8.0 0.0
1 549.225806452 2.0 55.0 65.0 2.0 0.0
1 545.136363636 2.0 63.2 68.8 8.8 0.0
3 205.0 0.0 58.0 64.0 8.0 0.0
2 659.666666667 0.0 61.6 64.8 8.2 0.004
2 528.384615385 0.0 67.0 70.0 6.0 0.0
2 536.555555556 0.0 52.4 62.2 7.0 0.002
0 282.5 1.0 64.4 66.2 7.8 0.0
3 220.0 0.0 55.0 81.0 8.0 0.0
2 912.375 0.0 56.4 67.4 4.2 0.0
0 462.0 0.0 53.0 71.0 5.0 0.0
1 561.371428571 1.0 63.2 70.4 9.6 0.0
3 682.428571429 2.0 66.0 71.0 8.0 0.0
1 584.974358974 1.0 71.4 69.4 5.8 0.0
2 567.15 0.0 58.0 77.0 9.0 0.0
2 509.727272727 0.0 65.0 68.0 5.0 0.0
2 538.823529412 1.0 69.6 73.6 6.0 0.0
1 961.0 2.0 65.0 76.0 13.0 0.23
2 592.151515152 2.0 59.8 85.6 5.8 0.194
1 1974.0 2.0 61.0 79.0 2.0 0.0
1 602.5 0.0 48.8 70.8 5.8 0.0
2 583.777777778 3.0 44.4 59.4 1.4 0.0
2 606.166666667 0.0 58.4 81.6 3.2 0.0
3 785.666666667 0.0 45.8 74.0 2.4 0.0
2 1629.72727273 1.0 68.0 67.0 11.0 0.0
0 483.0 0.0 53.0 68.0 8.0 0.0
3 443.0 2.0 70.0 62.0 7.0 0.0
0 625.666666667 0.0 56.0 75.0 6.0 0.0
1 525.947368421 2.0 61.0 68.0 6.0 0.0
3 406.666666667 0.0 57.0 55.0 5.0 0.0
1 554.76 0.0 62.0 64.0 8.0 0.0
2 337.333333333 2.0 52.2 67.0 2.0 0.0
3 499.142857143 0.0 51.0 73.0 6.0 0.0
0 648.0 0.0 56.0 71.0 9.0 0.0
1 446.4 0.0 59.4 60.4 3.6 0.0
2 6412.0 2.0 70.0 64.0 7.0 0.0
3 432.5 0.0 55.0 65.0 8.0 0.01
1 469.84 0.0 52.6 66.8 2.6 0.0
3 432.0 1.0 64.4 66.2 7.8 0.0
3 525.090909091 0.0 62.4 62.8 4.4 0.0
3 844.375 0.0 58.0 68.0 2.0 0.0
3 647.166666667 2.0 65.0 76.0 13.0 0.23
1 1361.66666667 0.0 53.0 63.0 10.0 0.0
2 640.923076923 2.0 55.6 64.6 6.4 0.002
2 307.6 2.0 53.0 72.2 2.0 0.0
2 863.333333333 0.0 63.0 57.2 7.8 0.0
3 572.5 0.0 63.0 71.0 8.0 0.0
1 709.666666667 2.0 56.0 88.0 4.0 0.32
2 473.363636364 0.0 63.0 60.4 4.2 0.0
3 459.0 0.0 54.0 63.0 12.0 0.0
0 456.0 2.0 71.8 53.2 3.8 0.0
2 607.470588235 0.0 51.0 73.0 6.0 0.0
1 554.0 0.0 63.2 62.2 5.6 0.0
3 678.375 0.0 56.2 80.4 3.6 0.0
2 478.833333333 0.0 46.4 51.4 13.6 0.0
1 528.318181818 0.0 59.2 77.0 6.4 0.008
1 882.277777778 3.0 58.2 86.0 7.0 0.94
2 782.0 2.0 63.4 76.6 6.2 0.35
2 1316.77777778 0.0 59.4 67.6 8.2 0.0
0 248.0 1.0 67.8 73.0 7.2 0.0
2 1627.375 0.0 61.4 71.8 6.4 0.012
3 489.0 3.0 50.0 49.0 7.0 0.0
1 1194.67307692 0.0 60.2 65.0 8.6 0.0
1 634.150943396 0.0 51.0 72.0 3.0 0.0
2 1443.75 0.0 62.0 62.0 5.0 0.0
3 205.5 1.0 61.0 71.0 8.0 0.0
2 540.476190476 2.0 69.6 68.4 7.0 0.0
3 330.0 0.0 53.0 70.0 7.0 0.0
3 428.5 2.0 66.0 70.0 11.0 0.0
3 768.0 0.0 62.4 62.2 5.4 0.0
1 816.166666667 2.0 69.0 77.0 12.0 0.0
3 411.5 1.0 65.0 73.0 7.0 0.0
2 520.666666667 0.0 60.0 63.0 7.0 0.0
2 655.181818182 2.0 56.0 64.8 3.4 0.0
1 550.393939394 1.0 67.0 69.0 13.0 0.0
2 452.923076923 1.0 69.2 67.4 8.4 0.0
3 619.333333333 1.0 61.0 74.0 9.0 0.0
2 580.0 0.0 57.4 81.4 8.6 0.296
3 489.166666667 1.0 70.0 70.0 7.0 0.0
1 610.25 0.0 58.8 65.8 6.2 0.006
1 518.709677419 1.0 61.0 70.0 14.0 0.0
2 548.291666667 0.0 58.4 58.2 8.2 0.0
3 430.166666667 0.0 62.2 64.0 11.6 0.0
2 801.666666667 2.0 54.0 70.0 3.0 0.0
2 4465.1 2.0 57.0 76.0 4.4 0.0
1 1389.0 0.0 57.0 75.0 9.0 0.0
2 443.166666667 0.0 50.4 78.8 2.6 0.0
3 588.0 0.0 58.0 69.0 9.0 0.0
2 484.25 0.0 62.0 63.0 10.0 0.03
0 376.75 0.0 58.0 68.0 2.0 0.0
2 618.75 2.0 56.0 56.0 5.0 0.0
2 281.5 0.0 53.0 74.0 12.0 0.85
2 1136.2 2.0 64.0 71.0 6.0 0.0
0 195.0 0.0 66.4 57.6 5.6 0.0
2 283.5 0.0 60.4 55.0 10.6 0.0
2 544.0 0.0 56.0 84.6 5.2 0.0
2 533.111111111 0.0 58.6 66.0 5.2 0.0
1 372.0 2.0 59.0 83.0 7.0 0.08
1 549.925925926 1.0 67.4 68.4 8.6 0.0
0 464.0 3.0 54.0 54.0 2.0 0.0
3 839.0 1.0 65.8 72.0 9.0 0.0
0 420.0 1.0 68.0 71.0 7.0 0.0
0 319.5 1.0 62.0 71.0 10.0 0.0
3 610.666666667 0.0 54.0 61.0 4.0 0.0
3 466.636363636 0.0 54.0 63.0 13.0 0.0
3 546.428571429 2.0 58.0 74.0 2.6 0.0
0 423.5 0.0 50.0 75.2 4.8 0.0
1 610.666666667 2.0 54.0 69.2 6.0 0.0
2 643.666666667 0.0 50.0 87.0 3.0 0.0
2 561.7 1.0 68.0 66.8 7.8 0.0
3 566.8 3.0 40.6 50.8 2.2 0.0
1 657.333333333 2.0 67.6 59.4 5.4 0.0
1 537.55 0.0 56.0 61.0 4.4 0.0
2 412.8 2.0 59.0 80.0 10.0 0.26
2 612.458333333 0.0 58.8 70.0 6.8 0.0
0 607.5 0.0 52.0 69.0 5.0 0.0
0 702.0 0.0 50.0 70.0 4.0 0.0
0 673.166666667 3.0 53.0 80.4 6.0 0.104
2 657.357142857 1.0 66.2 62.2 7.6 0.0
2 484.5 3.0 43.6 65.4 5.4 0.122
1 4941.0 1.0 65.6 72.4 6.8 0.0
1 652.556962025 0.0 56.8 69.0 8.6 0.0
2 416.307692308 1.0 65.0 70.0 5.8 0.0
3 1000.0 2.0 65.0 74.0 16.0 0.0
3 548.0 0.0 52.6 66.8 2.6 0.0
2 784.526315789 1.0 73.0 63.0 7.0 0.0
2 609.375 2.0 65.2 72.6 5.0 0.0
1 702.5 0.0 57.4 68.2 7.0 0.0
3 316.5 0.0 55.8 81.4 3.4 0.006
2 461.058823529 0.0 53.0 68.0 8.0 0.0
1 1312.25 3.0 52.0 86.0 3.0 0.0
1 571.571428571 1.0 64.0 53.4 7.2 0.0
2 906.076923077 2.0 69.0 53.0 4.0 0.0
3 1474.0 2.0 54.6 66.8 1.6 0.0
2 1102.0 2.0 57.6 66.8 2.0 0.0
1 389.35 0.0 56.0 65.0 6.0 0.0
1 448.763157895 2.0 55.0 93.0 4.0 0.66
2 451.75 3.0 59.8 81.2 3.0 0.028
1 1083.33333333 2.0 73.0 59.0 8.0 0.0
1 1929.0 0.0 44.6 45.4 3.8 0.0
1 554.981132075 2.0 60.0 60.0 7.0 0.0
2 3245.66666667 0.0 61.0 70.0 6.0 0.0
2 336.0 1.0 63.6 62.8 9.0 0.0
3 515.555555556 0.0 52.0 66.0 3.0 0.0
2 476.142857143 0.0 59.4 77.0 4.6 0.0
0 306.0 0.0 66.6 64.0 3.6 0.0
2 479.166666667 2.0 60.0 73.6 3.2 0.0
1 465.791666667 0.0 54.0 72.0 4.4 0.0
0 932.5 2.0 52.2 73.6 3.2 0.0
2 3215.4 1.0 70.0 67.0 11.0 0.0
1 522.777777778 2.0 53.4 63.6 3.2 0.0
1 1041.59375 0.0 74.8 35.2 4.2 0.0
0 465.0 0.0 59.0 75.0 4.0 0.0
0 599.333333333 0.0 57.0 76.0 3.0 0.0
2 705.846153846 1.0 68.4 65.0 6.0 0.0
1 493.3125 2.0 59.8 85.6 5.8 0.194
3 435.0 2.0 60.0 70.0 6.0 0.0
2 996.166666667 1.0 67.2 69.0 6.2 0.0
2 351.0 2.0 65.8 70.4 7.4 0.0
1 620.205882353 0.0 66.4 59.8 4.0 0.0
3 348.285714286 2.0 60.0 77.0 8.0 0.0
3 512.333333333 2.0 62.8 51.0 3.2 0.0
1 552.142857143 0.0 52.0 61.0 2.0 0.0
2 221.666666667 0.0 56.6 73.2 3.4 0.0
2 555.9375 3.0 46.2 70.8 2.2 0.0
0 344.0 0.0 61.0 56.4 6.0 0.0
1 613.375 2.0 65.8 68.8 5.6 0.0
2 353.4 0.0 47.4 70.4 4.6 0.022
0 419.0 2.0 71.0 74.0 9.0 0.01
2 481.727272727 0.0 56.0 71.0 9.0 0.0
3 466.0 2.0 61.4 61.0 3.6 0.0
2 600.909090909 2.0 53.0 70.0 2.0 0.0
3 498.5 1.0 68.0 63.0 11.0 0.0
2 504.047619048 0.0 57.0 79.0 5.0 0.0
1 677.0 2.0 66.0 60.0 9.0 0.0
0 1062.0 0.0 57.0 70.0 13.0 0.0
2 644.260869565 0.0 50.8 69.2 1.4 0.0
2 516.5 2.0 61.4 68.4 4.2 0.0
0 457.0 3.0 52.8 78.2 5.0 0.0
0 664.0 0.0 67.0 52.0 4.0 0.0
1 1964.89189189 1.0 65.0 70.0 5.8 0.0
1 537.853658537 1.0 68.6 70.2 8.2 0.0
1 491.0 3.0 52.0 64.0 1.2 0.0
3 552.0 0.0 56.8 79.6 10.8 0.544
2 495.307692308 0.0 75.4 35.6 5.2 0.0
3 371.666666667 0.0 58.2 57.0 3.0 0.0
3 707.0 3.0 52.0 59.0 2.0 0.0
0 553.0 0.0 63.0 68.0 11.0 0.0
2 506.433333333 2.0 63.0 77.0 8.0 0.0
3 602.285714286 0.0 61.0 65.2 7.0 0.002
2 506.068965517 2.0 69.8 54.2 4.2 0.0
3 1417.25 0.0 56.0 65.0 6.0 0.0
1 830.3125 0.0 53.8 76.8 3.4 0.0
1 679.333333333 1.0 67.0 71.0 10.0 0.0
2 499.857142857 0.0 64.8 46.8 8.4 0.0
1 712.257142857 0.0 64.8 68.8 7.6 0.0
0 396.0 0.0 50.0 67.0 7.0 0.0
0 566.0 0.0 47.4 70.4 4.6 0.022
1 639.695652174 0.0 52.0 86.0 2.0 0.0
2 2834.33333333 0.0 60.0 68.0 8.0 0.0
3 603.75 2.0 66.0 69.0 10.0 0.0
2 740.368421053 0.0 57.6 67.8 5.2 0.0
2 473.0 2.0 60.0 67.0 9.0 0.0
1 478.7 0.0 56.8 79.6 10.8 0.544
3 581.6 1.0 67.6 71.0 8.0 0.0
1 464.571428571 0.0 52.0 72.0 13.0 0.69
1 565.0 0.0 52.8 65.8 4.4 0.0
1 593.43902439 2.0 67.6 72.2 7.0 0.0
2 457.769230769 1.0 69.8 71.2 6.6 0.0
1 641.41509434 0.0 58.8 75.6 6.4 0.004
2 602.277777778 0.0 67.8 42.8 4.8 0.0
3 531.3 0.0 65.0 47.0 8.0 0.0
1 837.0 3.0 39.2 60.2 4.6 0.0
1 564.333333333 2.0 57.0 73.0 13.0 0.0
3 594.2 0.0 58.0 65.8 7.8 0.0
0 448.5 2.0 65.0 64.6 9.6 0.0
2 467.136363636 3.0 61.6 80.6 4.6 0.006
2 541.052631579 1.0 69.0 71.0 8.0 0.0
1 560.043478261 2.0 55.2 78.6 4.0 0.0
0 603.666666667 0.0 71.0 45.0 6.0 0.0
2 676.888888889 2.0 63.0 57.0 4.0 0.0
0 476.0 0.0 54.0 71.0 4.0 0.0
1 499.5 0.0 63.0 66.2 7.2 0.0
2 480.833333333 2.0 63.0 75.0 9.0 0.0
1 608.4 0.0 57.8 78.6 3.6 0.0
3 591.0 2.0 68.0 67.0 7.0 0.0
3 491.0 0.0 65.0 61.0 8.0 0.0
3 2082.0 2.0 55.2 69.8 1.6 0.0
1 566.666666667 2.0 62.8 50.8 6.4 0.0
2 491.933333333 1.0 60.0 73.0 11.0 0.0
3 850.222222222 3.0 60.0 80.0 4.0 0.0
1 870.892857143 2.0 57.4 81.8 4.0 0.0
2 546.739130435 2.0 60.2 70.2 6.8 0.042
0 959.0 3.0 54.0 72.0 6.0 0.19
3 378.666666667 0.0 57.8 78.6 3.6 0.0
2 348.333333333 2.0 58.0 72.0 5.0 0.0
2 521.785714286 0.0 63.8 72.2 7.8 0.0
3 492.833333333 2.0 68.0 65.0 6.0 0.0
2 498.666666667 2.0 67.4 64.2 5.6 0.0
3 327.166666667 2.0 57.0 73.0 9.0 0.0
3 421.666666667 2.0 57.0 66.0 7.0 0.0
1 1743.5 1.0 65.0 59.0 7.0 0.0
1 395.222222222 3.0 53.0 84.0 1.0 0.18
3 496.0 2.0 70.0 66.8 4.6 0.0
1 445.75 0.0 53.0 86.0 8.0 0.096
1 598.666666667 3.0 48.2 69.2 1.0 0.0
1 570.444444444 0.0 58.0 75.0 7.0 0.0
1 1386.61764706 0.0 61.6 69.6 5.8 0.0
3 463.111111111 2.0 61.0 56.0 4.0 0.11
2 298.0 2.0 66.0 68.0 13.0 0.0
1 318.333333333 0.0 58.0 74.0 9.0 0.0
2 775.5 2.0 57.6 71.6 5.6 0.0
1 780.486486486 1.0 67.6 71.8 6.0 0.0
2 496.642857143 0.0 61.0 58.0 11.0 0.0
2 409.0 2.0 68.6 68.8 5.8 0.0
3 476.333333333 0.0 53.4 81.8 4.6 0.004
0 406.0 1.0 64.0 66.0 12.0 0.0
3 449.333333333 2.0 56.0 72.0 9.0 0.0
2 499.3 0.0 61.6 69.6 5.8 0.0
1 528.384615385 0.0 57.6 83.4 3.0 0.0
0 630.0 1.0 73.0 63.0 7.0 0.0
3 642.222222222 2.0 70.0 64.0 9.0 0.0
0 654.0 2.0 67.0 69.0 8.0 0.0
1 468.730769231 1.0 68.4 65.0 6.0 0.0
1 607.678571429 0.0 67.8 60.8 6.6 0.0
3 533.0 2.0 66.0 69.0 9.0 0.0
0 372.0 2.0 65.2 42.4 2.4 0.0
1 501.516666667 2.0 68.0 67.0 7.0 0.0
2 261.5 2.0 56.6 66.6 2.4 0.0
1 641.772727273 2.0 55.4 66.0 6.0 0.0
1 560.6 1.0 68.6 70.4 7.0 0.0
1 600.714285714 0.0 54.0 59.0 4.0 0.0
2 682.857142857 2.0 62.8 51.0 3.2 0.0
3 397.5 0.0 66.0 66.0 5.0 0.0
2 499.9 0.0 60.0 70.0 7.0 0.0
0 674.0 0.0 61.0 66.0 4.0 0.0
3 529.5 0.0 55.2 76.8 8.4 0.22
3 459.0 2.0 66.0 79.0 7.0 0.0
3 277.0 1.0 67.4 63.8 8.4 0.0
1 595.719512195 1.0 60.0 73.0 10.0 0.0
1 594.698113208 2.0 60.0 81.0 4.0 0.01
3 563.4 1.0 69.0 68.6 8.0 0.0
1 848.25 3.0 50.0 60.0 2.0 0.0
0 604.0 0.0 55.0 78.0 6.0 0.0
3 230.0 0.0 56.0 78.0 9.0 0.0
3 184.0 0.0 59.0 69.0 11.0 0.0
3 1024.0 2.0 64.0 71.0 6.0 0.0
1 634.136363636 0.0 55.8 62.0 6.6 0.002
1 674.8 0.0 61.2 70.0 6.0 0.0
2 466.714285714 3.0 53.0 60.0 3.0 0.0
3 518.0 0.0 61.4 72.8 6.2 0.0
0 455.0 0.0 56.0 77.0 9.0 0.0
3 300.0 3.0 44.0 49.0 8.0 0.0
3 200.0 0.0 63.0 69.0 6.0 0.0
1 469.2 0.0 48.2 76.0 1.6 0.0
2 547.176470588 0.0 61.6 77.2 18.0 0.696
1 571.52173913 0.0 54.0 69.0 8.0 0.0
3 667.916666667 2.0 63.0 72.0 8.0 0.0
2 1414.55555556 2.0 68.6 56.8 5.0 0.0
2 540.15 1.0 64.2 70.6 8.0 0.0
0 42616.0 1.0 62.0 68.4 8.0 0.0
2 586.166666667 2.0 55.4 66.0 6.0 0.0
3 412.0 0.0 55.0 77.0 5.0 0.0
0 594.0 0.0 66.0 26.0 16.0 0.0
3 606.857142857 2.0 58.8 46.6 3.0 0.0
2 575.7 0.0 61.4 72.8 6.2 0.0
1 608.0 0.0 63.0 68.0 4.8 0.0
2 531.8 0.0 63.0 66.0 15.0 0.0
3 288.0 1.0 70.0 61.0 7.0 0.0
2 504.461538462 0.0 59.0 40.0 5.0 0.0
1 1094.5 2.0 66.0 69.0 9.0 0.0
3 590.333333333 2.0 57.4 81.8 4.0 0.0
2 651.6 3.0 39.2 60.2 4.6 0.0
1 679.548387097 0.0 59.0 84.0 4.0 0.0
1 572.535714286 0.0 57.4 57.6 8.6 0.0
1 670.5 3.0 52.0 64.0 1.0 0.0
3 405.0 3.0 55.0 43.0 3.0 0.0
2 455.333333333 0.0 54.4 66.8 4.8 0.0
0 580.0 1.0 68.0 69.0 9.0 0.0
2 466.928571429 1.0 71.2 70.2 9.0 0.0
1 703.078947368 2.0 62.0 61.6 2.2 0.0
2 531.206896552 2.0 68.8 66.6 6.8 0.0
2 677.0 2.0 66.8 70.6 6.2 0.0
2 670.666666667 0.0 51.4 77.6 9.6 0.268
2 635.428571429 2.0 64.0 48.6 3.4 0.0
0 762.666666667 2.0 57.0 69.0 4.0 0.0
1 946.0 3.0 52.6 46.0 2.0 0.0
3 486.833333333 0.0 60.0 45.0 7.8 0.0
1 592.857142857 2.0 71.0 74.0 9.0 0.01
2 689.545454545 0.0 61.8 48.6 4.6 0.0
0 797.0 0.0 58.0 75.0 9.0 0.0
0 592.0 3.0 49.6 70.2 3.2 0.0
3 347.375 1.0 61.2 63.2 9.4 0.0
2 502.7 0.0 57.8 75.4 10.6 0.762
0 580.0 0.0 55.4 68.6 7.4 0.008
3 529.0 0.0 56.6 71.0 8.2 0.01
0 196.0 1.0 65.0 72.0 11.0 0.0
0 579.0 0.0 56.0 48.0 2.0 0.0
1 627.294117647 3.0 57.8 82.0 3.2 0.0
3 515.083333333 2.0 60.0 61.0 3.0 0.0
1 392.6 3.0 43.2 51.0 3.4 0.0
0 644.875 2.0 55.2 52.2 3.6 0.0
1 6651.86666667 2.0 68.0 68.0 9.0 0.0
0 538.0 2.0 62.0 68.0 9.0 0.0
3 534.142857143 2.0 67.4 74.0 6.8 0.0
3 887.666666667 0.0 54.0 87.0 5.0 0.0
0 500.0 2.0 58.0 66.0 7.0 0.0
0 174.0 2.0 56.0 80.2 3.0 0.002
3 646.0 2.0 67.2 67.8 5.6 0.0
1 580.254901961 2.0 69.0 67.0 9.0 0.0
2 627.5 2.0 71.4 67.6 4.6 0.0
1 489.631578947 0.0 57.4 71.2 5.6 0.0
1 697.416666667 0.0 58.6 57.6 3.4 0.0
1 672.852941176 2.0 51.6 69.0 1.4 0.0
2 603.75 2.0 59.2 73.8 4.2 0.0
1 623.662337662 2.0 57.0 50.0 6.0 0.0
1 580.803571429 0.0 59.4 66.8 7.6 0.0
3 496.2 0.0 58.4 58.2 8.2 0.0
1 822.5 3.0 51.4 63.4 1.2 0.0
1 217.0 0.0 56.6 73.2 3.4 0.0
3 538.285714286 0.0 57.0 79.0 5.0 0.0
1 566.269230769 0.0 59.4 47.4 4.0 0.0
2 661.5 1.0 62.0 73.0 10.0 0.0
2 1214.6 3.0 54.0 74.0 7.0 0.0
3 383.75 0.0 59.6 70.2 7.8 0.004
2 573.964285714 3.0 59.0 83.0 2.0 0.0
3 3903.6 2.0 67.8 68.6 4.0 0.0
2 553.181818182 2.0 64.8 64.6 2.4 0.0
2 946.1 0.0 65.0 62.0 6.0 0.0
2 544.315789474 0.0 52.4 60.8 2.2 0.0
0 605.5 2.0 58.0 80.0 7.0 0.28
1 519.742857143 2.0 68.0 56.0 7.0 0.0
2 542.875 2.0 69.2 72.8 5.2 0.0
0 746.0 1.0 72.8 64.2 7.4 0.0
3 279.0 2.0 67.0 69.0 8.0 0.0
3 879.0 0.0 65.2 58.0 5.2 0.0
2 565.913043478 2.0 62.0 61.6 2.2 0.0
2 757.391304348 0.0 58.2 71.2 8.6 0.0
3 877.0 0.0 47.0 53.0 17.0 0.0
3 845.666666667 2.0 59.2 62.4 4.2 0.0
2 806.25 3.0 52.0 64.0 2.0 0.0
1 608.479166667 0.0 51.8 84.6 2.0 0.004
1 661.576923077 0.0 52.4 60.8 2.2 0.0
2 495.115384615 0.0 60.4 78.8 7.2 0.0
3 483.416666667 0.0 58.0 68.4 9.0 0.0
3 369.0 2.0 57.6 65.8 9.6 0.0
2 427.772727273 0.0 58.0 72.0 5.0 0.02
3 442.875 0.0 49.0 72.0 2.0 0.0
0 894.0 2.0 57.6 65.8 9.6 0.0
2 711.125 0.0 54.0 73.0 6.0 0.0
0 520.0 0.0 53.0 81.0 3.0 0.0
0 444.0 2.0 60.0 60.0 8.0 0.0
0 591.5 1.0 61.0 74.0 10.0 0.0
2 826.705882353 3.0 60.4 82.8 6.4 0.028
1 593.333333333 2.0 67.0 79.0 9.0 0.0
0 652.0 0.0 63.0 63.6 7.6 0.0
2 521.0 0.0 59.0 70.0 8.0 0.0
3 563.5 2.0 65.8 55.4 5.0 0.0
3 559.75 0.0 57.0 59.8 6.2 0.0
1 512.3125 2.0 65.0 74.0 7.0 0.0
3 424.25 0.0 59.0 58.0 6.0 0.0
0 396.5 0.0 73.0 53.0 5.0 0.0
0 434.666666667 2.0 60.0 81.0 4.0 0.01
0 453.0 1.0 68.0 67.0 10.0 0.0
2 404.315789474 0.0 54.6 60.6 3.4 0.0
2 483.705882353 2.0 69.0 67.0 9.0 0.0
2 620.75 2.0 60.8 58.6 3.2 0.0
0 603.333333333 2.0 62.0 77.0 7.0 0.0
0 419.5 0.0 61.0 40.0 11.0 0.0
2 394.571428571 3.0 54.0 80.0 14.0 0.0
1 829.272727273 2.0 66.2 73.6 6.2 0.0
1 605.833333333 2.0 67.0 69.0 8.0 0.0
2 3573.88888889 0.0 60.8 72.8 5.4 0.0
3 221.0 1.0 61.0 66.0 13.0 0.0
1 589.971428571 2.0 65.4 76.0 6.2 0.32
2 506.625 0.0 57.2 70.6 8.0 0.0
2 1058.66666667 2.0 67.2 67.8 5.6 0.0
2 529.727272727 0.0 67.0 52.0 4.0 0.0
1 384.8 3.0 57.0 89.0 4.0 0.0
2 679.285714286 0.0 55.0 60.0 2.0 0.0
3 1548.0 0.0 60.6 83.2 11.4 0.456
1 503.0 2.0 52.0 66.0 2.0 0.0
0 527.0 0.0 54.0 61.0 4.0 0.0
1 705.714285714 2.0 61.4 61.0 3.6 0.0
1 579.807692308 1.0 66.2 62.2 7.6 0.0
2 483.75 3.0 47.0 62.0 5.0 0.0
0 28276.0 0.0 54.4 61.8 10.2 0.0
3 414.588235294 0.0 59.0 69.0 9.0 0.0
2 581.8 0.0 57.0 60.6 3.8 0.0
1 1042.0 1.0 64.0 75.0 15.0 0.0
3 366.666666667 1.0 65.6 57.4 6.6 0.0
2 464.333333333 0.0 66.0 60.0 7.0 0.0
1 2557.5 1.0 63.0 73.0 7.0 0.0
3 573.5 0.0 60.4 78.8 7.2 0.0
2 1118.45454545 2.0 60.0 66.0 7.0 0.0
1 564.972222222 0.0 54.0 75.0 8.0 0.15
3 367.875 1.0 67.0 71.0 10.0 0.0
2 441.583333333 1.0 67.8 68.8 6.8 0.0
3 384.0 2.0 60.0 67.0 9.0 0.0
1 531.1 1.0 68.6 58.8 7.0 0.0
2 579.666666667 2.0 66.0 71.0 8.0 0.0
3 1113.83333333 3.0 50.0 64.0 2.0 0.0
3 232.0 3.0 47.0 76.0 4.0 0.0
1 592.870967742 0.0 59.0 75.0 8.0 0.0
1 528.95 0.0 57.2 59.0 3.4 0.0
3 13638.0 2.0 65.0 73.0 11.0 0.0
1 518.864864865 0.0 52.0 76.0 2.0 0.0
3 902.0 0.0 62.0 62.2 5.6 0.0
2 531.0 3.0 59.0 86.0 10.0 0.0
1 484.235294118 0.0 61.0 77.0 22.0 0.91
2 406.5 0.0 48.2 76.0 1.6 0.0
3 866.5 0.0 59.2 62.2 6.2 0.0
2 510.619047619 0.0 59.0 63.0 9.0 0.0
1 748.121212121 1.0 68.0 68.0 13.0 0.0
2 399.181818182 2.0 55.2 57.6 3.0 0.0
3 551.0 0.0 75.0 43.0 6.0 0.0
3 350.0 2.0 65.6 75.0 8.0 0.0
1 664.0 3.0 58.0 86.0 3.0 0.01
3 726.571428571 1.0 72.6 70.4 7.2 0.0
0 946.0 0.0 54.0 63.0 13.0 0.0
0 549.0 0.0 61.0 61.0 9.0 0.0
2 566.666666667 0.0 56.0 73.0 12.0 0.0
3 555.6 2.0 69.0 67.0 9.0 0.0
1 575.64 0.0 52.8 70.2 6.6 0.008
2 527.357142857 0.0 54.0 87.0 5.0 0.0
1 582.366666667 2.0 72.0 47.0 5.0 0.0
1 595.931034483 1.0 70.6 65.4 8.0 0.002
3 555.25 0.0 66.0 26.0 16.0 0.0
1 605.648648649 2.0 64.8 78.0 6.2 0.0
1 576.468085106 2.0 59.6 78.8 3.6 0.004
1 526.723404255 0.0 59.6 66.8 6.2 0.0
2 547.842105263 1.0 61.4 66.2 8.8 0.0
3 597.0 1.0 66.6 73.2 7.4 0.0
1 589.830508475 2.0 55.2 57.6 3.0 0.0
2 478.117647059 0.0 60.2 65.0 8.6 0.0
1 571.382352941 2.0 62.0 46.6 8.4 0.0
0 371.0 1.0 61.0 68.0 14.0 0.0
3 390.25 3.0 62.0 86.0 6.0 0.11
1 637.5 0.0 55.0 57.0 1.0 0.0
3 502.692307692 0.0 67.8 60.8 6.6 0.0
0 544.5 0.0 50.0 84.0 3.0 0.0
3 913.5 0.0 57.0 79.0 12.0 0.87
1 538.0 1.0 66.0 69.4 7.6 0.0
3 390.4 0.0 55.2 68.0 6.0 0.048
3 357.25 2.0 65.4 70.0 6.8 0.0
3 554.0 0.0 57.0 67.0 6.0 0.0
3 499.777777778 0.0 57.0 76.0 3.0 0.0
1 844.5 2.0 63.4 76.6 6.2 0.35
0 453.0 0.0 59.0 73.0 7.0 0.0
2 761.178571429 2.0 68.6 64.0 5.8 0.0
2 410.333333333 0.0 53.0 86.0 8.0 0.096
2 526.76 0.0 49.0 87.0 2.0 0.0
2 560.0 0.0 63.2 62.2 5.6 0.0
1 587.8 0.0 56.0 53.0 1.0 0.0
3 238.0 0.0 63.0 66.0 15.0 0.0
1 590.333333333 2.0 68.0 64.0 9.0 0.0
2 812.428571429 3.0 50.4 66.2 1.4 0.0
2 661.230769231 0.0 56.0 56.0 9.0 0.0
2 666.666666667 0.0 58.0 67.0 3.0 0.0
1 964.333333333 2.0 67.0 69.0 8.0 0.0
3 445.571428571 0.0 55.0 56.0 9.0 0.0
1 631.333333333 0.0 52.4 64.0 2.2 0.0
3 434.727272727 2.0 58.0 68.0 4.0 0.0
2 531.25 1.0 68.0 74.0 9.0 0.0
1 463.807692308 2.0 57.0 66.0 7.0 0.0
1 568.965517241 2.0 57.0 70.0 9.0 0.0
0 603.0 2.0 55.0 63.0 5.0 0.0
0 446.0 0.0 53.0 92.0 9.0 0.0
3 429.0 0.0 60.8 67.4 6.6 0.0
0 699.0 2.0 69.0 67.0 9.0 0.0
2 534.388888889 0.0 58.2 73.4 1.8 0.0
3 407.166666667 0.0 54.6 52.0 3.4 0.0
1 702.6 1.0 63.0 71.0 8.0 0.0
1 511.8 1.0 70.0 67.0 11.0 0.0
3 494.0 2.0 56.4 79.2 4.6 0.208
2 534.615384615 2.0 58.0 74.0 2.6 0.0
3 344.833333333 3.0 43.2 51.0 3.4 0.0
2 447.166666667 0.0 55.6 85.8 5.0 0.006
1 645.972972973 1.0 69.0 73.0 6.8 0.0
3 378.666666667 0.0 58.0 58.0 6.0 0.0
2 548.9 0.0 63.2 62.4 6.4 0.0
0 312.5 0.0 60.2 72.0 11.0 0.092
2 462.125 0.0 66.4 57.6 5.6 0.0
1 438.333333333 2.0 55.0 78.0 3.0 0.0
2 437.411764706 0.0 57.0 71.0 6.0 0.0
3 500.571428571 0.0 57.4 53.0 6.2 0.0
3 765.75 2.0 62.8 50.8 6.4 0.0
1 613.38028169 0.0 57.0 48.0 13.0 0.0
0 506.0 2.0 61.2 59.0 3.6 0.032
1 543.108695652 2.0 70.0 51.0 6.0 0.0
3 474.0 3.0 54.0 83.0 8.0 0.13
3 514.0 1.0 60.0 73.0 11.0 0.0
3 533.0 0.0 62.8 67.0 6.4 0.0
2 506.84 2.0 66.0 67.0 7.0 0.0
2 521.739130435 0.0 51.0 73.0 5.0 0.0
2 543.0 0.0 61.2 70.0 6.0 0.0
1 580.8 2.0 69.6 68.4 7.0 0.0
1 540.114285714 1.0 68.0 69.0 9.0 0.0
0 381.0 0.0 55.0 69.0 3.0 0.0
3 870.0 0.0 55.0 77.0 7.0 0.0
2 397.555555556 3.0 57.0 89.0 4.0 0.0
2 441.375 2.0 62.0 60.2 11.8 0.0
2 529.4375 0.0 62.0 64.0 16.0 0.0
2 439.583333333 2.0 55.8 67.0 1.8 0.0
1 486.677419355 2.0 64.0 49.0 5.0 0.0
1 273.0 0.0 57.0 75.0 9.0 0.02
1 232.0 2.0 58.0 64.0 4.0 0.0
1 689.565217391 2.0 60.8 58.6 3.2 0.0
1 643.277777778 2.0 58.0 74.0 2.6 0.0
2 504.714285714 1.0 67.8 73.0 7.2 0.0
0 351.0 3.0 60.0 80.0 4.0 0.0
1 858.368421053 2.0 67.2 73.2 5.6 0.0
0 487.0 2.0 55.0 65.0 2.0 0.0
2 742.571428571 2.0 57.0 73.0 4.4 0.0
3 465.333333333 2.0 57.0 50.0 6.0 0.0
2 372.666666667 0.0 59.0 69.0 12.0 0.0
2 448.0 2.0 62.8 64.0 3.0 0.0
2 540.666666667 0.0 55.0 77.0 7.0 0.0
2 711.777777778 1.0 68.6 58.8 7.0 0.0
3 526.285714286 0.0 53.6 82.6 3.0 0.0
1 557.139534884 1.0 69.8 71.2 6.6 0.0
1 567.634920635 0.0 56.0 80.0 6.0 0.0
1 989.0 2.0 53.0 72.2 2.0 0.0
2 608.615384615 0.0 59.0 84.0 4.0 0.0
2 536.35 0.0 56.0 72.0 15.0 0.0
3 363.666666667 0.0 59.0 73.0 6.0 0.0
3 488.666666667 1.0 70.6 67.2 7.0 0.0
0 605.0 0.0 59.8 69.0 9.0 0.0
1 922.75 1.0 67.6 75.4 7.2 0.0
2 447.730769231 0.0 54.0 83.0 3.0 0.0
3 552.625 0.0 52.4 81.0 2.6 0.0
1 569.846153846 3.0 48.8 71.8 3.8 0.0
2 554.5 2.0 68.0 72.0 19.0 0.0
0 339.0 0.0 57.0 72.0 11.0 0.0
2 670.142857143 3.0 50.4 82.2 1.8 0.004
2 517.466666667 2.0 62.6 64.8 4.4 0.0
0 351.0 0.0 65.0 47.0 8.0 0.0
1 460.714285714 2.0 60.2 70.2 6.8 0.042
2 845.833333333 0.0 61.4 69.6 5.2 0.0
2 219.0 0.0 47.0 37.0 8.0 0.0
3 405.571428571 0.0 56.0 57.0 4.0 0.0
3 592.0 2.0 61.0 79.0 2.0 0.0
1 664.235294118 0.0 75.4 35.6 5.2 0.0
1 475.15625 0.0 66.0 61.0 8.0 0.0
2 540.034482759 2.0 57.0 71.0 4.0 0.0
3 522.916666667 0.0 59.6 71.6 7.0 0.0
1 1278.05 0.0 61.0 80.0 5.0 0.0
1 553.6 1.0 70.0 70.0 7.0 0.0
3 439.666666667 0.0 56.0 86.0 5.0 0.0
3 471.333333333 0.0 57.2 59.0 3.4 0.0
1 474.138888889 1.0 68.4 75.0 6.2 0.0
2 576.80952381 0.0 56.8 47.4 11.6 0.0
2 551.4 0.0 54.0 84.4 3.6 0.0
1 596.265625 0.0 61.4 73.0 8.2 0.0
3 392.714285714 0.0 52.0 74.2 2.6 0.0
2 531.4375 1.0 68.6 70.4 7.0 0.0
0 700.0 1.0 69.6 73.6 6.0 0.0
2 480.6 1.0 60.0 67.0 12.0 0.0
2 560.571428571 1.0 69.0 73.0 6.8 0.0
2 427.7 3.0 48.8 71.8 3.8 0.0
2 500.666666667 1.0 70.0 61.0 7.0 0.0
1 669.296296296 2.0 57.8 77.2 3.4 0.0
1 532.8 1.0 72.6 70.4 7.2 0.0
0 529.0 0.0 57.0 78.0 8.0 0.0
2 250.0 0.0 56.0 92.0 13.0 0.42
2 427.1 0.0 57.6 83.4 3.0 0.0
0 536.5 2.0 66.0 79.0 7.0 0.0
2 666.083333333 0.0 57.2 59.0 3.4 0.0
1 468.628571429 0.0 55.6 81.2 3.2 0.0
2 610.071428571 0.0 73.0 42.8 5.2 0.0
3 680.285714286 0.0 51.0 73.0 5.0 0.0
3 371.125 0.0 56.0 80.0 6.0 0.0
2 485.25 0.0 53.4 52.6 2.2 0.0
3 497.0 0.0 56.0 69.0 8.0 0.0
1 497.0 0.0 50.0 70.0 4.0 0.0
1 567.885714286 0.0 50.4 78.8 2.6 0.0
2 727.5 3.0 55.0 80.0 11.0 0.02
2 562.578947368 2.0 56.0 86.0 5.0 0.01
3 286.2 0.0 61.0 73.2 6.0 0.04
3 557.5 2.0 57.0 82.0 6.0 0.0
2 470.923076923 0.0 64.8 68.8 7.6 0.0
0 677.0 0.0 50.0 84.0 4.0 0.0
2 652.25 1.0 66.8 68.8 7.4 0.0
2 569.0 3.0 44.4 63.8 1.4 0.0
2 459.666666667 0.0 58.4 65.8 3.2 0.0
2 3342.66666667 0.0 57.0 83.0 5.0 0.0
0 458.0 1.0 62.0 56.0 7.0 0.0
1 483.054545455 2.0 67.8 68.6 4.0 0.0
3 502.8 2.0 54.8 53.8 4.8 0.0
0 471.0 0.0 56.0 86.0 5.0 0.0
2 399.0 3.0 53.0 63.0 1.0 0.0
2 652.3125 1.0 67.2 67.6 9.0 0.0
1 501.653846154 2.0 55.0 63.0 5.0 0.0
1 674.0 0.0 61.0 69.0 16.0 0.0
1 507.580645161 3.0 51.4 61.8 1.2 0.0
0 620.0 2.0 72.0 47.0 5.0 0.0
2 584.25 1.0 70.8 58.2 8.2 0.0
3 434.866666667 0.0 56.0 76.0 6.0 0.0
2 565.541666667 0.0 52.0 86.0 2.0 0.0
1 577.603773585 0.0 57.0 71.0 6.0 0.0
2 493.0625 1.0 68.0 70.4 8.0 0.0
0 422.0 0.0 60.8 67.4 6.6 0.0
3 383.625 0.0 53.0 92.0 9.0 0.0
1 491.615384615 0.0 52.0 74.2 2.6 0.0
1 838.28 2.0 62.0 60.2 11.8 0.0
1 2557.0 0.0 61.4 69.6 5.2 0.0
1 674.5 1.0 66.8 68.8 7.4 0.0
1 3556.3125 0.0 55.6 85.8 5.0 0.006
0 405.0 1.0 64.0 72.0 11.0 0.0
2 504.954545455 0.0 51.8 77.6 1.6 0.0
3 938.2 2.0 57.4 72.2 3.0 0.0
3 577.428571429 1.0 71.4 69.4 5.8 0.0
2 812.111111111 2.0 55.2 78.6 4.0 0.0
2 497.153846154 1.0 74.2 60.2 6.0 0.0
0 730.0 0.0 53.0 73.0 3.0 0.0
2 643.333333333 2.0 65.0 70.0 11.0 0.0
2 468.076923077 0.0 64.0 55.0 8.0 0.0
3 471.333333333 0.0 55.2 74.6 3.6 0.002
3 381.333333333 0.0 56.6 46.2 3.6 0.0
1 580.844827586 2.0 70.6 65.6 4.4 0.0
0 857.5 0.0 67.8 60.8 6.6 0.0
0 483.0 0.0 55.0 80.0 8.0 0.0
3 508.0 2.0 54.0 79.0 4.0 0.0
2 808.55 0.0 70.0 48.0 5.2 0.0
1 557.212121212 0.0 61.4 55.0 10.0 0.0
1 783.0 0.0 59.0 69.0 12.0 0.0
2 621.785714286 2.0 65.4 46.8 3.6 0.0
0 571.0 0.0 59.0 73.0 3.0 0.0
1 8273.0 2.0 66.0 68.0 13.0 0.0
1 362.333333333 3.0 55.0 78.2 7.2 0.024
1 598.642857143 2.0 64.0 63.0 4.0 0.0
3 645.0 2.0 62.0 64.0 20.0 0.0
2 546.285714286 0.0 60.6 85.0 4.2 0.004
1 556.862068966 0.0 58.4 63.4 8.4 0.0
2 560.933333333 0.0 54.6 52.0 3.4 0.0
1 598.666666667 2.0 55.8 67.0 1.8 0.0
0 191.0 0.0 56.0 71.0 7.0 0.0
2 845.730769231 2.0 62.0 77.0 7.0 0.0
1 443.666666667 0.0 56.4 67.4 4.2 0.0
3 498.571428571 3.0 60.0 84.0 4.0 0.0
1 952.8 2.0 56.0 71.0 13.0 0.0
1 657.444444444 0.0 59.0 73.0 6.0 0.0
3 591.666666667 2.0 69.2 72.8 5.2 0.0
1 654.228571429 2.0 60.0 72.0 5.0 0.0
3 399.0 0.0 57.0 67.0 5.0 0.0
1 918.666666667 2.0 62.6 71.4 6.2 0.002
0 442.0 0.0 54.0 73.0 6.0 0.0
3 533.4 2.0 70.0 71.0 9.0 0.0
0 432.0 0.0 55.0 86.0 5.0 0.0
2 484.576923077 2.0 58.2 70.0 4.0 0.0
2 590.470588235 0.0 56.0 61.0 4.4 0.0
1 3753.33333333 2.0 55.2 76.6 2.6 0.0
2 371.0 0.0 59.6 82.4 7.8 0.09
1 529.875 2.0 68.6 71.2 7.2 0.0
2 463.5 1.0 59.0 70.0 8.0 0.0
1 666.958333333 2.0 52.2 73.6 3.2 0.0
1 720.153846154 0.0 58.4 71.0 2.2 0.0
1 531.136363636 3.0 46.0 67.0 4.0 0.0
0 598.666666667 1.0 64.2 70.6 8.0 0.0
2 519.933333333 1.0 71.4 69.4 5.8 0.0
3 309.5 0.0 55.0 80.0 14.0 0.0
1 571.434782609 0.0 61.8 48.6 4.6 0.0
2 836.222222222 1.0 68.0 64.0 9.0 0.0
0 638.0 0.0 49.0 72.0 2.0 0.0
3 430.166666667 0.0 58.4 65.8 3.2 0.0
3 573.666666667 2.0 64.0 64.0 12.0 0.0
2 512.5 3.0 53.0 52.0 12.0 0.0
1 3076.33333333 0.0 55.0 45.0 5.0 0.0
3 967.0 1.0 67.8 72.0 8.6 0.0
2 843.5 0.0 59.8 65.2 3.4 0.0
2 522.909090909 0.0 59.2 77.0 6.4 0.008
3 562.0 0.0 50.0 70.0 4.0 0.0
2 424.75 0.0 54.0 67.0 11.0 0.0
2 544.76 1.0 69.8 70.8 6.6 0.0
2 559.235294118 0.0 57.0 59.8 6.2 0.0
1 485.0 2.0 67.2 71.2 7.2 0.0
2 392.166666667 2.0 57.0 66.0 7.0 0.0
2 3918.44444444 0.0 50.0 70.0 4.0 0.0
1 544.878787879 0.0 69.0 44.0 5.0 0.0
2 628.666666667 3.0 48.0 71.2 2.2 0.0
1 650.6875 0.0 58.2 71.2 8.6 0.0
2 437.8 2.0 74.0 46.0 4.0 0.0
2 447.7 0.0 49.0 78.0 3.0 0.0
2 484.333333333 1.0 62.0 76.0 9.0 0.0
3 489.0 2.0 68.8 64.2 7.2 0.342
2 518.666666667 0.0 58.0 72.0 11.0 0.0
0 619.666666667 1.0 63.2 65.0 7.2 0.0
2 766.074074074 2.0 69.2 70.4 6.8 0.0
2 487.0 0.0 56.8 79.6 10.8 0.544
3 486.866666667 0.0 58.0 77.0 9.0 0.0
1 561.205128205 1.0 67.8 73.0 7.2 0.0
0 1267.8 2.0 62.0 65.0 4.0 0.0
3 238.75 2.0 63.0 57.0 4.0 0.0
3 308.0 3.0 55.8 80.6 9.4 0.114
3 567.25 1.0 72.4 64.6 6.6 0.0
2 636.25 1.0 66.0 69.4 7.6 0.0
2 611.0625 0.0 52.0 66.0 3.0 0.0
3 239.0 2.0 66.0 72.0 13.0 0.0
1 430.0 1.0 62.4 67.4 8.0 0.0
3 566.666666667 0.0 73.0 53.0 5.0 0.0
2 348.5 1.0 69.0 71.2 7.6 0.0
3 457.5 0.0 58.6 71.0 8.6 0.0
3 664.0 2.0 52.2 73.6 3.2 0.0
2 543.333333333 0.0 57.0 75.0 9.0 0.02
1 1042.14814815 0.0 62.0 64.0 16.0 0.0
2 493.045454545 2.0 60.4 64.8 5.6 0.0
0 421.0 2.0 65.8 55.4 5.0 0.0
0 332.0 1.0 64.8 65.8 7.2 0.0
1 616.794117647 0.0 69.4 45.4 3.8 0.0
1 588.40625 0.0 64.0 68.6 5.0 0.0
2 547.0 2.0 56.8 88.4 5.4 0.348
2 611.428571429 0.0 59.6 66.8 6.2 0.0
0 703.0 0.0 55.0 56.0 9.0 0.0
3 493.285714286 3.0 51.4 61.8 1.2 0.0
0 198.0 3.0 51.4 63.4 1.2 0.0
1 506.707317073 1.0 68.0 70.4 8.0 0.0
3 367.222222222 0.0 53.0 81.0 3.0 0.0
1 2589.8 2.0 71.4 67.6 4.6 0.0
2 387.8 2.0 61.0 79.0 2.0 0.0
0 496.5 2.0 60.0 60.0 7.0 0.0
1 574.392156863 0.0 50.0 58.0 5.0 0.0
3 488.666666667 0.0 64.6 67.0 8.2 0.0
3 276.5 0.0 56.0 71.0 8.0 0.32
3 566.857142857 0.0 59.4 64.2 8.6 0.0
1 662.882352941 0.0 53.0 76.6 5.0 0.004
2 466.416666667 2.0 62.0 53.0 11.0 0.0
1 614.052631579 1.0 63.0 78.0 9.0 0.0
1 530.787234043 0.0 59.8 67.2 8.2 0.0
3 659.5 0.0 55.0 74.0 4.0 0.0
3 416.25 0.0 52.8 70.2 6.6 0.008
1 645.761904762 0.0 65.0 68.0 5.0 0.0
2 737.7 2.0 69.0 76.8 6.4 0.0
3 574.5 2.0 65.2 42.4 2.4 0.0
0 1030.0 3.0 60.0 87.0 8.0 0.1
1 597.296296296 0.0 63.0 71.0 8.0 0.0
0 386.0 0.0 45.8 74.0 2.4 0.0
0 556.0 0.0 59.0 87.0 8.0 0.0
1 538.19047619 2.0 63.0 57.0 4.0 0.0
1 611.203703704 0.0 57.8 68.0 9.0 0.0
2 505.5 2.0 55.0 56.0 9.0 0.0
1 482.75 2.0 53.6 72.4 4.6 0.0
0 399.0 0.0 74.0 43.0 5.0 0.0
2 722.666666667 1.0 63.0 71.0 8.0 0.0
1 707.0 2.0 59.0 80.0 10.0 0.26
3 484.384615385 0.0 54.0 83.0 3.0 0.0
1 649.083333333 1.0 68.0 74.0 14.0 0.0
1 499.1 0.0 54.4 66.8 4.8 0.0
1 607.857142857 0.0 73.0 42.8 5.2 0.0
1 930.34375 1.0 70.8 58.2 8.2 0.0
1 610.62962963 0.0 58.0 72.0 5.0 0.02
2 603.2 0.0 61.0 44.0 3.0 0.0
2 585.5 0.0 65.4 31.2 10.6 0.0
3 402.5 0.0 62.0 62.4 11.0 0.0
1 775.25 2.0 62.8 64.0 3.0 0.0
2 495.65 3.0 60.0 80.0 4.0 0.0
1 552.56 2.0 59.2 62.4 4.2 0.0
1 556.166666667 0.0 56.6 46.2 3.6 0.0
2 291.0 0.0 45.0 72.0 3.0 0.0
2 614.111111111 0.0 62.0 63.0 6.0 0.0
2 644.166666667 0.0 52.6 66.8 2.6 0.0
1 595.228571429 0.0 57.6 55.8 14.2 0.0
1 1217.0 2.0 74.0 46.0 4.0 0.0
3 433.727272727 0.0 56.0 65.6 5.8 0.014
3 5519.28571429 1.0 69.6 66.0 7.0 0.0
2 484.444444444 2.0 72.0 57.2 3.6 0.0
1 524.648648649 0.0 64.8 46.8 8.4 0.0
1 643.0 1.0 66.6 73.2 7.4 0.0
1 494.076923077 0.0 60.0 72.0 5.0 0.0
3 294.0 0.0 61.0 77.0 5.0 0.0
3 427.555555556 2.0 62.0 68.0 9.0 0.0
1 1819.54285714 1.0 71.0 69.0 7.6 0.0
2 627.85 1.0 64.8 74.6 8.4 0.0
3 522.4 0.0 53.2 52.8 2.0 0.0
2 792.72 0.0 53.0 81.0 3.0 0.0
0 771.333333333 0.0 62.0 65.0 5.0 0.0
2 2445.55555556 2.0 66.2 73.6 6.2 0.0
2 614.625 0.0 41.0 64.0 4.0 0.0
2 4969.66666667 1.0 69.0 74.0 8.0 0.0
0 502.0 2.0 55.0 93.0 4.0 0.66
3 920.0 2.0 55.0 78.0 3.0 0.0
2 774.166666667 2.0 67.0 43.6 4.4 0.0
3 509.916666667 0.0 62.0 64.0 16.0 0.0
1 608.405405405 0.0 60.2 70.0 6.6 0.0
2 523.363636364 0.0 56.8 69.0 8.6 0.0
1 885.875 0.0 60.0 70.0 7.0 0.0
1 784.473684211 0.0 53.8 57.0 3.0 0.0
1 477.130434783 0.0 49.0 73.0 7.0 0.09
1 496.666666667 0.0 59.4 67.6 8.2 0.0
2 649.6 3.0 62.0 86.0 6.0 0.11
3 756.0 2.0 55.0 56.0 9.0 0.0
3 635.416666667 2.0 71.6 43.0 3.6 0.0
3 449.75 2.0 65.0 64.6 9.6 0.0
2 1791.0 3.0 52.6 46.0 2.0 0.0
3 536.0 2.0 52.0 66.0 2.0 0.0
1 812.75 2.0 65.8 70.4 7.4 0.0
2 700.272727273 1.0 60.0 74.0 11.0 0.0
2 277.0 0.0 55.0 57.0 1.0 0.0
1 618.361111111 0.0 62.0 62.4 11.0 0.0
3 640.142857143 2.0 62.8 61.0 6.2 0.0
3 476.5 2.0 61.8 59.2 5.2 0.0
2 939.4 2.0 65.0 73.0 11.0 0.0
1 647.904761905 2.0 61.8 59.2 5.2 0.0
3 493.076923077 2.0 51.6 69.0 1.4 0.0
3 468.333333333 0.0 54.0 59.0 4.0 0.0
1 480.242424242 0.0 63.0 57.2 7.8 0.0
1 730.25 0.0 58.4 68.8 5.0 0.0
3 474.4 1.0 68.4 75.0 6.2 0.0
1 730.903225806 1.0 64.2 69.0 7.8 0.0
1 866.64516129 0.0 63.0 64.0 11.0 0.0
3 9989.0 3.0 56.0 80.0 11.0 0.65
3 485.875 3.0 41.0 60.2 1.2 0.0
2 449.368421053 0.0 50.0 84.0 3.0 0.0
2 322.5 0.0 53.0 62.0 3.0 0.0
2 556.933333333 0.0 56.0 48.0 2.0 0.0
1 566.333333333 0.0 56.0 68.0 19.0 0.0
1 703.041666667 0.0 59.4 77.0 4.6 0.0
2 266.75 3.0 50.0 64.0 2.0 0.0
1 517.523809524 0.0 56.2 47.0 1.8 0.0
0 756.0 1.0 67.4 63.8 8.4 0.0
2 730.5 2.0 76.2 52.8 4.2 0.0
3 646.714285714 3.0 52.8 78.2 5.0 0.0
3 533.333333333 0.0 62.4 71.8 6.0 0.056
2 2176.8 0.0 46.4 37.2 6.2 0.0
0 612.0 2.0 61.0 80.0 9.0 0.0
0 437.0 0.0 54.0 87.0 5.0 0.0
3 411.25 0.0 53.0 71.0 5.0 0.0
2 490.111111111 0.0 55.6 61.4 3.8 0.0
3 626.0 0.0 64.8 68.8 7.6 0.0
2 605.4375 1.0 70.6 65.4 8.0 0.002
1 486.548387097 0.0 54.6 60.6 3.4 0.0
3 397.0 0.0 58.0 63.0 7.0 0.0
3 229.5 2.0 60.4 62.6 4.4 0.0
2 506.655172414 2.0 65.4 73.2 5.2 0.0
1 663.70212766 0.0 53.0 78.0 3.0 0.0
2 1308.0 3.0 47.4 65.4 1.0 0.0
2 502.0 2.0 70.0 51.0 6.0 0.0
2 498.368421053 2.0 60.0 81.0 4.0 0.01
1 629.133333333 0.0 59.0 63.0 9.0 0.0
3 537.384615385 2.0 64.0 75.0 4.0 0.01
2 479.818181818 0.0 52.8 71.0 4.4 0.0
2 512.923076923 0.0 59.0 81.0 5.0 0.0
3 415.6 0.0 54.0 35.0 7.0 0.0
1 513.035714286 2.0 58.4 78.2 3.8 0.0
2 582.875 0.0 56.2 80.4 3.6 0.0
0 199.0 2.0 60.2 70.2 6.8 0.042
1 520.5 2.0 64.2 43.4 3.2 0.0
3 664.25 2.0 63.0 75.0 12.0 0.23
3 368.2 0.0 59.4 69.8 10.0 0.054
3 602.5 0.0 59.0 75.0 4.0 0.0
2 444.0 0.0 63.6 70.6 8.0 0.0
1 588.03030303 2.0 70.0 62.0 7.0 0.0
1 746.0 0.0 57.6 82.4 11.0 0.104
2 253.5 0.0 53.0 84.0 5.0 0.0
2 966.75 1.0 64.0 75.0 15.0 0.0
2 398.333333333 0.0 54.4 61.8 10.2 0.0
1 622.1875 0.0 54.6 80.0 2.4 0.0
3 635.833333333 1.0 68.0 73.0 11.0 0.0
2 2103.78947368 1.0 64.0 72.0 11.0 0.0
0 368.0 0.0 60.0 73.0 10.0 0.0
3 303.833333333 0.0 65.0 68.0 5.0 0.0
2 642.142857143 2.0 62.0 65.0 4.0 0.0
3 423.6 1.0 68.6 68.4 7.0 0.0
0 432.0 0.0 54.0 35.0 7.0 0.0
3 409.166666667 0.0 59.0 87.0 8.0 0.0
1 1308.5 0.0 57.0 60.6 3.8 0.0
2 568.888888889 0.0 58.0 81.0 15.0 0.22
3 700.0 2.0 68.6 67.2 7.8 0.0
2 646.714285714 0.0 58.0 75.0 7.0 0.0
2 682.857142857 1.0 64.0 75.0 9.0 0.0
2 483.620689655 0.0 58.0 72.0 12.0 0.0
1 610.516129032 0.0 73.0 53.0 5.0 0.0
2 629.333333333 0.0 54.0 69.0 10.0 0.0
3 601.375 1.0 66.8 72.4 7.2 0.0
1 833.5 0.0 62.4 62.2 5.4 0.0
2 485.542857143 2.0 63.6 79.6 5.0 0.0
1 531.725 2.0 69.2 70.4 6.8 0.0
3 626.166666667 1.0 70.6 65.4 8.0 0.002
3 754.0 0.0 51.0 63.0 6.0 0.0
2 519.444444444 0.0 61.6 42.8 10.6 0.0
0 976.0 2.0 65.4 76.0 6.2 0.32
3 533.5 2.0 57.8 77.2 3.4 0.0
2 506.142857143 2.0 62.0 61.0 5.0 0.0
2 1319.5 2.0 68.4 65.0 4.8 0.0
3 585.0 0.0 57.0 74.0 14.0 0.0
0 272.0 3.0 57.0 89.0 4.0 0.0
1 793.5 2.0 69.0 53.0 4.0 0.0
2 537.375 1.0 62.0 56.0 7.0 0.0
0 699.0 0.0 58.0 63.0 7.0 0.0
3 471.0 2.0 56.0 56.0 5.0 0.0
2 547.904761905 0.0 55.8 62.0 6.6 0.002
1 579.366666667 0.0 63.8 72.2 7.8 0.0
3 438.125 0.0 58.2 71.2 8.6 0.0
2 594.5 1.0 67.4 63.8 8.4 0.0
2 492.473684211 1.0 67.6 72.0 7.6 0.0
0 476.0 2.0 64.0 63.0 4.0 0.0
1 667.358974359 1.0 62.0 68.4 8.0 0.0
3 645.666666667 1.0 69.4 72.2 6.4 0.0
2 524.181818182 0.0 59.8 57.8 6.2 0.0
1 538.980769231 2.0 65.4 70.0 6.8 0.0
2 477.8 3.0 58.0 86.0 3.0 0.01
1 583.882352941 2.0 57.0 69.0 4.0 0.0
2 436.210526316 1.0 61.0 78.0 11.0 0.0
0 384.0 2.0 60.8 76.4 3.0 0.0
1 946.0 2.0 53.8 54.2 2.2 0.0
3 654.5 3.0 57.0 80.0 14.0 3.12
1 582.068965517 0.0 60.4 62.0 10.8 0.0
2 6519.33333333 0.0 63.0 66.2 7.2 0.0
2 601.75 2.0 65.0 76.0 13.0 0.23
0 789.0 0.0 61.6 69.6 5.8 0.0
1 648.836065574 0.0 58.2 73.4 1.8 0.0
2 295.0 2.0 55.0 76.0 18.0 0.0
2 523.235294118 2.0 68.6 73.6 6.2 0.0
1 501.35483871 0.0 56.0 57.0 4.0 0.0
3 223.0 3.0 45.0 65.0 9.0 0.29
2 934.444444444 0.0 59.0 75.0 4.0 0.0
3 443.285714286 0.0 62.4 66.2 5.8 0.0
1 507.666666667 0.0 50.0 87.0 3.0 0.0
2 464.666666667 3.0 56.0 85.0 12.0 0.25
2 531.583333333 0.0 66.0 61.0 8.0 0.0
2 395.25 2.0 57.0 73.0 13.0 0.0
1 563.01754386 2.0 68.8 66.6 6.8 0.0
0 430.0 2.0 60.6 63.0 4.2 0.0
1 588.157142857 2.0 69.8 54.2 4.2 0.0
3 826.642857143 2.0 62.6 64.8 4.4 0.0
3 846.5 2.0 65.4 46.8 3.6 0.0
0 452.0 0.0 56.0 84.0 5.0 0.0
0 702.5 0.0 57.8 47.8 6.8 0.0
2 422.0 1.0 65.0 72.0 11.0 0.0
1 750.0 3.0 47.0 62.0 5.0 0.0
1 552.288135593 0.0 47.6 69.0 2.0 0.0
1 515.657894737 1.0 67.8 68.8 6.8 0.0
1 385.5 2.0 67.0 71.0 8.0 0.0
1 588.862068966 2.0 67.0 41.0 4.0 0.0
3 594.454545455 0.0 59.6 66.8 6.2 0.0
2 459.421052632 2.0 53.4 63.6 3.2 0.0
2 487.5 0.0 55.2 76.8 8.4 0.22
1 579.674418605 2.0 54.8 63.2 2.4 0.0
3 430.857142857 0.0 55.0 64.0 5.0 0.0
3 643.0 0.0 59.2 60.6 9.4 0.0
1 750.947368421 0.0 57.6 67.8 5.2 0.0
1 2444.0 0.0 62.0 62.2 5.6 0.0
3 401.0 2.0 69.6 68.4 7.0 0.0
3 522.4 0.0 69.4 63.8 5.0 0.0
1 931.363636364 2.0 57.0 77.0 11.0 0.0
1 806.333333333 0.0 62.0 65.4 9.4 0.0
3 687.4 0.0 57.2 70.6 8.0 0.0
3 1032.3 0.0 59.4 47.4 4.0 0.0
0 440.666666667 2.0 58.0 68.0 4.0 0.0
1 558.333333333 0.0 60.8 56.6 8.4 0.0
1 804.666666667 1.0 69.0 69.0 8.0 0.0
1 1097.64285714 3.0 46.2 70.8 2.2 0.0
2 607.807692308 0.0 60.0 68.0 7.0 0.0
2 491.944444444 1.0 66.4 74.8 8.0 0.0
1 3728.5 1.0 65.6 71.4 9.4 0.0
3 1012.6 2.0 69.0 32.0 6.6 0.0
1 534.5 3.0 54.0 74.0 7.0 0.0
1 558.733333333 0.0 63.0 63.0 9.0 0.01
1 5531.0 0.0 55.8 81.4 3.4 0.006
2 829.0 2.0 53.2 73.8 3.0 0.0
1 486.675675676 0.0 51.4 71.6 3.0 0.0
1 542.0 0.0 55.4 89.2 2.6 0.0
2 1283.5 2.0 57.4 72.2 3.0 0.0
3 412.375 1.0 64.0 77.0 8.0 0.0
1 593.175 0.0 57.0 60.0 4.0 0.0
2 495.0625 3.0 56.0 74.6 6.2 0.0
3 334.0 2.0 55.0 73.0 3.0 0.0
3 400.25 1.0 68.8 70.2 7.2 0.0
3 552.333333333 0.0 59.4 66.8 7.6 0.0
1 493.483870968 3.0 52.8 78.2 5.0 0.0
3 546.5 1.0 68.0 66.8 7.8 0.0
3 6379.57142857 0.0 69.4 45.4 3.8 0.0
1 668.6 2.0 67.0 65.0 15.0 0.0
1 550.555555556 0.0 60.2 60.6 9.2 0.0
2 524.55 3.0 57.8 82.0 3.2 0.0
2 467.833333333 0.0 53.6 82.6 3.0 0.0
3 409.142857143 0.0 54.4 66.8 4.8 0.0
2 1406.93333333 2.0 65.0 70.0 10.0 0.0
1 395.5 0.0 57.8 75.4 10.6 0.762
2 681.615384615 2.0 62.0 46.6 8.4 0.0
2 565.666666667 3.0 60.0 83.4 4.4 0.018
3 397.666666667 1.0 67.0 71.0 10.0 0.0
1 707.666666667 2.0 56.0 72.0 9.0 0.0
2 983.823529412 1.0 69.6 66.0 7.0 0.0
2 513.0 1.0 67.8 72.0 8.6 0.0
3 434.0 0.0 57.0 48.0 13.0 0.0
3 271.0 2.0 58.0 72.0 5.0 0.0
1 618.25 2.0 64.0 48.6 3.4 0.0
3 498.0 1.0 65.0 74.0 12.0 0.0
1 591.958333333 0.0 60.0 80.0 10.0 0.0
3 384.636363636 0.0 49.0 78.0 3.0 0.0
1 550.0 3.0 53.2 63.8 1.6 0.0
3 474.0 2.0 60.6 63.0 4.2 0.0
2 1801.625 0.0 67.4 59.0 6.8 0.0
1 542.0 0.0 52.0 66.0 3.0 0.0
3 629.071428571 2.0 63.0 74.0 6.0 0.0
1 654.714285714 1.0 67.0 71.0 10.0 0.0
3 745.0 2.0 68.4 73.0 8.4 0.0
0 620.0 2.0 56.2 61.6 3.8 0.002
1 615.571428571 2.0 55.6 64.6 6.4 0.002
3 347.25 3.0 61.0 86.0 12.0 1.43
3 237.0 0.0 58.0 70.0 8.0 0.0
2 887.0 0.0 52.8 65.8 4.4 0.0
3 235.333333333 2.0 66.0 60.0 10.0 0.0
1 538.377777778 2.0 69.0 76.0 8.0 0.0
1 571.836734694 0.0 55.0 69.0 3.0 0.0
2 574.607142857 2.0 64.0 73.0 5.0 0.0
3 483.363636364 2.0 64.8 78.0 6.2 0.0
0 384.5 0.0 54.2 54.4 3.0 0.0
0 7954.5 3.0 56.0 84.0 3.0 0.0
2 546.7 2.0 58.6 78.4 4.2 0.0
1 600.6 0.0 57.0 77.0 15.0 0.14
1 1672.37837838 1.0 72.4 64.6 6.6 0.0
2 631.0 2.0 53.6 72.4 4.6 0.0
2 522.733333333 1.0 68.4 75.0 6.2 0.0
0 477.0 0.0 59.0 69.0 9.0 0.0
0 560.0 1.0 68.0 74.0 9.0 0.0
2 397.5 1.0 68.0 69.8 7.2 0.0
2 743.0 0.0 55.0 54.0 2.0 0.0
2 5422.57142857 2.0 69.0 77.0 12.0 0.0
3 606.0 0.0 57.0 71.0 6.0 0.0
3 672.666666667 3.0 60.0 87.0 8.0 0.1
2 1297.66666667 2.0 66.0 60.0 9.0 0.0
3 668.0 0.0 65.0 71.0 9.0 0.0
3 477.0 1.0 65.0 63.2 6.2 0.0
1 489.888888889 3.0 60.0 87.0 5.0 0.01
3 618.090909091 0.0 63.0 57.2 7.8 0.0
0 568.0 2.0 58.0 74.0 2.6 0.0
0 332.0 2.0 62.8 61.0 6.2 0.0
1 1140.0 0.0 64.2 44.2 9.0 0.0
3 313.0 0.0 60.4 70.4 2.0 0.0
1 474.25 2.0 67.0 72.0 11.0 0.0
2 511.454545455 3.0 43.2 51.0 3.4 0.0
0 488.625 1.0 65.0 74.0 12.0 0.0
2 464.476190476 2.0 63.0 74.0 6.0 0.0
3 293.333333333 0.0 53.8 76.8 3.4 0.0
3 312.6 2.0 57.8 61.4 2.4 0.0
2 584.0 0.0 51.0 60.8 1.8 0.0
3 263.5 0.0 58.0 67.0 3.0 0.0
3 459.0 2.0 61.0 80.0 8.0 0.32
2 614.4 0.0 59.0 52.0 10.0 0.0
0 226.0 2.0 58.0 72.0 5.0 0.0
0 547.0 0.0 61.0 58.0 11.0 0.0
1 586.23880597 1.0 63.2 65.0 7.2 0.0
2 425.0 3.0 50.0 66.6 8.4 0.0
0 560.0 1.0 68.0 73.0 11.0 0.0
0 672.5 0.0 56.0 56.0 9.0 0.0
1 566.964285714 0.0 60.8 74.8 3.2 0.0
0 461.0 0.0 58.6 71.0 8.6 0.0
1 473.266666667 3.0 43.0 45.0 4.0 0.0
0 563.5 2.0 70.0 66.8 7.2 0.0
0 227.0 0.0 49.0 87.0 2.0 0.0
1 1122.25 0.0 47.8 69.0 1.0 0.0
1 599.64 2.0 62.6 74.2 6.0 0.006
2 451.210526316 2.0 60.0 86.0 7.0 0.2
2 744.647058824 0.0 57.0 74.4 5.6 0.0
2 488.0 0.0 61.4 65.8 4.2 0.0
1 482.5 2.0 53.2 73.8 3.0 0.0
1 601.689189189 0.0 57.0 72.0 11.0 0.0
3 600.0 2.0 63.0 70.0 10.0 0.0
0 846.0 2.0 52.0 84.0 6.0 0.0
1 175.0 2.0 54.0 78.0 2.0 0.0
3 261.0 1.0 65.0 73.0 10.0 0.0
1 984.666666667 2.0 53.0 70.0 3.0 0.0
3 541.357142857 0.0 52.0 86.0 2.0 0.0
1 1074.8 1.0 65.0 66.4 6.6 0.0
1 522.339622642 2.0 68.0 65.0 6.0 0.0
0 654.0 1.0 62.0 64.0 9.0 0.0
1 543.611111111 2.0 61.2 59.0 3.6 0.032
0 563.0 2.0 62.0 61.0 5.0 0.0
2 521.25 3.0 53.2 73.2 4.8 0.078
1 1219.14285714 3.0 52.0 59.0 2.0 0.0
1 1847.04761905 3.0 53.2 82.6 12.2 0.564
1 1036.22807018 0.0 54.6 71.4 10.2 0.23
3 637.8 1.0 68.2 68.8 8.0 0.0
1 833.081081081 1.0 67.0 71.0 9.0 0.0
2 334.0 2.0 59.0 83.0 7.0 0.08
1 575.80952381 0.0 59.6 70.2 7.8 0.004
0 410.0 0.0 58.0 60.0 18.0 0.0
2 758.0 0.0 65.0 61.0 8.0 0.0
1 705.541666667 0.0 50.8 69.2 1.4 0.0
2 369.333333333 0.0 60.0 73.0 6.0 0.26
1 501.6 3.0 53.0 80.4 6.0 0.104
3 492.0 3.0 59.0 86.0 10.0 0.0
3 396.857142857 2.0 61.0 80.0 9.0 0.0
3 645.714285714 1.0 71.2 70.2 9.0 0.0
2 890.727272727 1.0 67.6 71.0 8.0 0.0
3 298.6 0.0 50.0 84.0 4.0 0.0
2 499.0 2.0 65.0 64.6 9.6 0.0
2 576.916666667 0.0 60.8 68.2 6.8 0.0
2 709.4 1.0 69.0 68.6 8.0 0.0
2 566.666666667 1.0 68.6 68.4 7.0 0.0
3 435.333333333 0.0 61.0 71.0 10.0 0.0
2 593.545454545 0.0 50.0 60.8 1.2 0.0
3 747.0 0.0 67.8 42.8 4.8 0.0
2 612.551724138 0.0 66.0 64.0 9.0 0.0
2 500.0 2.0 56.0 82.0 10.0 0.0
3 580.75 1.0 64.0 53.4 7.2 0.0
2 585.4 2.0 62.0 61.0 14.0 0.0
1 536.636363636 0.0 51.2 61.6 0.8 0.0
1 553.6 0.0 61.6 64.8 8.2 0.004
0 472.0 0.0 60.0 67.0 9.0 0.0
2 328.0 0.0 58.0 68.0 11.0 0.0
3 874.0 3.0 57.0 89.0 4.0 0.0
2 571.227272727 0.0 58.8 61.6 12.2 0.016
3 497.166666667 1.0 60.0 68.0 11.0 0.0
2 351.333333333 2.0 66.0 70.0 7.0 0.0
3 318.0 2.0 57.0 73.0 13.0 0.0
1 869.0 0.0 54.2 59.2 7.8 0.0
1 554.166666667 1.0 67.0 62.0 8.0 0.0
2 600.692307692 2.0 63.0 60.2 6.4 0.0
0 970.0 2.0 68.0 58.0 4.0 0.0
3 716.25 0.0 59.0 73.0 3.0 0.0
1 506.64516129 0.0 62.2 60.0 5.8 0.0
1 640.2 0.0 58.0 63.0 7.0 0.0
2 665.2 0.0 56.6 57.2 7.0 0.0
1 552.703703704 2.0 56.2 82.2 4.8 0.0
3 479.333333333 0.0 60.0 68.0 7.0 0.0
1 607.545454545 0.0 58.6 66.0 5.2 0.0
1 5753.4 2.0 59.8 70.0 3.0 0.0
3 417.5 2.0 69.0 76.8 6.4 0.0
2 557.769230769 2.0 61.0 69.0 4.0 0.0
3 469.909090909 2.0 53.4 63.6 3.2 0.0
2 754.1 2.0 61.4 61.0 3.6 0.0
1 563.142857143 1.0 64.8 65.8 7.2 0.0
2 453.0 0.0 59.4 60.4 3.6 0.0
2 271.0 0.0 50.8 48.6 1.8 0.0
1 565.610169492 0.0 56.0 53.4 8.0 0.0
1 428.0 0.0 62.0 63.0 10.0 0.03
2 457.222222222 2.0 66.0 64.0 9.6 0.0
1 346.833333333 2.0 68.0 65.8 9.0 0.0
1 587.328767123 0.0 53.8 57.8 9.0 0.0
0 623.0 2.0 60.8 58.6 3.2 0.0
2 539.428571429 1.0 61.2 63.2 9.4 0.0
1 507.8 3.0 40.2 49.2 4.2 0.0
1 424.631578947 2.0 56.2 69.6 4.2 0.0
2 488.655172414 0.0 59.2 68.6 8.2 0.02
3 309.833333333 0.0 63.2 62.4 6.4 0.0
3 1775.5 1.0 67.0 71.0 10.0 0.0
3 473.6 2.0 65.0 79.0 6.0 0.43
3 264.5 0.0 61.0 64.0 17.0 0.0
0 252.0 1.0 70.6 65.4 8.0 0.002
3 574.384615385 2.0 60.4 64.8 5.6 0.0
1 385.0 0.0 59.8 65.2 3.4 0.0
1 412.125 2.0 57.0 64.0 3.0 0.0
2 884.818181818 0.0 57.4 53.0 6.2 0.0
2 680.0 1.0 69.6 56.8 6.8 0.0
1 611.890909091 2.0 62.0 80.0 9.0 0.0
3 998.0 0.0 61.4 71.8 6.4 0.012
0 293.0 0.0 65.0 71.0 9.0 0.0
1 591.426229508 1.0 64.2 70.6 8.0 0.0
1 496.634146341 0.0 58.0 78.2 4.4 0.0
2 563.64 0.0 56.0 86.0 5.0 0.0
1 527.24137931 1.0 75.2 63.0 6.4 0.0
1 602.543478261 1.0 69.6 73.6 6.0 0.0
3 624.3 0.0 52.0 69.0 5.0 0.0
3 505.545454545 0.0 55.0 72.0 15.0 0.52
1 2455.45652174 3.0 56.0 80.0 11.0 0.65
1 6596.4 0.0 48.0 41.0 7.0 0.0
2 514.714285714 0.0 57.2 74.2 7.8 0.19
2 571.8 1.0 64.2 69.0 7.8 0.0
3 593.25 1.0 67.6 71.8 6.0 0.0
0 311.5 0.0 57.0 64.0 6.0 0.0
3 446.833333333 0.0 46.0 68.0 3.0 0.0
1 604.038461538 2.0 58.6 73.2 3.4 0.0
3 485.111111111 2.0 64.0 71.0 9.0 0.0
1 580.55 0.0 70.0 47.0 6.0 0.0
2 8698.4375 1.0 72.8 64.2 7.4 0.0
3 258.5 0.0 55.0 65.0 2.0 0.0
1 485.352941176 3.0 50.6 61.4 7.4 0.0
1 698.4 0.0 59.0 89.0 6.0 0.03
1 646.576271186 0.0 62.4 55.4 5.8 0.0
0 749.0 1.0 69.0 73.0 6.8 0.0
0 397.0 2.0 64.0 75.0 4.0 0.01
3 682.5 2.0 67.0 69.0 8.0 0.0
1 562.56 0.0 65.0 47.0 8.0 0.0
2 602.2 0.0 63.0 68.0 11.0 0.0
1 601.243243243 0.0 62.2 64.0 11.6 0.0
2 622.727272727 1.0 66.8 72.4 7.2 0.0
0 486.0 2.0 57.6 71.6 5.6 0.0
1 547.909090909 0.0 51.0 69.0 2.0 0.0
2 897.0 2.0 64.0 71.0 2.0 0.0
3 628.857142857 0.0 52.0 76.0 2.0 0.0
1 610.567567568 1.0 68.0 71.2 8.4 0.0
2 542.739130435 2.0 69.2 53.0 4.8 0.0
3 427.0 1.0 69.6 56.8 6.8 0.0
2 503.916666667 2.0 56.0 83.0 4.0 0.0
1 431.285714286 2.0 59.0 69.0 9.0 0.0
1 564.648648649 1.0 68.0 66.0 7.4 0.0
3 375.625 2.0 55.2 57.6 3.0 0.0
3 407.875 2.0 60.2 70.2 6.8 0.042
1 674.2 0.0 57.8 67.0 3.6 0.0
3 421.6 0.0 59.0 61.0 4.0 0.0
2 451.8 0.0 53.8 57.0 3.0 0.0
1 788.0 0.0 59.2 60.6 9.4 0.0
3 1176.5 2.0 69.0 77.0 12.0 0.0
2 546.0 0.0 60.0 61.0 8.0 0.0
2 327.857142857 2.0 67.0 72.0 11.0 0.0
3 445.625 3.0 60.0 87.0 5.0 0.01
