2 480.357142857 0.0 50.6 85.6 7.2 0.458
1 892.666666667 0.0 52.4 62.2 7.0 0.002
2 1206.33333333 1.0 68.6 68.4 7.0 0.0
2 1480.66666667 2.0 54.6 66.8 1.6 0.0
0 222.0 0.0 64.0 61.2 11.6 0.0
3 499.666666667 0.0 67.8 42.8 4.8 0.0
3 345.0 2.0 69.2 53.0 4.8 0.0
1 433.0 1.0 68.4 75.0 6.2 0.0
2 1037.55172414 2.0 72.2 70.0 7.6 0.0
1 464.19047619 0.0 62.4 62.8 4.4 0.0
1 362.642857143 2.0 59.2 62.4 4.2 0.0
3 512.5 2.0 66.0 74.0 21.0 0.0
0 347.0 1.0 69.0 72.2 6.8 0.0
1 757.291666667 0.0 59.8 69.0 6.0 0.214
3 463.6 0.0 57.4 71.2 5.6 0.0
2 551.0 3.0 55.0 78.2 7.2 0.024
1 393.315789474 0.0 47.6 69.0 2.0 0.0
2 440.454545455 2.0 55.8 67.0 1.8 0.0
3 427.0 2.0 53.0 70.0 3.0 0.0
2 556.428571429 1.0 70.0 70.0 7.0 0.0
3 433.714285714 1.0 69.8 70.8 6.6 0.0
2 744.25 0.0 52.8 67.2 3.2 0.0
2 540.294117647 1.0 68.4 65.0 6.0 0.0
2 721.823529412 3.0 58.0 76.2 2.8 0.004
0 327.0 0.0 63.0 65.0 12.0 0.0
1 3320.5 2.0 70.0 66.8 4.6 0.0
0 215.0 2.0 64.0 73.6 6.2 0.0
1 606.333333333 2.0 64.6 73.0 4.4 0.0
1 439.25 0.0 55.2 68.0 6.0 0.048
0 277.0 1.0 69.2 68.4 6.2 0.0
3 536.5 0.0 54.6 71.4 10.2 0.23
1 439.0 0.0 46.4 51.4 13.6 0.0
3 375.25 0.0 57.8 47.8 6.8 0.0
1 1135.84615385 2.0 55.4 66.0 6.0 0.0
1 5370.83333333 1.0 65.6 71.4 9.4 0.0
2 527.722222222 2.0 60.0 73.6 3.2 0.0
3 435.5 2.0 64.2 43.4 3.2 0.0
2 248.666666667 0.0 60.8 72.8 5.4 0.0
2 989.9375 0.0 58.2 71.2 8.6 0.0
3 550.0 2.0 70.0 66.8 7.2 0.0
2 466.875 1.0 68.0 70.4 8.0 0.0
3 356.0 0.0 59.2 62.2 6.2 0.0
1 526.583333333 0.0 52.0 68.2 4.6 0.02
2 701.617647059 2.0 69.2 70.4 6.8 0.0
2 579.9 2.0 66.0 64.0 9.6 0.0
2 640.318181818 0.0 57.8 47.8 6.8 0.0
1 1447.0 0.0 62.4 85.8 6.6 0.086
3 218.0 0.0 60.0 78.0 9.0 0.02
1 405.642857143 2.0 56.0 85.8 3.4 0.184
1 374.181818182 0.0 52.6 66.8 2.6 0.0
3 769.5 3.0 60.4 82.8 6.4 0.028
2 485.333333333 3.0 43.6 65.4 5.4 0.122
3 403.5 2.0 76.2 52.8 4.2 0.0
1 342.888888889 1.0 70.6 65.4 8.0 0.002
0 397.0 0.0 61.6 69.6 5.8 0.0
3 440.75 0.0 55.6 61.4 3.8 0.0
3 424.166666667 0.0 62.2 60.0 5.8 0.0
2 949.0 3.0 48.0 71.2 2.2 0.0
0 216.0 2.0 56.0 64.8 3.4 0.0
2 817.64 2.0 62.8 61.0 6.2 0.0
3 402.0 2.0 68.6 64.0 5.8 0.0
1 547.166666667 3.0 40.6 50.8 2.2 0.0
3 533.25 0.0 59.6 70.2 7.8 0.004
3 513.3 1.0 64.0 73.0 10.0 0.0
2 28585.0 3.0 53.2 82.6 12.2 0.564
2 541.333333333 2.0 56.2 82.2 4.8 0.0
0 243.0 0.0 57.8 75.4 10.6 0.762
2 1412.88888889 2.0 67.2 40.2 2.8 0.002
3 437.25 0.0 61.4 70.4 3.8 0.0
3 480.25 2.0 69.2 70.4 6.8 0.0
1 385.5625 0.0 60.0 64.8 7.4 0.0
3 380.6 0.0 55.2 68.0 6.0 0.048
1 3143.0 0.0 66.4 57.6 5.6 0.0
1 401.909090909 2.0 70.6 65.6 4.4 0.0
2 534.714285714 2.0 60.6 66.4 6.6 0.0
2 475.913043478 2.0 69.0 69.0 8.0 0.0
3 97.0 0.0 53.0 64.2 7.4 0.028
2 1108.8 2.0 66.0 72.0 13.0 0.0
3 235.0 0.0 55.0 65.0 2.0 0.0
1 467.25 2.0 60.6 58.2 2.0 0.0
2 547.666666667 0.0 61.2 70.0 6.0 0.0
1 391.066666667 1.0 69.8 70.8 6.6 0.0
0 348.0 0.0 59.0 89.0 8.0 0.0
1 361.333333333 0.0 57.4 71.2 5.6 0.0
0 659.0 0.0 60.2 76.8 6.4 0.0
1 440.5 3.0 43.8 63.8 8.6 0.064
1 420.5 1.0 73.4 60.8 5.4 0.0
1 358.555555556 2.0 57.4 81.8 4.0 0.0
1 620.5 0.0 61.6 64.8 8.2 0.004
1 415.5 0.0 62.4 62.2 5.4 0.0
1 2771.6 0.0 63.0 66.2 7.2 0.0
2 452.045454545 0.0 53.6 70.2 3.0 0.0
0 530.0 0.0 53.0 62.0 3.0 0.0
1 355.333333333 2.0 60.4 64.8 5.6 0.0
2 501.25 0.0 61.4 72.8 6.2 0.0
1 326.0 2.0 53.2 73.8 3.0 0.0
2 491.384615385 0.0 60.2 76.8 6.4 0.0
3 428.25 1.0 70.4 73.2 7.4 0.0
1 323.176470588 1.0 64.2 70.6 8.0 0.0
2 498.222222222 0.0 63.8 72.2 7.8 0.0
3 1052.5 2.0 70.0 40.0 5.0 0.01
1 352.25 0.0 59.8 67.2 8.2 0.0
2 559.958333333 0.0 57.6 67.8 5.2 0.0
0 12609.0 0.0 51.2 68.6 5.8 0.0
2 3669.0952381 0.0 50.0 84.0 3.0 0.0
3 5545.81818182 0.0 75.4 35.6 5.2 0.0
3 395.0 0.0 62.8 67.0 6.4 0.0
1 382.888888889 0.0 61.4 72.8 6.2 0.0
2 709.2 2.0 69.2 53.0 4.8 0.0
3 487.5 1.0 68.2 68.8 8.0 0.0
2 459.894736842 3.0 52.8 78.2 5.0 0.0
1 287.894736842 0.0 57.0 57.0 13.0 0.0
3 594.0 0.0 47.6 69.0 2.0 0.0
2 556.666666667 2.0 67.6 72.2 7.0 0.0
3 15621.0 2.0 57.6 66.8 2.0 0.0
1 435.125 0.0 46.4 37.2 6.2 0.0
1 4640.33333333 2.0 61.4 61.0 3.6 0.0
3 382.142857143 2.0 60.2 70.2 6.8 0.042
1 402.666666667 1.0 69.2 67.4 8.4 0.0
3 281.6 0.0 55.8 62.0 6.6 0.002
3 490.8 0.0 58.2 57.0 3.0 0.0
1 402.95 0.0 53.8 76.8 3.4 0.0
1 446.533333333 2.0 62.8 50.8 6.4 0.0
3 394.5 0.0 57.4 53.0 6.2 0.0
3 1558.0 0.0 55.4 89.2 2.6 0.0
1 932.4 1.0 68.0 73.0 11.0 0.0
3 548.571428571 2.0 67.4 64.2 5.6 0.0
3 538.333333333 0.0 60.0 64.0 6.0 0.0
3 470.833333333 2.0 57.8 36.0 6.0 0.0
3 281.0 0.0 55.0 77.0 5.0 0.0
0 549.0 2.0 56.0 56.0 5.0 0.0
1 441.444444444 0.0 59.6 66.8 6.2 0.0
0 441.0 0.0 44.6 45.4 3.8 0.0
0 1494.5 1.0 66.4 74.8 8.0 0.0
0 4964.0 1.0 66.2 71.4 8.4 0.0
3 525.666666667 0.0 52.4 62.2 7.0 0.002
3 541.0 0.0 55.2 76.8 8.4 0.22
3 504.0 1.0 68.6 70.4 7.0 0.0
1 454.777777778 0.0 61.4 70.4 3.8 0.0
3 336.166666667 2.0 60.0 77.0 8.0 0.0
0 854.0 2.0 55.4 68.0 3.6 0.0
3 497.75 0.0 48.2 76.0 1.6 0.0
1 425.8 0.0 52.4 64.0 2.2 0.0
2 948.5 0.0 62.4 85.8 6.6 0.086
2 444.888888889 0.0 50.0 60.8 1.2 0.0
0 235.0 2.0 61.8 69.2 3.4 0.0
3 228.5 3.0 53.2 63.8 1.6 0.0
1 399.928571429 0.0 55.8 62.0 6.6 0.002
2 454.608695652 0.0 54.6 71.4 10.2 0.23
1 503.333333333 2.0 64.6 79.4 5.4 0.0
2 426.111111111 0.0 60.2 70.0 6.6 0.0
1 611.466666667 2.0 71.4 65.6 5.8 0.0
2 547.0625 2.0 56.8 88.4 5.4 0.348
0 588.0 0.0 60.2 70.0 6.6 0.0
1 347.5 0.0 60.4 70.4 2.0 0.0
2 581.0 1.0 70.8 58.2 8.2 0.0
3 473.333333333 0.0 56.6 71.0 8.2 0.01
3 466.8 1.0 68.0 63.0 11.0 0.0
1 396.4375 2.0 55.4 68.6 3.6 0.0
2 425.875 0.0 57.2 73.6 2.8 0.0
1 566.823529412 1.0 69.4 72.2 6.4 0.0
1 553.0 0.0 60.4 62.0 10.8 0.0
0 184.0 3.0 59.8 81.2 3.0 0.028
2 492.6875 0.0 53.4 81.8 4.6 0.004
0 259.5 0.0 69.4 45.4 3.8 0.0
2 525.375 2.0 65.2 72.2 3.2 0.002
3 370.5 2.0 55.6 64.6 6.4 0.002
3 581.0 0.0 61.4 65.8 4.2 0.0
1 17449.0 0.0 56.6 73.2 3.4 0.0
3 553.666666667 0.0 57.0 79.0 5.0 0.0
3 292.0 3.0 47.0 62.0 5.0 0.0
2 507.782608696 0.0 59.6 71.6 7.0 0.0
1 421.333333333 2.0 59.8 85.6 5.8 0.194
3 341.166666667 2.0 55.4 68.6 3.6 0.0
1 426.588235294 2.0 57.0 73.0 4.4 0.0
0 231.0 0.0 59.8 65.2 3.4 0.0
3 395.285714286 2.0 58.6 73.2 3.4 0.0
1 446.647058824 2.0 66.0 60.0 10.0 0.0
1 434.12 2.0 62.0 61.6 2.2 0.0
3 327.333333333 0.0 58.2 73.4 1.8 0.0
2 18653.0 3.0 52.6 82.2 3.0 0.172
1 1020.5 0.0 63.2 62.2 5.6 0.0
2 415.6875 0.0 47.0 70.0 4.2 0.0
3 394.0 1.0 65.6 71.4 9.4 0.0
2 655.928571429 2.0 69.2 70.4 5.0 0.0
2 478.5 0.0 57.2 74.2 7.8 0.19
0 401.0 2.0 57.0 70.0 9.0 0.0
1 1279.5 1.0 71.0 68.0 6.2 0.0
1 467.388888889 1.0 67.6 71.0 8.0 0.0
3 913.5 2.0 64.0 71.0 6.0 0.0
1 503.45 2.0 69.2 70.4 6.8 0.0
3 352.0 2.0 58.0 50.0 5.0 0.0
2 491.125 0.0 56.0 53.4 8.0 0.0
1 354.285714286 2.0 67.4 74.0 6.8 0.0
2 661.263157895 0.0 75.4 35.6 5.2 0.0
2 918.142857143 2.0 62.6 64.8 4.4 0.0
2 5153.0 0.0 50.8 80.8 2.8 0.0
3 839.0 0.0 62.0 62.2 5.6 0.0
3 411.333333333 1.0 67.2 67.6 9.0 0.0
2 627.095238095 3.0 57.8 82.0 3.2 0.0
0 254.0 0.0 58.6 66.0 5.2 0.0
1 381.8 0.0 50.6 85.6 7.2 0.458
1 3330.0 3.0 50.0 49.0 7.0 0.0
0 498.0 2.0 67.2 35.6 2.4 0.0
1 415.727272727 0.0 57.2 74.2 7.8 0.19
0 2002.0 2.0 64.8 64.6 2.4 0.0
2 594.642857143 2.0 69.8 54.2 4.2 0.0
0 298.0 0.0 53.6 70.2 3.0 0.0
3 171.0 0.0 54.0 64.0 7.0 0.0
3 3143.5 1.0 69.8 67.8 7.6 0.0
3 412.857142857 0.0 58.0 58.0 6.0 0.0
1 406.476190476 0.0 50.4 78.8 2.6 0.0
1 2431.73913043 1.0 64.2 69.0 7.8 0.0
0 368.0 2.0 65.8 70.4 7.4 0.0
2 392.615384615 3.0 40.2 49.2 4.2 0.0
1 343.4 0.0 59.4 64.2 8.6 0.0
3 1593.66666667 0.0 58.0 65.0 6.0 0.0
2 722.0 0.0 57.8 68.0 9.0 0.0
0 362.0 0.0 58.8 65.8 6.2 0.006
2 1368.0 2.0 64.6 73.0 4.4 0.0
1 388.75 0.0 59.4 66.8 7.6 0.0
3 1034.33333333 2.0 70.0 66.8 4.6 0.0
0 237.0 0.0 48.8 70.8 5.8 0.0
2 1201.81818182 2.0 72.0 57.2 3.6 0.0
1 455.0 2.0 54.6 59.4 5.2 0.0
0 262.5 2.0 67.2 67.8 5.6 0.0
3 597.625 0.0 61.4 72.8 6.2 0.0
3 783.0 0.0 41.0 64.0 4.0 0.0
0 304.0 2.0 58.2 70.0 4.0 0.0
1 447.578947368 1.0 72.6 70.4 7.2 0.0
3 741.0 0.0 55.0 77.0 7.0 0.0
2 406.916666667 2.0 67.2 67.8 5.6 0.0
2 995.76 0.0 69.4 63.8 5.0 0.0
0 888.5 1.0 66.4 65.0 9.0 0.0
2 455.157894737 3.0 60.6 76.8 3.6 0.002
2 496.826086957 0.0 49.6 73.2 3.0 0.0
2 364.5 2.0 68.4 73.0 8.4 0.0
1 453.666666667 2.0 69.6 68.8 4.8 0.0
2 1017.57142857 0.0 52.2 52.8 1.8 0.0
1 522.0 2.0 71.0 55.0 5.0 0.0
3 632.727272727 0.0 65.0 47.0 8.0 0.0
2 884.117647059 2.0 68.6 67.2 7.8 0.0
3 277.0 0.0 62.4 62.2 5.4 0.0
3 482.0 0.0 62.0 66.0 8.0 0.0
1 435.772727273 0.0 55.6 80.4 5.4 0.082
2 566.607142857 0.0 66.4 59.8 4.0 0.0
3 634.0 1.0 68.0 70.0 7.8 0.0
0 267.0 3.0 50.6 72.8 4.2 0.0
3 454.5 2.0 61.0 68.0 6.0 0.0
3 435.818181818 1.0 60.0 74.0 11.0 0.0
1 365.375 0.0 53.4 81.8 4.6 0.004
2 586.416666667 2.0 60.4 62.6 4.4 0.0
2 431.142857143 3.0 58.0 90.0 9.0 1.18
0 441.0 0.0 57.0 77.0 15.0 0.14
3 495.857142857 0.0 53.0 78.0 3.0 0.0
0 1261.5 0.0 54.0 68.6 5.8 0.0
3 363.333333333 1.0 70.8 58.2 8.2 0.0
2 1463.76470588 0.0 62.8 67.0 3.4 0.0
1 492.352941176 0.0 70.0 47.0 6.0 0.0
3 389.5 2.0 60.0 60.0 7.0 0.0
1 1165.52631579 2.0 65.0 64.6 9.6 0.0
3 529.5 3.0 54.0 83.0 8.0 0.13
3 25922.2 3.0 50.6 72.8 4.2 0.0
3 20182.5 1.0 73.0 68.8 5.6 0.0
1 436.285714286 2.0 68.0 65.8 9.0 0.0
2 491.739130435 2.0 65.8 66.2 4.6 0.0
1 240.5 2.0 52.0 84.0 6.0 0.0
2 405.0 2.0 68.6 68.8 5.8 0.0
1 415.588235294 0.0 57.8 78.6 3.6 0.0
3 361.875 0.0 55.6 85.8 5.0 0.006
2 1396.84615385 1.0 67.6 71.8 6.0 0.0
0 188.0 1.0 64.8 74.6 8.4 0.0
3 191.0 1.0 66.0 69.6 6.8 0.0
1 9719.0 1.0 66.8 68.8 7.4 0.0
1 2112.5 0.0 61.4 71.8 6.4 0.012
3 530.0 3.0 50.6 61.4 7.4 0.0
3 409.285714286 1.0 70.6 67.2 7.0 0.0
0 112.0 2.0 63.0 70.0 10.0 0.0
2 557.476190476 0.0 56.0 65.6 5.8 0.014
0 896.5 2.0 65.6 70.6 4.8 0.0
2 431.586206897 1.0 66.0 69.4 7.6 0.0
1 532.55 1.0 66.8 72.4 7.2 0.0
0 2481.0 1.0 73.0 68.8 5.6 0.0
1 396.227272727 3.0 46.0 67.0 4.0 0.0
1 532.2 2.0 62.8 51.0 3.2 0.0
0 248.0 0.0 59.2 77.0 6.4 0.008
1 398.0 2.0 53.4 63.6 3.2 0.0
3 451.0 0.0 54.4 66.8 4.8 0.0
2 2945.0 0.0 65.6 60.0 4.0 0.0
2 3395.0 1.0 67.6 75.4 7.2 0.0
2 580.0 0.0 58.4 58.2 8.2 0.0
0 269.0 0.0 64.0 55.0 8.0 0.0
2 746.178571429 2.0 62.8 50.8 6.4 0.0
2 547.233333333 2.0 60.8 58.6 3.2 0.0
1 1464.66666667 2.0 68.6 68.8 5.8 0.0
2 728.846153846 0.0 42.8 69.4 2.0 0.0
3 161.0 0.0 63.0 60.0 6.0 0.0
3 400.0 2.0 62.8 64.0 3.0 0.0
3 340.75 0.0 56.0 84.6 5.2 0.0
3 453.0 0.0 64.0 55.0 8.0 0.0
1 1296.1 2.0 65.2 72.2 3.2 0.002
2 399.695652174 0.0 57.4 71.2 5.6 0.0
0 1255.0 0.0 51.4 77.6 9.6 0.268
2 447.111111111 2.0 60.2 70.2 6.8 0.042
2 467.217391304 0.0 58.4 65.8 3.2 0.0
3 353.333333333 0.0 58.0 72.0 5.0 0.02
3 420.666666667 3.0 44.4 59.4 1.4 0.0
1 440.368421053 0.0 62.0 64.0 16.0 0.0
3 575.0 0.0 50.8 69.2 1.4 0.0
3 712.666666667 1.0 65.2 65.6 9.8 0.0
1 668.75 0.0 57.4 67.2 5.6 0.0
0 421.0 3.0 61.6 80.6 4.6 0.006
1 274.0 1.0 60.0 67.0 12.0 0.0
0 585.333333333 3.0 57.8 82.0 3.2 0.0
1 425.173913043 1.0 68.0 71.2 8.4 0.0
3 382.0 2.0 54.8 63.2 2.4 0.0
0 334.0 0.0 61.0 40.0 11.0 0.0
3 532.0 3.0 59.6 79.4 7.4 0.002
1 3331.25 3.0 47.4 65.4 1.0 0.0
2 13195.0 3.0 56.0 76.6 8.6 0.306
1 4715.0 2.0 60.8 76.4 3.0 0.0
1 456.4 1.0 67.8 73.0 7.2 0.0
3 631.0 1.0 66.6 73.2 7.4 0.0
0 334.0 2.0 60.2 70.2 6.8 0.042
2 432.227272727 2.0 55.2 52.2 3.6 0.0
3 546.0 3.0 57.0 89.0 3.0 0.0
2 537.964285714 2.0 70.0 51.0 6.0 0.0
2 442.25 3.0 50.0 66.6 8.4 0.0
2 871.0 2.0 61.0 56.0 4.0 0.11
1 4760.5 0.0 63.6 70.6 8.0 0.0
3 496.8 2.0 64.0 48.6 3.4 0.0
2 582.5 3.0 50.2 54.2 8.2 0.0
1 3356.625 0.0 56.0 73.0 7.0 0.036
2 467.933333333 2.0 55.2 57.6 3.0 0.0
2 646.034482759 2.0 55.2 78.6 4.0 0.0
3 564.166666667 1.0 65.6 57.4 6.6 0.0
2 869.173913043 0.0 52.0 74.2 2.6 0.0
3 1896.57142857 1.0 66.0 71.0 9.0 0.0
1 409.428571429 0.0 51.0 60.8 1.8 0.0
3 471.6 0.0 54.0 83.0 3.0 0.0
2 385.0 3.0 58.0 83.0 2.2 0.004
3 296.5 0.0 54.6 52.0 3.4 0.0
1 452.052631579 3.0 60.0 87.0 8.0 0.1
2 527.814814815 1.0 68.8 70.2 7.2 0.0
3 387.0 0.0 47.0 70.0 4.2 0.0
3 498.428571429 2.0 67.0 58.0 10.0 0.0
1 437.545454545 0.0 53.2 55.0 1.8 0.0
2 569.518518519 0.0 61.6 42.8 10.6 0.0
2 560.764705882 2.0 65.6 75.0 8.0 0.0
2 914.4 2.0 57.0 64.0 3.0 0.0
2 3949.42857143 1.0 66.8 68.8 7.4 0.0
3 7750.5 2.0 54.0 69.2 6.0 0.0
0 2598.0 2.0 58.6 73.2 3.4 0.0
1 1038.77777778 2.0 65.4 73.2 5.2 0.0
1 462.304347826 0.0 67.0 49.6 6.0 0.0
1 411.2 0.0 51.0 73.0 6.0 0.0
0 340.0 2.0 55.0 90.0 7.0 0.63
1 425.142857143 0.0 58.2 71.2 8.6 0.0
3 648.0 0.0 59.0 58.0 6.0 0.0
0 772.0 2.0 65.8 68.8 5.6 0.0
2 729.107142857 2.0 57.6 65.8 9.6 0.0
1 411.133333333 2.0 61.0 84.6 6.6 0.088
1 381.285714286 2.0 65.8 66.2 4.6 0.0
1 442.0 2.0 56.0 64.8 3.4 0.0
3 196.0 1.0 65.6 72.4 6.8 0.0
2 523.761904762 0.0 55.2 68.0 6.0 0.048
2 1105.64 0.0 74.8 35.2 4.2 0.0
1 11911.5 0.0 55.8 81.4 3.4 0.006
3 351.0 2.0 59.6 78.8 3.6 0.004
3 551.0 1.0 68.6 66.4 7.4 0.0
2 3459.0 0.0 70.0 47.0 6.0 0.0
2 1944.47368421 0.0 56.4 45.6 2.4 0.0
1 425.764705882 0.0 53.2 52.8 2.0 0.0
2 578.6 2.0 65.8 70.4 7.4 0.0
2 434.375 0.0 53.8 76.8 3.4 0.0
1 1378.31818182 2.0 62.0 64.0 20.0 0.0
3 822.4 0.0 62.4 71.8 6.0 0.056
3 506.25 2.0 61.4 68.4 4.2 0.0
2 573.130434783 0.0 55.0 86.0 5.0 0.0
1 405.136363636 2.0 74.6 41.8 3.4 0.0
3 19349.0 0.0 57.0 72.0 13.0 0.0
3 383.75 2.0 64.0 61.0 8.0 0.0
1 1527.6 1.0 69.0 72.2 6.8 0.0
0 225.0 3.0 57.6 81.4 2.0 0.014
0 188.0 3.0 52.0 64.0 1.2 0.0
1 504.75 2.0 71.4 67.6 4.6 0.0
3 813.0 0.0 60.4 78.8 7.2 0.0
0 304.0 2.0 56.6 66.6 2.4 0.0
2 637.416666667 2.0 68.6 64.0 5.8 0.0
1 563.0 1.0 72.6 66.6 7.4 0.0
1 474.347826087 0.0 53.4 52.6 2.2 0.0
1 485.866666667 1.0 70.6 67.2 7.0 0.0
3 569.0 2.0 67.2 35.6 2.4 0.0
2 884.192307692 2.0 62.0 64.2 3.4 0.0
0 238.0 0.0 53.8 76.8 3.4 0.0
3 438.0 0.0 53.6 82.6 3.0 0.0
0 682.0 0.0 55.0 63.0 6.0 0.0
1 378.333333333 0.0 54.2 54.4 3.0 0.0
1 3442.05882353 0.0 67.2 36.4 7.4 0.0
3 358.714285714 2.0 58.4 78.2 3.8 0.0
0 430.0 0.0 52.4 69.2 1.2 0.0
2 1047.3 0.0 62.0 63.0 6.0 0.0
1 1104.33333333 3.0 52.6 46.0 2.0 0.0
3 2165.0 2.0 57.0 73.0 4.4 0.0
3 932.0 0.0 62.0 65.4 9.4 0.0
3 604.769230769 1.0 61.2 63.2 9.4 0.0
3 702.25 0.0 56.0 66.6 5.4 0.022
1 566.0 0.0 61.8 67.6 10.8 0.0
2 648.363636364 2.0 54.8 53.8 4.8 0.0
2 618.210526316 0.0 54.0 87.0 5.0 0.0
2 499.909090909 0.0 60.6 85.0 4.2 0.004
2 556.666666667 1.0 65.8 72.0 9.0 0.0
2 951.52173913 1.0 60.0 68.0 11.0 0.0
1 677.611111111 2.0 64.0 48.6 3.4 0.0
3 449.666666667 0.0 53.6 46.8 4.2 0.0
0 573.0 2.0 65.0 70.0 9.0 0.0
2 514.24137931 0.0 64.8 46.8 8.4 0.0
1 462.2 0.0 57.8 67.0 3.6 0.0
1 438.571428571 3.0 55.8 80.6 9.4 0.114
3 518.0 1.0 74.2 60.2 6.0 0.0
1 375.333333333 1.0 66.2 73.2 7.8 0.0
1 496.894736842 0.0 55.6 61.4 3.8 0.0
2 531.608695652 1.0 68.0 68.0 10.0 0.0
1 11665.0 0.0 64.2 44.2 9.0 0.0
2 552.5 0.0 73.0 42.8 5.2 0.0
2 259.0 1.0 68.0 70.0 7.8 0.0
3 611.0 2.0 74.6 41.8 3.4 0.0
1 411.866666667 0.0 61.6 69.6 5.8 0.0
1 381.769230769 0.0 60.0 69.2 13.0 0.0
1 408.277777778 3.0 58.8 83.0 2.8 0.0
1 1706.68421053 0.0 64.8 46.8 8.4 0.0
2 572.833333333 0.0 57.0 55.4 3.2 0.0
3 371.0 2.0 66.0 70.0 7.0 0.0
2 466.421052632 3.0 43.2 51.0 3.4 0.0
1 5666.375 1.0 65.0 66.4 6.6 0.0
3 560.5 3.0 58.0 90.0 9.0 1.18
2 1271.07142857 0.0 59.0 84.0 4.0 0.0
0 164.0 0.0 57.2 73.6 2.8 0.0
3 384.25 0.0 52.0 74.2 2.6 0.0
3 526.2 2.0 60.4 62.6 4.4 0.0
1 519.0 1.0 62.0 71.0 10.0 0.0
3 482.0 2.0 69.0 66.0 9.0 0.0
0 958.0 1.0 69.4 72.2 6.4 0.0
3 907.0 0.0 58.6 66.0 5.2 0.0
1 2009.25 0.0 63.0 68.0 4.8 0.0
1 1652.375 2.0 69.0 38.0 9.0 0.0
1 415.227272727 0.0 50.8 69.2 1.4 0.0
2 1460.82352941 0.0 57.0 59.8 6.2 0.0
0 1807.33333333 0.0 73.0 42.8 5.2 0.0
2 3562.83333333 0.0 53.0 54.6 1.4 0.0
2 500.45 0.0 59.2 68.6 8.2 0.02
0 410.0 1.0 67.4 68.4 8.6 0.0
0 256.5 1.0 60.0 74.0 11.0 0.0
2 491.928571429 3.0 51.4 61.8 1.2 0.0
1 388.466666667 3.0 43.0 56.0 3.0 0.0
3 538.461538462 0.0 70.0 48.0 5.2 0.0
1 645.692307692 2.0 62.0 64.2 3.4 0.0
2 1492.44 2.0 64.2 43.4 3.2 0.0
3 634.333333333 2.0 61.8 69.2 3.4 0.0
3 537.375 2.0 62.0 64.2 3.4 0.0
1 519.818181818 0.0 63.0 63.6 7.6 0.0
3 565.0 3.0 51.0 69.0 14.0 0.0
1 359.380952381 0.0 47.4 70.4 4.6 0.022
2 504.9375 2.0 60.0 66.8 5.2 0.0
3 353.846153846 0.0 59.0 89.0 8.0 0.0
1 487.5 0.0 56.6 57.2 7.0 0.0
2 471.2 0.0 57.0 72.0 14.0 0.0
2 542.592592593 0.0 54.0 68.6 5.8 0.0
0 351.0 2.0 65.6 74.6 4.4 0.0
2 464.083333333 2.0 68.2 75.2 5.8 0.0
3 444.222222222 2.0 54.8 53.8 4.8 0.0
1 390.625 0.0 54.4 66.8 4.8 0.0
2 3224.30769231 0.0 60.2 72.8 2.4 0.0
0 3614.0 2.0 69.6 68.8 4.8 0.0
3 456.8 3.0 51.4 61.8 1.2 0.0
2 389.666666667 0.0 52.4 62.2 7.0 0.002
2 528.058823529 1.0 69.0 73.0 6.8 0.0
2 473.875 1.0 72.8 64.2 7.4 0.0
2 474.142857143 0.0 57.2 70.6 8.0 0.0
2 500.571428571 2.0 55.4 68.6 3.6 0.0
0 228.0 0.0 57.4 68.2 7.0 0.0
2 587.074074074 0.0 58.0 77.0 9.0 0.0
2 2716.6 1.0 65.0 66.4 6.6 0.0
2 1541.30769231 0.0 59.4 47.4 4.0 0.0
3 347.0 0.0 59.0 72.0 13.0 0.0
3 1021.0 0.0 60.6 83.2 11.4 0.456
3 390.0 3.0 56.0 74.6 6.2 0.0
0 243.0 2.0 60.0 66.8 5.2 0.0
3 504.285714286 0.0 60.2 70.0 6.6 0.0
1 433.125 2.0 53.8 70.8 1.2 0.0
1 408.647058824 2.0 60.0 66.8 5.2 0.0
0 201.0 2.0 57.8 61.4 2.4 0.0
0 255.666666667 0.0 60.2 60.6 9.2 0.0
1 389.470588235 0.0 52.4 81.0 2.6 0.0
2 464.0 3.0 60.0 84.0 4.0 0.0
1 304.133333333 0.0 60.0 45.0 7.8 0.0
2 624.888888889 0.0 58.4 81.4 4.2 0.0
2 3135.57142857 2.0 65.0 64.0 6.0 0.0
2 332.0 2.0 57.0 75.2 5.8 0.01
1 336.388888889 0.0 60.0 68.0 7.0 0.0
2 5277.66666667 2.0 65.6 70.6 4.8 0.0
1 727.5 0.0 62.8 65.8 9.0 0.0
2 537.913043478 0.0 59.6 66.8 6.2 0.0
2 406.666666667 0.0 48.8 70.8 5.8 0.0
3 577.333333333 0.0 52.8 62.6 2.4 0.0
1 438.384615385 0.0 57.0 74.4 5.6 0.0
3 439.4 0.0 51.4 71.6 3.0 0.0
3 641.111111111 0.0 55.0 86.0 5.0 0.0
2 948.904761905 0.0 52.8 70.0 1.8 0.0
2 431.5 2.0 70.2 64.4 4.2 0.0
3 446.0 1.0 65.2 63.8 10.2 0.0
1 3684.75 2.0 70.0 66.8 7.2 0.0
3 260.0 2.0 53.8 70.8 1.2 0.0
1 345.666666667 1.0 67.2 69.8 9.4 0.004
0 192.0 2.0 67.4 64.2 5.6 0.0
2 264.0 3.0 44.8 62.4 2.4 0.0
3 495.5 2.0 62.0 60.2 11.8 0.0
0 440.0 2.0 55.6 64.6 6.4 0.002
3 583.0 2.0 65.4 70.0 6.8 0.0
2 668.565217391 2.0 63.0 30.0 14.0 0.0
1 2789.0 3.0 54.6 69.6 2.0 0.0
0 292.0 3.0 58.0 83.0 2.2 0.004
2 403.0 0.0 57.4 75.6 7.0 0.014
2 4527.0 0.0 58.8 72.6 8.6 0.0
3 415.75 0.0 56.0 75.0 6.0 0.0
2 563.4375 0.0 60.0 61.0 8.0 0.0
0 278.0 2.0 56.0 84.0 13.0 0.0
0 5580.0 0.0 75.4 35.6 5.2 0.0
1 437.0 2.0 71.0 74.0 9.0 0.01
2 780.0 0.0 49.2 58.0 1.6 0.0
1 425.1875 2.0 58.2 70.0 4.0 0.0
0 254.0 1.0 64.8 65.8 7.2 0.0
3 469.4 1.0 61.0 70.0 9.0 0.0
2 1030.35483871 1.0 68.6 58.8 7.0 0.0
2 513.823529412 0.0 62.2 64.0 11.6 0.0
3 585.25 2.0 74.0 41.4 3.6 0.0
2 10353.375 2.0 59.2 73.8 4.2 0.0
3 330.75 2.0 63.6 79.6 5.0 0.0
2 4993.16666667 2.0 61.8 73.6 1.4 0.0
3 110.0 3.0 62.0 86.0 6.0 0.11
1 809.25 0.0 57.4 60.6 4.4 0.0
1 385.882352941 0.0 57.8 47.8 6.8 0.0
1 454.878787879 0.0 61.8 48.6 4.6 0.0
2 262.5 0.0 62.0 63.4 4.6 0.0
2 3816.11111111 0.0 68.6 59.6 3.6 0.0
3 434.8 2.0 59.8 85.6 5.8 0.194
1 273.5 0.0 54.0 67.0 11.0 0.0
2 473.117647059 0.0 60.4 60.0 12.8 0.0
1 328.785714286 0.0 61.4 73.0 8.2 0.0
2 864.473684211 2.0 62.6 74.2 6.0 0.006
1 1717.22222222 1.0 69.0 73.0 6.8 0.0
1 2234.28571429 2.0 62.6 71.4 6.2 0.002
1 366.3 1.0 67.8 68.8 6.8 0.0
2 439.166666667 3.0 61.6 80.6 4.6 0.006
3 336.666666667 0.0 58.0 81.0 15.0 0.22
2 3070.94736842 3.0 48.0 43.6 2.4 0.0
3 511.4 0.0 61.4 73.0 8.2 0.0
3 418.428571429 0.0 57.8 75.4 10.6 0.762
2 564.2 2.0 53.8 54.2 2.2 0.0
3 899.615384615 0.0 49.6 73.2 3.0 0.0
1 8616.66666667 0.0 62.0 65.4 9.4 0.0
0 282.5 2.0 65.2 72.2 3.2 0.002
1 2147.0 0.0 57.0 60.6 3.8 0.0
1 1216.5 1.0 67.8 72.0 8.6 0.0
1 550.8 3.0 58.2 86.0 7.0 0.94
1 493.0 0.0 55.4 89.2 2.6 0.0
0 148.0 0.0 53.8 57.8 9.0 0.0
0 397.0 2.0 68.0 65.8 9.0 0.0
3 612.25 2.0 60.0 61.0 3.0 0.0
3 2317.5 0.0 58.6 71.0 8.6 0.0
3 549.571428571 1.0 68.0 73.0 11.0 0.0
3 488.8 0.0 53.0 76.6 5.0 0.004
2 1674.34615385 0.0 57.4 57.6 8.6 0.0
2 699.8 0.0 55.4 68.6 7.4 0.008
1 344.375 0.0 59.2 68.6 8.2 0.02
3 483.4 0.0 61.6 69.6 5.8 0.0
3 430.75 0.0 58.4 81.6 3.2 0.0
1 773.153846154 1.0 68.0 70.4 8.0 0.0
3 522.0 2.0 71.4 67.6 4.6 0.0
2 450.454545455 0.0 60.4 78.8 7.2 0.0
0 865.0 3.0 60.0 87.0 8.0 0.1
0 169.0 1.0 68.2 68.8 8.0 0.0
0 244.0 2.0 60.4 64.8 5.6 0.0
3 548.0 0.0 59.6 82.4 7.8 0.09
3 474.4 0.0 56.8 69.0 8.6 0.0
3 517.5 0.0 50.4 78.8 2.6 0.0
1 1255.0 0.0 59.6 71.6 7.0 0.0
3 438.0 0.0 58.2 62.0 6.8 0.0
2 3262.4 2.0 66.2 73.6 6.2 0.0
2 728.833333333 0.0 59.0 71.8 8.2 0.0
2 504.684210526 0.0 60.4 62.0 10.8 0.0
2 788.0 2.0 62.8 51.0 3.2 0.0
3 395.0 0.0 53.4 85.8 3.0 0.0
2 2414.48484848 1.0 75.2 63.0 6.4 0.0
1 336.25 1.0 65.2 65.6 9.8 0.0
2 448.941176471 1.0 66.8 72.4 7.2 0.0
1 434.8 2.0 58.4 78.2 3.8 0.0
2 524.529411765 0.0 60.2 60.6 9.2 0.0
3 738.625 2.0 59.0 69.0 9.0 0.0
3 446.5 3.0 50.0 60.0 2.0 0.0
0 2773.5 0.0 62.2 68.4 5.6 0.0
2 386.9 0.0 61.6 69.6 5.8 0.0
3 355.0 2.0 60.2 78.4 3.2 0.004
2 518.4 0.0 58.8 61.6 12.2 0.016
2 508.166666667 2.0 71.6 65.2 6.4 0.0
1 1035.6 3.0 55.0 78.2 7.2 0.024
1 395.0 2.0 65.2 72.6 5.0 0.0
2 876.0 0.0 59.2 60.6 9.4 0.0
0 442.0 0.0 58.0 69.0 19.0 0.08
2 545.0 0.0 52.6 72.0 5.2 0.032
2 674.0 1.0 68.4 75.0 6.2 0.0
1 8972.6 0.0 59.0 76.6 7.0 0.0
3 1599.5 0.0 59.6 63.6 2.0 0.0
1 380.0 0.0 73.0 42.8 5.2 0.0
1 765.5 2.0 55.0 78.0 3.0 0.0
3 783.333333333 2.0 63.4 76.6 6.2 0.35
2 537.375 0.0 55.6 61.4 3.8 0.0
1 1301.0 2.0 53.0 72.2 2.0 0.0
3 694.6 3.0 60.0 87.0 5.0 0.01
1 483.333333333 2.0 69.8 54.2 4.2 0.0
3 294.0 1.0 69.0 72.2 6.8 0.0
1 399.0 0.0 58.8 75.6 6.4 0.004
2 499.0 0.0 57.0 67.0 5.0 0.0
3 1166.8 1.0 68.0 69.0 9.0 0.0
1 460.0 2.0 66.4 71.8 6.0 0.0
2 566.064516129 2.0 65.4 73.2 5.2 0.0
1 417.785714286 3.0 48.8 71.8 3.8 0.0
1 1059.5 0.0 59.0 75.0 4.0 0.0
3 404.666666667 1.0 69.6 66.0 7.0 0.0
3 518.5 2.0 62.8 61.0 6.2 0.0
1 367.166666667 0.0 55.2 74.6 3.6 0.002
0 144.0 1.0 68.0 71.2 8.4 0.0
0 545.0 2.0 58.0 66.0 12.0 0.0
2 823.766666667 2.0 65.0 64.6 9.6 0.0
2 492.6 2.0 58.0 70.0 4.0 0.0
3 587.333333333 2.0 66.0 71.0 8.0 0.0
1 377.6 1.0 65.6 57.4 6.6 0.0
1 430.736842105 0.0 54.6 60.6 3.4 0.0
3 428.0 1.0 68.6 58.8 7.0 0.0
1 647.0 1.0 67.6 66.8 6.2 0.0
2 440.083333333 0.0 53.8 57.8 9.0 0.0
3 1200.0 2.0 62.6 71.4 6.2 0.002
2 550.0 1.0 67.0 62.0 8.0 0.0
2 2429.4 3.0 52.2 66.4 1.2 0.0
1 397.85 3.0 50.6 61.4 7.4 0.0
0 1329.0 0.0 61.0 66.0 5.0 0.0
1 337.833333333 0.0 58.2 57.0 3.0 0.0
2 2384.32 2.0 62.0 46.6 8.4 0.0
3 1311.4 2.0 67.2 71.2 7.2 0.0
3 402.0 1.0 69.2 67.4 8.4 0.0
1 344.0 0.0 52.6 72.0 5.2 0.032
2 996.416666667 2.0 70.8 74.0 7.4 0.0
1 364.5625 2.0 70.2 64.4 4.2 0.0
1 430.034482759 0.0 56.6 46.2 3.6 0.0
1 2005.66666667 0.0 60.4 55.0 10.6 0.0
1 1433.33333333 0.0 49.0 75.8 8.0 0.22
2 640.375 2.0 62.0 64.0 20.0 0.0
3 417.75 1.0 66.2 62.2 7.6 0.0
2 823.5 1.0 69.0 72.2 6.8 0.0
3 684.0 0.0 56.4 67.4 4.2 0.0
1 476.9375 3.0 51.4 61.8 1.2 0.0
1 2554.77272727 1.0 75.2 63.0 6.4 0.0
2 540.173913043 0.0 59.4 69.8 10.0 0.054
0 463.0 0.0 67.0 70.0 6.0 0.0
3 508.428571429 0.0 70.0 47.0 6.0 0.0
0 398.0 0.0 59.6 66.8 6.2 0.0
3 876.0 2.0 61.8 59.2 5.2 0.0
1 330.75 2.0 57.6 65.8 9.6 0.0
3 149.333333333 0.0 63.0 66.2 7.2 0.0
1 704.214285714 0.0 61.0 73.2 6.0 0.04
2 506.0 1.0 66.6 73.2 7.4 0.0
1 487.157894737 0.0 60.6 85.0 4.2 0.004
0 225.0 0.0 59.4 66.8 7.6 0.0
3 442.0 2.0 61.0 52.0 0.0 0.0
1 479.75 2.0 59.0 50.6 1.2 0.0
3 188.0 2.0 55.2 75.8 7.8 0.002
2 458.8 2.0 61.0 80.0 8.0 0.32
3 789.6 0.0 55.0 56.0 3.0 0.0
2 598.0 0.0 51.0 63.0 6.0 0.0
3 291.5 2.0 62.0 60.0 7.0 0.0
1 777.5625 0.0 70.0 48.0 5.2 0.0
1 402.0 3.0 52.2 66.4 1.2 0.0
0 306.0 2.0 56.0 69.0 6.0 0.0
1 697.5 2.0 60.6 66.4 6.6 0.0
0 168.0 2.0 68.4 73.0 8.4 0.0
1 534.363636364 1.0 64.4 66.2 7.8 0.0
3 449.75 0.0 61.4 55.0 10.0 0.0
2 880.379310345 2.0 69.8 67.6 6.6 0.0
2 552.133333333 2.0 53.0 69.2 1.0 0.0
3 720.25 2.0 51.0 63.0 2.0 0.0
0 246.0 0.0 54.0 35.0 7.0 0.0
2 519.296296296 2.0 63.0 79.6 6.4 0.0
0 396.0 0.0 58.0 70.0 10.0 0.0
3 1450.5 0.0 56.0 65.6 5.8 0.014
0 381.5 2.0 53.8 70.8 1.2 0.0
2 456.315789474 0.0 54.6 34.4 9.4 0.0
1 359.833333333 0.0 52.0 74.2 2.6 0.0
1 427.2 0.0 67.8 60.8 6.6 0.0
3 455.333333333 1.0 69.6 56.8 6.8 0.0
2 3044.25 0.0 67.2 36.4 7.4 0.0
2 496.655172414 1.0 63.2 65.0 7.2 0.0
3 753.5 2.0 57.6 71.6 5.6 0.0
3 659.0 0.0 64.6 67.0 8.2 0.0
3 567.375 1.0 68.0 66.8 7.8 0.0
2 1860.83333333 0.0 44.6 45.4 3.8 0.0
3 271.0 0.0 47.0 53.0 17.0 0.0
2 309.5 2.0 58.6 81.0 6.6 0.226
2 513.090909091 0.0 54.0 88.0 4.0 0.0
2 479.0 0.0 53.0 64.2 7.4 0.028
1 444.75 0.0 69.4 45.4 3.8 0.0
3 442.0 2.0 55.0 93.0 4.0 0.66
3 374.75 0.0 57.0 74.0 14.0 0.0
3 388.4 0.0 60.2 65.0 8.6 0.0
3 410.875 0.0 55.0 56.0 9.0 0.0
1 478.6 3.0 52.0 64.0 1.2 0.0
0 417.0 0.0 59.0 75.0 9.0 0.0
1 8179.77777778 0.0 59.2 62.2 6.2 0.0
2 2090.0 0.0 59.0 76.6 7.0 0.0
0 345.0 0.0 59.4 47.4 4.0 0.0
1 742.380952381 1.0 65.2 63.8 10.2 0.0
1 273.5 2.0 61.0 79.0 2.0 0.0
1 378.8125 0.0 58.2 73.4 1.8 0.0
3 552.333333333 0.0 58.0 61.0 7.0 0.0
1 467.15 0.0 64.8 68.8 7.6 0.0
3 438.666666667 3.0 56.0 85.0 12.0 0.25
2 580.294117647 2.0 58.4 78.2 3.8 0.0
2 454.777777778 3.0 49.6 70.2 3.2 0.0
2 364.333333333 2.0 64.8 74.6 9.0 0.106
3 377.571428571 2.0 68.8 66.6 6.8 0.0
2 427.823529412 2.0 56.0 64.8 3.4 0.0
2 576.2 2.0 60.6 58.2 2.0 0.0
2 714.5 0.0 52.8 65.8 4.4 0.0
3 1192.6 2.0 67.6 59.4 5.4 0.0
1 435.210526316 1.0 64.8 65.8 7.2 0.0
2 499.923076923 0.0 59.6 71.2 8.4 0.0
3 420.555555556 2.0 69.8 54.2 4.2 0.0
3 104.0 1.0 68.6 68.4 7.0 0.0
1 329.571428571 0.0 60.4 78.8 7.2 0.0
1 3053.33333333 2.0 67.2 35.6 2.4 0.0
2 553.185185185 2.0 67.6 59.4 5.4 0.0
3 424.0 0.0 63.0 71.0 7.0 0.0
1 951.0 2.0 72.2 63.6 5.0 0.0
3 320.0 2.0 68.6 67.2 7.8 0.0
1 399.692307692 2.0 64.8 64.6 2.4 0.0
3 322.0 0.0 61.0 69.0 16.0 0.0
2 610.541666667 2.0 67.0 72.0 9.0 0.0
2 555.894736842 2.0 60.2 78.4 3.2 0.004
2 1150.91666667 1.0 67.2 69.0 6.2 0.0
3 683.75 1.0 68.4 75.0 6.2 0.0
0 5549.0 3.0 56.0 76.6 8.6 0.306
1 443.909090909 2.0 59.6 78.8 3.6 0.004
2 530.8 0.0 63.0 65.0 12.0 0.0
2 2000.18181818 1.0 68.0 74.0 14.0 0.0
2 2981.66666667 0.0 52.4 64.0 2.2 0.0
0 425.0 0.0 57.4 60.6 4.4 0.0
1 375.611111111 0.0 58.4 71.0 2.2 0.0
2 605.551724138 2.0 63.6 79.6 5.0 0.0
1 433.8 0.0 63.8 72.2 7.8 0.0
2 491.714285714 1.0 69.6 66.0 7.0 0.0
1 416.357142857 0.0 53.0 83.0 2.6 0.0
1 381.25 2.0 56.0 69.6 4.0 0.0
0 525.0 1.0 64.0 77.0 8.0 0.0
2 631.25 1.0 67.8 68.8 6.8 0.0
3 2374.75 2.0 69.0 76.8 6.4 0.0
2 371.25 0.0 67.4 59.0 6.8 0.0
2 1015.0 2.0 57.6 71.6 5.6 0.0
3 601.142857143 0.0 52.8 71.0 4.4 0.0
2 472.148148148 0.0 58.8 70.0 6.8 0.0
3 365.0 1.0 68.0 71.0 8.0 0.0
3 352.8 1.0 62.6 66.8 8.0 0.0
3 799.0 2.0 70.8 74.0 7.4 0.0
1 266.25 1.0 67.4 63.8 8.4 0.0
1 2615.2 0.0 68.6 59.6 3.6 0.0
3 589.0 0.0 55.6 81.2 3.2 0.0
3 388.0 0.0 65.4 49.4 6.4 0.0
2 559.0 2.0 59.0 81.0 4.0 0.0
1 469.047619048 1.0 64.0 53.4 7.2 0.0
1 4902.6 0.0 48.2 76.0 1.6 0.0
1 1241.0 2.0 59.2 73.8 4.2 0.0
1 363.25 0.0 55.8 76.6 2.2 0.0
0 288.0 2.0 65.8 66.2 4.6 0.0
1 2942.68421053 2.0 68.8 66.6 6.8 0.0
1 319.583333333 2.0 56.4 79.2 4.6 0.208
2 916.25 2.0 57.0 76.0 4.4 0.0
0 986.5 1.0 65.6 69.8 8.6 0.0
3 496.75 0.0 51.0 60.8 1.8 0.0
1 1058.25 1.0 66.6 73.2 7.4 0.0
1 527.666666667 2.0 68.6 56.8 5.0 0.0
1 813.222222222 2.0 68.8 64.2 7.2 0.342
2 2605.23076923 2.0 70.0 66.8 4.6 0.0
1 558.090909091 2.0 65.4 76.0 6.2 0.32
2 535.434782609 1.0 64.2 70.6 8.0 0.0
1 481.0 1.0 68.4 65.0 6.0 0.0
3 453.0 1.0 64.0 75.0 9.0 0.0
1 3142.75 0.0 47.8 69.0 1.0 0.0
2 446.9375 0.0 58.0 68.0 2.0 0.0
3 347.833333333 0.0 59.2 68.6 8.2 0.02
2 559.55 0.0 67.0 55.0 6.0 0.0
1 454.227272727 0.0 58.4 65.8 3.2 0.0
2 611.125 2.0 56.2 69.6 4.2 0.0
2 387.0 2.0 67.0 71.0 8.0 0.0
3 423.625 2.0 62.8 51.0 3.2 0.0
3 383.0 0.0 57.8 73.4 11.2 0.178
2 516.571428571 0.0 56.0 84.6 5.2 0.0
2 502.888888889 1.0 69.8 71.2 6.6 0.0
2 486.961538462 2.0 60.4 64.8 5.6 0.0
1 614.0 2.0 54.6 66.8 1.6 0.0
1 473.933333333 0.0 58.0 78.2 4.4 0.0
0 410.0 2.0 56.0 85.8 3.4 0.184
3 421.0 0.0 55.4 72.2 8.0 0.132
1 411.136363636 3.0 60.6 76.8 3.6 0.002
3 315.285714286 1.0 71.0 69.0 7.6 0.0
2 494.535714286 1.0 65.0 70.0 5.8 0.0
3 247.5 3.0 48.8 71.8 3.8 0.0
2 347.428571429 2.0 52.0 84.0 6.0 0.0
1 593.466666667 2.0 68.6 71.2 7.2 0.0
1 370.555555556 2.0 57.8 61.4 2.4 0.0
1 7693.33333333 0.0 50.8 48.6 1.8 0.0
2 333.5 0.0 62.8 65.8 9.0 0.0
1 3623.0 2.0 65.6 70.6 4.8 0.0
3 446.875 2.0 65.2 72.6 5.0 0.0
1 443.4375 1.0 67.2 67.6 9.0 0.0
3 448.0 0.0 58.0 77.0 12.0 0.63
2 2401.33333333 0.0 57.6 65.4 6.0 0.0
1 935.173913043 1.0 74.2 60.2 6.0 0.0
0 296.0 3.0 44.4 63.8 1.4 0.0
1 417.631578947 2.0 56.0 80.2 3.0 0.002
3 1431.66666667 1.0 62.4 67.4 8.0 0.0
1 486.0 0.0 56.0 66.6 5.4 0.022
2 2447.4 2.0 65.8 55.4 5.0 0.0
2 558.0 2.0 57.0 73.0 4.4 0.0
2 2826.75 0.0 63.6 70.6 8.0 0.0
3 519.6 1.0 69.4 72.2 6.4 0.0
3 785.333333333 0.0 62.2 64.0 11.6 0.0
1 369.166666667 2.0 62.8 61.0 6.2 0.0
3 414.0 1.0 68.6 70.2 8.2 0.0
2 568.5 0.0 54.4 61.8 10.2 0.0
2 1552.11111111 0.0 57.4 60.6 4.4 0.0
3 394.4 1.0 68.0 70.4 8.0 0.0
2 1288.125 2.0 74.0 41.4 3.6 0.0
3 525.25 0.0 54.2 54.4 3.0 0.0
2 580.896551724 1.0 69.4 72.8 7.6 0.0
1 592.0 3.0 53.2 63.8 1.6 0.0
1 1168.33333333 0.0 53.0 64.2 7.4 0.028
0 183.0 1.0 67.2 69.8 9.4 0.004
3 520.666666667 2.0 71.0 55.0 5.0 0.0
1 429.227272727 0.0 60.0 73.0 6.0 0.26
2 1008.0 0.0 67.8 57.8 6.6 0.0
3 455.142857143 2.0 58.0 74.0 2.6 0.0
3 475.0 2.0 63.8 75.4 8.2 0.0
2 6926.33333333 0.0 53.4 85.8 3.0 0.0
2 556.28 2.0 58.8 46.6 3.0 0.0
2 497.789473684 0.0 55.0 74.0 4.0 0.0
3 426.666666667 3.0 46.0 67.0 4.0 0.0
1 1567.04347826 2.0 63.2 68.8 8.8 0.0
3 385.285714286 0.0 59.6 66.8 6.2 0.0
0 328.666666667 2.0 52.0 84.0 6.0 0.0
3 354.0 3.0 42.0 53.0 10.0 0.0
3 562.25 0.0 53.8 57.0 3.0 0.0
2 504.5 1.0 64.4 66.2 7.8 0.0
3 430.25 1.0 70.6 65.4 8.0 0.002
0 424.0 0.0 62.0 64.0 16.0 0.0
2 1195.04545455 0.0 62.4 55.4 5.8 0.0
2 4275.57142857 1.0 69.6 56.8 6.8 0.0
1 5086.5 0.0 67.8 57.8 6.6 0.0
1 329.777777778 0.0 56.8 69.0 8.6 0.0
1 3975.25 3.0 51.6 56.8 10.4 0.0
1 221.6 1.0 61.4 66.2 8.8 0.0
3 291.0 2.0 61.0 80.0 9.0 0.0
3 300.4 0.0 53.4 70.4 7.4 0.0
3 662.0 3.0 60.0 83.4 4.4 0.018
2 476.5 0.0 58.0 68.0 11.0 0.0
1 475.619047619 0.0 54.0 84.4 3.6 0.0
1 482.0 1.0 66.0 69.6 6.8 0.0
1 459.714285714 1.0 69.0 68.6 8.0 0.0
3 309.333333333 0.0 62.0 64.0 16.0 0.0
2 859.217391304 2.0 65.4 76.0 6.2 0.32
0 661.0 1.0 66.8 72.4 7.2 0.0
2 415.642857143 3.0 61.0 86.0 12.0 1.43
2 794.259259259 1.0 71.0 69.0 7.6 0.0
1 1088.25 0.0 53.0 54.6 1.4 0.0
2 614.181818182 2.0 63.4 62.4 4.0 0.0
1 620.4 0.0 62.8 67.0 6.4 0.0
0 235.0 2.0 76.2 52.8 4.2 0.0
0 264.0 1.0 65.0 73.0 10.0 0.0
0 189.0 0.0 56.0 65.6 5.8 0.014
1 298.0 2.0 65.8 55.4 5.0 0.0
2 540.958333333 0.0 61.4 55.0 10.0 0.0
2 879.8 1.0 65.6 69.8 8.6 0.0
2 627.2 0.0 55.0 45.0 5.0 0.0
0 266.0 2.0 56.6 69.0 5.2 0.0
1 468.333333333 0.0 60.8 68.2 6.8 0.0
0 351.5 2.0 70.0 66.8 7.2 0.0
1 449.954545455 2.0 71.6 43.0 3.6 0.0
0 532.0 2.0 62.0 60.0 7.0 0.0
1 346.272727273 2.0 58.6 78.4 4.2 0.0
2 1408.4 0.0 60.8 68.2 6.8 0.0
1 340.473684211 3.0 48.0 60.0 3.0 0.0
3 657.5 0.0 53.4 81.8 4.6 0.004
0 2247.0 0.0 57.0 70.0 13.0 0.0
2 435.818181818 3.0 46.2 70.8 2.2 0.0
1 349.75 1.0 63.2 70.4 9.6 0.0
2 497.684210526 0.0 50.0 75.2 4.8 0.0
1 5603.28571429 0.0 50.2 91.2 2.2 0.0
2 703.333333333 0.0 55.6 85.8 5.0 0.006
3 1677.5 2.0 63.4 62.4 4.0 0.0
1 528.5 0.0 65.2 58.0 5.2 0.0
1 473.636363636 0.0 51.4 77.6 9.6 0.268
0 304.0 0.0 61.0 71.0 10.0 0.0
3 544.875 2.0 65.0 66.0 19.0 0.0
2 521.75 0.0 61.6 77.2 18.0 0.696
0 238.0 2.0 61.4 68.4 4.2 0.0
2 2796.55555556 0.0 53.2 55.0 1.8 0.0
3 652.5 3.0 60.8 84.2 10.8 0.93
3 282.0 1.0 60.0 73.0 10.0 0.0
3 433.2 0.0 60.0 45.0 2.0 0.0
3 366.0 0.0 58.0 60.0 18.0 0.0
3 1328.0 2.0 66.2 73.6 6.2 0.0
1 412.529411765 2.0 63.6 79.6 5.0 0.0
2 546.913043478 0.0 51.0 69.0 2.0 0.0
0 302.5 2.0 63.0 79.6 6.4 0.0
3 467.0 1.0 69.6 73.6 6.0 0.0
2 695.222222222 0.0 63.0 57.2 7.8 0.0
2 532.5 0.0 53.8 84.8 3.0 0.0
1 493.375 2.0 55.2 78.6 4.0 0.0
1 477.368421053 0.0 59.6 70.2 7.8 0.004
2 364.5 2.0 56.8 83.0 4.4 0.272
1 495.782608696 2.0 71.6 65.2 6.4 0.0
2 440.555555556 0.0 48.2 76.0 1.6 0.0
0 390.0 0.0 52.8 67.2 3.2 0.0
2 385.529411765 0.0 53.0 73.0 3.0 0.0
1 726.333333333 0.0 59.4 60.4 3.6 0.0
3 506.0 2.0 65.2 72.2 3.2 0.002
1 355.0 0.0 62.2 68.4 5.6 0.0
1 539.923076923 0.0 51.2 61.6 0.8 0.0
2 536.580645161 0.0 67.0 49.6 6.0 0.0
2 798.166666667 1.0 67.4 63.8 8.4 0.0
0 767.0 2.0 66.0 72.0 13.0 0.0
2 568.807692308 1.0 68.0 69.0 9.0 0.0
3 841.0 3.0 43.8 63.8 8.6 0.064
0 529.0 2.0 68.6 67.2 7.8 0.0
3 498.0 2.0 66.0 67.0 7.0 0.0
3 484.285714286 0.0 49.0 87.0 2.0 0.0
0 378.0 0.0 57.0 59.8 6.2 0.0
2 761.208333333 0.0 59.4 66.8 7.6 0.0
2 2005.25 0.0 64.0 61.2 11.6 0.0
0 498.0 2.0 69.8 54.2 4.2 0.0
0 159.0 2.0 66.0 60.0 10.0 0.0
2 531.315789474 0.0 54.0 72.0 4.4 0.0
3 452.75 2.0 67.0 43.6 4.4 0.0
1 393.0 2.0 53.8 54.2 2.2 0.0
1 901.0 3.0 44.8 62.4 2.4 0.0
1 1398.0 0.0 62.0 62.2 5.6 0.0
2 544.733333333 2.0 70.6 73.4 6.6 0.002
3 2009.66666667 0.0 57.6 65.4 6.0 0.0
0 428.0 2.0 59.8 85.6 5.8 0.194
1 417.0 0.0 57.6 65.4 6.0 0.0
0 772.0 2.0 65.4 46.8 3.6 0.0
2 476.157894737 1.0 72.6 70.4 7.2 0.0
0 167.0 0.0 56.8 47.4 11.6 0.0
2 542.611111111 3.0 56.0 74.6 6.2 0.0
3 711.0 0.0 59.0 73.0 3.0 0.0
2 812.5 3.0 50.4 63.0 1.8 0.0
1 526.846153846 0.0 66.4 59.8 4.0 0.0
2 1880.25 0.0 59.0 75.0 9.0 0.0
2 460.9375 0.0 59.6 70.2 7.8 0.004
3 497.0 0.0 58.8 61.6 12.2 0.016
2 442.111111111 3.0 47.4 65.4 1.0 0.0
1 391.333333333 3.0 56.0 74.6 6.2 0.0
3 372.5 0.0 62.0 63.4 4.6 0.0
2 447.2 0.0 69.4 45.4 3.8 0.0
3 473.636363636 0.0 62.2 68.4 5.6 0.0
3 462.0 2.0 58.4 70.0 2.8 0.0
2 566.5 2.0 72.2 63.6 5.0 0.0
3 613.666666667 2.0 71.6 65.2 6.4 0.0
3 472.166666667 2.0 65.4 76.0 6.2 0.32
3 508.6 0.0 59.0 87.0 8.0 0.0
2 774.375 1.0 69.2 68.4 6.2 0.0
1 669.0 3.0 50.4 63.0 1.8 0.0
3 349.5 0.0 65.6 60.0 4.0 0.0
3 421.0 2.0 54.6 59.4 5.2 0.0
1 403.076923077 0.0 58.4 81.4 4.2 0.0
2 519.36 1.0 66.2 73.2 7.8 0.0
1 764.333333333 0.0 60.0 66.4 7.4 0.0
1 620.071428571 3.0 59.8 81.2 3.0 0.028
1 392.0 1.0 69.6 73.6 6.0 0.0
1 536.76 1.0 68.0 66.0 7.4 0.0
3 577.5 0.0 54.6 34.4 9.4 0.0
3 580.0 0.0 60.8 68.2 6.8 0.0
3 445.857142857 0.0 53.8 76.8 3.4 0.0
2 482.0 0.0 57.8 75.4 10.6 0.762
0 273.0 3.0 41.0 60.2 1.2 0.0
3 1051.25 1.0 64.0 53.4 7.2 0.0
1 444.055555556 2.0 62.6 64.8 4.4 0.0
3 437.8 0.0 58.8 65.8 6.2 0.006
1 412.388888889 0.0 57.4 57.6 8.6 0.0
2 1512.5 0.0 59.4 60.4 3.6 0.0
2 508.875 0.0 56.2 47.0 1.8 0.0
1 1257.42857143 0.0 59.8 65.2 3.4 0.0
3 344.857142857 0.0 59.8 69.0 6.0 0.214
3 179.0 3.0 43.6 65.4 5.4 0.122
1 478.588235294 2.0 65.6 75.0 8.0 0.0
2 503.714285714 0.0 55.2 76.8 8.4 0.22
3 638.833333333 0.0 56.0 72.0 15.0 0.0
1 371.625 0.0 56.0 61.0 4.4 0.0
2 739.0 2.0 60.6 63.0 4.2 0.0
3 768.5 2.0 60.6 68.2 3.8 0.0
2 1243.55 1.0 70.4 73.2 7.4 0.0
0 532.0 0.0 60.2 72.8 2.4 0.0
3 233.0 2.0 66.8 70.6 6.2 0.0
2 617.761904762 2.0 55.4 66.0 6.0 0.0
0 618.0 2.0 58.0 72.0 5.0 0.0
1 586.857142857 1.0 68.6 70.4 7.0 0.0
0 246.0 0.0 58.0 81.0 15.0 0.22
1 512.0 0.0 57.8 73.4 11.2 0.178
3 857.5 2.0 57.0 75.2 5.8 0.01
3 604.857142857 0.0 69.4 63.8 5.0 0.0
2 552.5 2.0 63.2 68.8 8.8 0.0
1 1071.38461538 0.0 54.0 68.6 5.8 0.0
2 3013.66666667 0.0 41.8 64.6 2.0 0.0
3 384.5 0.0 59.4 47.4 4.0 0.0
2 493.043478261 0.0 60.0 72.0 5.0 0.0
2 575.315789474 2.0 64.0 73.6 6.2 0.0
2 576.0 2.0 56.2 61.6 3.8 0.002
3 1013.0 1.0 70.0 73.2 9.0 0.0
3 174.0 0.0 52.2 52.8 1.8 0.0
3 519.166666667 2.0 60.6 66.4 6.6 0.0
3 429.666666667 0.0 60.2 60.6 9.2 0.0
1 403.0 0.0 53.6 70.2 3.0 0.0
0 384.0 0.0 64.6 67.0 8.2 0.0
3 713.25 2.0 68.2 75.2 5.8 0.0
2 425.0 0.0 55.6 80.4 5.4 0.082
2 8553.13636364 2.0 59.2 62.4 4.2 0.0
3 483.666666667 3.0 48.0 43.6 2.4 0.0
3 710.6 1.0 70.0 70.0 7.0 0.0
1 483.4 0.0 58.8 65.8 6.2 0.006
2 422.227272727 3.0 41.0 60.2 1.2 0.0
2 476.045454545 0.0 51.8 84.6 2.0 0.004
1 423.25 0.0 45.8 74.0 2.4 0.0
1 298.0 0.0 58.4 58.2 8.2 0.0
1 447.0 0.0 54.0 64.0 7.0 0.0
2 618.352941176 2.0 59.0 50.6 1.2 0.0
2 1727.88888889 1.0 63.6 62.8 9.0 0.0
1 426.363636364 0.0 69.4 63.8 5.0 0.0
2 1384.0 2.0 56.6 66.6 2.4 0.0
1 487.2 2.0 67.2 67.8 5.6 0.0
3 395.0 2.0 70.0 64.0 7.0 0.0
2 501.56 3.0 44.4 63.8 1.4 0.0
1 340.791666667 2.0 63.4 62.4 4.0 0.0
3 423.333333333 2.0 56.0 69.0 6.0 0.0
3 433.4 0.0 56.0 84.0 5.0 0.0
3 405.0 0.0 61.2 70.0 6.0 0.0
2 2538.29411765 2.0 53.8 70.8 1.2 0.0
2 964.615384615 1.0 65.2 63.8 10.2 0.0
1 2876.61111111 0.0 57.0 72.0 14.0 0.01
2 6808.5 1.0 66.0 69.6 6.8 0.0
3 306.5 0.0 58.0 65.8 7.8 0.0
3 627.25 0.0 63.0 57.2 7.8 0.0
2 458.0 0.0 54.4 66.8 4.8 0.0
2 5612.88888889 2.0 76.2 52.8 4.2 0.0
1 435.611111111 0.0 59.8 69.0 9.0 0.0
1 454.6 2.0 62.0 46.6 8.4 0.0
3 581.6 0.0 59.8 69.0 9.0 0.0
3 628.0 1.0 67.8 72.0 8.6 0.0
0 237.0 0.0 52.6 66.8 2.6 0.0
2 650.828571429 0.0 58.2 57.0 3.0 0.0
0 844.0 2.0 74.6 41.8 3.4 0.0
0 314.0 0.0 62.4 66.2 5.8 0.0
0 363.0 2.0 59.0 69.0 9.0 0.0
3 403.6 0.0 59.0 60.0 19.0 0.0
3 444.5 2.0 53.6 72.4 4.6 0.0
3 354.8 0.0 54.0 72.0 4.4 0.0
3 426.666666667 3.0 50.0 64.0 2.0 0.0
2 489.96969697 1.0 65.6 57.4 6.6 0.0
2 3331.4137931 1.0 62.0 68.4 8.0 0.0
1 1187.88888889 2.0 68.6 64.0 5.8 0.0
1 495.870967742 2.0 58.8 46.6 3.0 0.0
2 484.458333333 2.0 66.4 71.8 6.0 0.0
3 487.0 3.0 60.6 76.8 3.6 0.002
1 395.352941176 0.0 61.0 65.2 7.0 0.002
2 552.642857143 0.0 66.6 64.0 3.6 0.0
2 1008.70588235 0.0 58.8 75.6 6.4 0.004
0 555.0 0.0 63.0 71.0 7.0 0.0
2 519.8 0.0 51.4 77.6 9.6 0.268
1 3013.66666667 3.0 48.0 71.2 2.2 0.0
2 360.0 0.0 50.2 91.2 2.2 0.0
3 360.666666667 0.0 61.0 66.0 5.0 0.0
2 494.0 0.0 58.0 67.0 3.0 0.0
3 305.5 2.0 64.0 73.0 5.0 0.0
3 487.0 0.0 50.6 85.6 7.2 0.458
3 380.5 0.0 59.0 73.0 6.0 0.0
3 410.5 0.0 60.0 74.0 9.6 0.0
2 656.333333333 2.0 67.4 74.0 6.8 0.0
1 2121.0 0.0 50.8 71.8 4.6 0.0
3 363.8 2.0 57.0 73.0 9.0 0.0
3 322.666666667 2.0 58.0 66.0 12.0 0.0
2 989.074074074 2.0 63.0 60.2 6.4 0.0
1 392.954545455 0.0 47.0 70.0 4.2 0.0
2 434.4 3.0 44.4 59.4 1.4 0.0
3 973.0 0.0 62.0 63.0 10.0 0.03
1 424.285714286 0.0 57.0 59.8 6.2 0.0
1 1187.29166667 0.0 56.4 45.6 2.4 0.0
3 3748.5 1.0 65.0 63.2 6.2 0.0
3 522.25 0.0 57.0 67.0 6.0 0.0
3 408.0 0.0 67.4 59.0 6.8 0.0
3 496.25 0.0 53.0 73.0 3.0 0.0
2 1475.75 0.0 62.8 67.0 6.4 0.0
0 356.0 2.0 53.0 69.2 1.0 0.0
3 946.0 3.0 50.0 49.0 7.0 0.0
3 414.0 0.0 63.6 70.6 8.0 0.0
0 248.0 3.0 51.0 69.0 14.0 0.0
2 701.8 2.0 55.6 64.6 6.4 0.002
2 2010.16666667 1.0 62.2 65.6 6.4 0.0
1 492.130434783 0.0 60.8 67.4 6.6 0.0
3 450.166666667 0.0 56.0 61.0 4.4 0.0
1 359.761904762 2.0 60.6 68.2 3.8 0.0
2 479.421052632 2.0 67.0 43.6 4.4 0.0
2 560.304347826 2.0 70.0 62.0 7.0 0.0
2 443.857142857 0.0 55.8 62.0 6.6 0.002
3 386.5 0.0 58.0 75.0 7.0 0.0
0 536.0 2.0 65.2 42.4 2.4 0.0
2 1231.07142857 2.0 63.4 76.6 6.2 0.35
2 586.083333333 2.0 66.0 67.0 7.0 0.0
2 598.277777778 3.0 53.0 52.0 12.0 0.0
2 1247.375 0.0 54.4 85.4 3.6 0.002
2 1347.85714286 0.0 65.2 58.0 5.2 0.0
3 577.0 2.0 68.4 65.0 4.8 0.0
0 1127.0 0.0 52.8 70.2 6.6 0.008
0 240.0 0.0 57.0 72.0 13.0 0.0
3 545.0 2.0 64.8 74.6 9.0 0.106
1 1052.85714286 1.0 67.6 72.0 7.6 0.0
1 561.75 3.0 57.8 82.0 3.2 0.0
3 401.75 0.0 56.0 86.0 5.0 0.0
1 390.0 0.0 56.8 54.4 1.8 0.0
3 441.857142857 1.0 64.8 65.8 7.2 0.0
2 559.517241379 1.0 64.0 66.0 12.0 0.0
2 545.05 2.0 58.0 74.0 2.6 0.0
1 536.5 1.0 65.0 63.2 6.2 0.0
3 328.0 1.0 60.0 73.0 11.0 0.0
1 473.6 3.0 48.0 43.6 2.4 0.0
1 461.967741935 0.0 75.0 43.0 6.0 0.0
3 476.0 0.0 56.8 79.6 10.8 0.544
3 307.0 1.0 61.0 74.0 9.0 0.0
1 357.538461538 0.0 51.8 77.6 1.6 0.0
3 530.25 1.0 72.6 70.4 7.2 0.0
1 6351.19230769 0.0 65.4 31.2 10.6 0.0
3 327.666666667 3.0 40.2 49.2 4.2 0.0
0 417.0 0.0 57.0 74.0 12.0 0.0
3 517.25 2.0 56.2 69.6 4.2 0.0
1 246.5 2.0 54.0 69.2 6.0 0.0
3 321.666666667 0.0 54.0 63.0 13.0 0.0
3 435.428571429 2.0 56.8 88.4 5.4 0.348
2 787.444444444 2.0 60.0 66.0 10.0 0.0
3 583.142857143 2.0 67.2 67.8 5.6 0.0
1 407.153846154 0.0 51.2 78.0 9.0 0.302
3 406.0 0.0 66.4 59.8 4.0 0.0
0 405.0 0.0 61.4 73.0 8.2 0.0
2 616.333333333 2.0 63.8 75.4 8.2 0.0
0 965.666666667 2.0 68.8 64.2 7.2 0.342
2 4128.0 1.0 69.0 71.2 7.6 0.0
2 1651.0 0.0 56.0 66.6 5.4 0.022
3 510.8 2.0 66.4 71.8 6.0 0.0
3 367.75 0.0 60.2 76.8 6.4 0.0
1 2194.17647059 0.0 61.0 56.4 6.0 0.0
2 473.034482759 0.0 52.8 70.2 6.6 0.008
1 369.666666667 0.0 54.0 92.0 11.0 0.23
1 446.722222222 0.0 52.4 69.2 1.2 0.0
3 371.666666667 3.0 40.6 50.8 2.2 0.0
1 6675.33333333 2.0 56.6 66.6 2.4 0.0
2 485.04 1.0 72.4 64.6 6.6 0.0
1 354.8 3.0 48.2 69.2 1.0 0.0
3 728.5 0.0 64.8 68.8 7.6 0.0
2 432.952380952 1.0 74.2 60.2 6.0 0.0
0 611.0 2.0 56.0 55.0 5.0 0.0
3 613.5 3.0 46.2 70.8 2.2 0.0
3 709.0 2.0 70.0 71.0 9.0 0.0
1 462.25 2.0 60.2 78.4 3.2 0.004
0 285.0 1.0 62.0 71.0 9.0 0.0
1 564.0 2.0 52.2 67.0 2.0 0.0
2 559.055555556 0.0 59.4 77.0 4.6 0.0
3 665.5 3.0 57.6 81.4 2.0 0.014
2 771.6 0.0 62.0 62.2 5.6 0.0
1 446.2 2.0 56.2 69.6 4.2 0.0
3 371.5 0.0 52.6 66.8 2.6 0.0
2 1739.0 2.0 70.0 66.8 7.2 0.0
2 960.28 0.0 55.0 63.0 6.0 0.0
1 591.2 0.0 60.2 60.6 9.2 0.0
3 337.75 0.0 66.0 26.0 16.0 0.0
1 1723.71428571 0.0 58.0 69.0 9.0 0.0
1 7315.8 1.0 69.0 71.2 7.6 0.0
2 1099.28571429 3.0 48.2 69.2 1.0 0.0
3 497.5 0.0 57.4 68.2 7.0 0.0
2 320.0 0.0 59.2 62.2 6.2 0.0
2 932.090909091 0.0 60.0 64.8 7.4 0.0
0 9392.0 2.0 56.0 83.0 4.0 0.0
0 398.0 0.0 53.0 81.0 3.0 0.0
1 517.666666667 0.0 56.8 79.6 10.8 0.544
1 398.090909091 0.0 53.0 76.6 5.0 0.004
2 535.4 0.0 56.8 79.6 10.8 0.544
2 477.56 1.0 61.2 63.2 9.4 0.0
2 492.0 3.0 54.0 60.0 15.0 0.0
3 684.666666667 0.0 61.6 42.8 10.6 0.0
2 1033.69565217 2.0 68.6 56.8 5.0 0.0
3 385.5 0.0 55.0 60.0 2.0 0.0
3 359.0 2.0 65.6 74.6 4.4 0.0
2 458.888888889 0.0 54.6 52.0 3.4 0.0
0 272.0 2.0 71.6 43.0 3.6 0.0
3 394.25 2.0 65.0 70.0 10.0 0.0
0 264.0 0.0 73.0 53.0 5.0 0.0
1 339.0 0.0 61.4 69.6 5.2 0.0
2 244.0 0.0 54.2 59.2 7.8 0.0
1 487.153846154 3.0 60.8 84.2 10.8 0.93
3 632.285714286 2.0 62.8 50.8 6.4 0.0
1 477.133333333 1.0 64.6 71.4 6.4 0.0
3 567.0 2.0 59.2 62.4 4.2 0.0
3 503.0 0.0 74.8 35.2 4.2 0.0
0 346.0 2.0 54.0 79.0 4.0 0.0
2 505.392857143 1.0 70.2 73.6 8.4 0.0
3 486.6 2.0 57.0 69.0 15.0 0.0
1 463.3 2.0 60.0 73.6 3.2 0.0
1 991.130434783 0.0 67.8 42.8 4.8 0.0
3 451.285714286 1.0 64.0 72.0 11.0 0.0
0 341.0 2.0 61.0 68.0 6.0 0.0
2 911.117647059 2.0 68.0 65.8 9.0 0.0
1 398.117647059 2.0 62.6 74.2 6.0 0.006
2 672.0 1.0 68.0 69.8 7.2 0.0
1 3253.0 0.0 59.0 66.8 7.6 0.0
0 257.0 1.0 65.6 57.4 6.6 0.0
3 425.666666667 2.0 59.0 54.0 4.0 0.0
1 1020.8125 2.0 63.0 79.6 6.4 0.0
1 397.944444444 2.0 69.8 67.6 6.6 0.0
0 2149.0 0.0 52.0 74.2 2.6 0.0
3 438.5 0.0 59.2 77.0 6.4 0.008
2 393.0 0.0 56.8 54.4 1.8 0.0
3 368.0 0.0 53.0 54.6 1.4 0.0
3 692.0 3.0 52.2 66.4 1.2 0.0
3 519.2 0.0 57.0 59.8 6.2 0.0
0 281.5 0.0 60.2 72.0 11.0 0.092
3 782.0 3.0 51.4 63.4 1.2 0.0
1 358.625 0.0 54.0 87.0 5.0 0.0
1 358.076923077 2.0 55.8 67.0 1.8 0.0
2 1146.21428571 2.0 57.4 81.8 4.0 0.0
1 452.636363636 0.0 58.4 50.0 4.4 0.0
0 300.0 2.0 57.6 66.8 2.0 0.0
3 267.0 0.0 59.0 61.0 4.0 0.0
3 1199.0 1.0 67.4 63.8 8.4 0.0
2 646.166666667 3.0 43.8 63.8 8.6 0.064
1 448.25 0.0 53.4 70.4 7.4 0.0
1 725.25 2.0 72.0 57.2 3.6 0.0
2 630.25 2.0 53.0 70.0 2.0 0.0
0 463.0 0.0 62.0 65.4 9.4 0.0
3 488.5 2.0 60.0 86.0 7.0 0.2
3 498.5 0.0 47.8 69.0 1.0 0.0
0 361.0 2.0 61.2 59.0 3.6 0.032
2 428.740740741 0.0 49.0 72.0 2.0 0.0
1 553.8 2.0 67.2 40.2 2.8 0.002
2 455.055555556 2.0 62.0 59.0 10.0 0.0
3 695.5 0.0 59.0 66.8 7.6 0.0
1 2361.0 2.0 68.4 73.0 8.4 0.0
0 394.0 0.0 49.6 73.2 3.0 0.0
2 480.0 0.0 53.0 86.0 8.0 0.096
1 415.909090909 0.0 53.8 57.0 3.0 0.0
1 540.666666667 3.0 39.2 60.2 4.6 0.0
2 622.789473684 0.0 54.0 84.4 3.6 0.0
2 695.782608696 3.0 40.6 50.8 2.2 0.0
1 556.944444444 2.0 65.4 46.8 3.6 0.0
3 502.8 2.0 57.0 50.0 6.0 0.0
0 240.0 0.0 50.0 84.0 3.0 0.0
0 249.0 0.0 60.0 45.0 7.8 0.0
1 493.052631579 0.0 59.0 84.0 4.0 0.0
2 280.5 3.0 60.0 83.4 4.4 0.018
2 669.739130435 1.0 70.6 65.4 8.0 0.002
0 466.0 0.0 62.8 65.8 9.0 0.0
2 756.0 0.0 49.0 75.8 8.0 0.22
3 411.0 2.0 59.8 80.6 8.6 0.056
0 318.5 0.0 51.0 92.0 6.0 0.0
1 316.0 0.0 59.6 63.6 2.0 0.0
1 374.75 3.0 58.0 76.2 2.8 0.004
3 384.0 2.0 72.0 57.2 3.6 0.0
3 415.0 2.0 67.0 69.0 8.0 0.0
1 435.0 1.0 65.0 70.0 5.8 0.0
1 471.0 3.0 43.6 65.4 5.4 0.122
2 518.923076923 0.0 52.6 66.8 2.6 0.0
1 480.647058824 1.0 67.6 71.8 6.0 0.0
2 686.833333333 0.0 50.0 84.0 4.0 0.0
1 1464.66666667 2.0 69.0 76.8 6.4 0.0
2 1275.0 0.0 57.8 78.6 3.6 0.0
1 551.4375 0.0 51.4 71.6 3.0 0.0
1 335.941176471 0.0 58.0 65.8 7.8 0.0
2 569.466666667 2.0 56.0 83.0 4.0 0.0
2 788.590909091 2.0 57.0 69.0 4.0 0.0
1 335.0 0.0 61.4 65.8 4.2 0.0
1 360.692307692 0.0 54.6 34.4 9.4 0.0
1 629.956521739 0.0 63.0 57.2 7.8 0.0
2 591.857142857 1.0 67.6 71.0 8.0 0.0
0 431.0 0.0 61.4 72.8 6.2 0.0
2 429.666666667 2.0 56.6 69.0 5.2 0.0
1 360.769230769 0.0 52.8 67.2 3.2 0.0
3 430.0 0.0 53.0 63.0 10.0 0.0
1 480.0 0.0 63.2 62.4 6.4 0.0
3 326.714285714 0.0 48.8 70.8 5.8 0.0
2 627.133333333 0.0 62.0 62.4 11.0 0.0
2 1362.4 0.0 65.4 49.4 6.4 0.0
2 1085.5 2.0 71.4 67.6 4.6 0.0
3 453.111111111 0.0 53.6 70.2 3.0 0.0
3 772.0 2.0 65.6 75.0 8.0 0.0
2 447.647058824 0.0 57.0 74.4 5.6 0.0
2 611.972222222 1.0 68.0 69.0 9.0 0.0
1 3412.22222222 2.0 76.2 52.8 4.2 0.0
1 562.5 2.0 68.6 67.2 7.8 0.0
1 695.666666667 2.0 67.2 71.2 7.2 0.0
3 546.428571429 2.0 65.0 70.0 9.0 0.0
1 634.045454545 2.0 68.2 75.2 5.8 0.0
2 569.952380952 2.0 74.6 41.8 3.4 0.0
1 452.083333333 0.0 57.2 59.0 3.4 0.0
2 548.75 2.0 69.6 68.8 4.8 0.0
1 445.592592593 1.0 70.2 73.6 8.4 0.0
3 1662.0 1.0 68.0 69.8 7.2 0.0
1 426.19047619 0.0 55.4 74.8 4.8 0.0
1 4883.83333333 0.0 60.8 74.8 3.2 0.0
1 548.230769231 0.0 66.6 64.0 3.6 0.0
0 426.5 1.0 61.2 63.2 9.4 0.0
3 503.75 0.0 67.8 60.8 6.6 0.0
1 2283.94117647 2.0 68.6 73.6 6.2 0.0
3 353.0 1.0 65.0 74.0 9.0 0.0
3 624.0 0.0 51.0 69.0 2.0 0.0
1 808.125 2.0 55.2 76.6 2.6 0.0
2 1549.26086957 2.0 68.6 71.2 7.2 0.0
1 382.086956522 0.0 61.4 55.0 10.0 0.0
1 485.863636364 0.0 59.4 69.8 10.0 0.054
1 375.714285714 0.0 55.0 56.0 3.0 0.0
2 567.636363636 1.0 68.2 68.8 8.0 0.0
1 482.636363636 3.0 43.2 51.0 3.4 0.0
1 4546.33333333 2.0 66.8 70.6 6.2 0.0
2 545.0 2.0 59.8 80.6 8.6 0.056
0 366.0 0.0 60.4 78.8 7.2 0.0
2 700.5 0.0 58.0 65.8 7.8 0.0
1 460.0 0.0 53.8 57.8 9.0 0.0
3 433.0 0.0 53.0 58.0 1.0 0.0
2 42273.0 0.0 58.4 68.8 5.0 0.0
3 1151.0 0.0 59.8 65.2 3.4 0.0
1 460.272727273 2.0 61.8 69.2 3.4 0.0
0 317.0 1.0 67.8 73.0 7.2 0.0
0 208.0 2.0 55.4 68.6 3.6 0.0
3 378.7 0.0 75.4 45.6 4.4 0.0
2 374.5 0.0 60.0 66.4 7.4 0.0
2 834.875 3.0 55.8 80.6 9.4 0.114
2 490.956521739 2.0 53.4 63.6 3.2 0.0
1 622.1875 1.0 68.8 70.2 7.2 0.0
1 398.727272727 2.0 58.4 70.0 2.8 0.0
3 1015.0 0.0 50.8 80.8 2.8 0.0
3 478.0 2.0 58.2 70.0 4.0 0.0
2 854.666666667 1.0 66.2 71.4 8.4 0.0
3 427.666666667 2.0 61.2 59.0 3.6 0.032
3 5351.8 2.0 65.8 55.4 5.0 0.0
3 260.0 2.0 59.8 70.0 3.0 0.0
1 362.294117647 0.0 52.8 71.0 4.4 0.0
1 368.65 2.0 55.2 57.6 3.0 0.0
0 1197.5 0.0 60.6 83.2 11.4 0.456
3 514.0 0.0 54.6 80.0 2.4 0.0
0 800.0 0.0 60.2 60.0 5.4 0.0
2 6757.18181818 2.0 62.6 71.4 6.2 0.002
0 226.0 0.0 59.4 64.2 8.6 0.0
3 582.5 0.0 63.8 72.2 7.8 0.0
1 424.882352941 2.0 51.6 69.0 1.4 0.0
2 486.8 2.0 53.0 72.2 2.0 0.0
2 594.470588235 0.0 61.8 48.6 4.6 0.0
1 391.066666667 0.0 57.2 70.6 8.0 0.0
3 435.714285714 1.0 71.4 69.4 5.8 0.0
2 583.411764706 0.0 59.8 69.0 9.0 0.0
2 1673.8 0.0 58.6 57.6 3.4 0.0
3 503.0 1.0 69.0 64.0 9.0 0.0
3 329.571428571 2.0 64.8 64.6 2.4 0.0
1 603.538461538 1.0 69.4 72.8 7.6 0.0
3 359.5 2.0 57.4 81.8 4.0 0.0
1 395.0 2.0 53.0 69.2 1.0 0.0
2 421.136363636 0.0 59.8 57.8 6.2 0.0
1 349.214285714 2.0 67.6 72.2 7.0 0.0
1 452.058823529 1.0 68.6 58.8 7.0 0.0
1 386.8125 1.0 77.2 53.0 6.0 0.0
1 386.222222222 0.0 49.2 58.0 1.6 0.0
2 420.176470588 0.0 62.4 62.8 4.4 0.0
2 554.3125 2.0 61.0 84.6 6.6 0.088
1 523.285714286 0.0 55.4 72.6 2.8 0.0
3 437.0 0.0 54.0 71.0 4.0 0.0
3 417.222222222 0.0 59.0 50.0 8.0 0.0
3 432.8 0.0 50.0 84.0 3.0 0.0
3 337.75 1.0 75.2 63.0 6.4 0.0
0 285.0 2.0 54.0 69.2 6.0 0.0
1 1955.0 2.0 58.0 74.0 2.6 0.0
2 512.133333333 2.0 57.4 72.2 3.0 0.0
3 414.833333333 1.0 66.4 74.8 8.0 0.0
2 595.4375 0.0 61.0 65.2 7.0 0.002
1 436.625 1.0 70.8 58.2 8.2 0.0
1 13447.2857143 1.0 68.0 70.8 7.4 0.0
2 1011.0 0.0 62.0 66.0 8.0 0.0
2 493.833333333 0.0 75.4 45.6 4.4 0.0
2 1704.16666667 2.0 54.6 59.4 5.2 0.0
2 508.272727273 0.0 58.4 63.4 8.4 0.0
0 758.8 2.0 66.8 70.0 6.8 0.0
2 549.0 1.0 67.2 69.8 9.4 0.004
2 495.964285714 2.0 64.8 64.6 2.4 0.0
1 600.333333333 2.0 59.8 70.0 3.0 0.0
2 771.666666667 0.0 58.4 50.0 4.4 0.0
1 1571.5 2.0 69.2 72.8 5.2 0.0
3 517.181818182 2.0 63.0 60.2 6.4 0.0
2 2931.23076923 2.0 67.2 35.6 2.4 0.0
0 273.0 2.0 70.2 64.4 4.2 0.0
1 424.523809524 0.0 59.6 71.2 8.4 0.0
3 352.4 0.0 54.6 60.6 3.4 0.0
3 488.8 2.0 65.2 42.4 2.4 0.0
1 642.111111111 2.0 57.6 71.6 5.6 0.0
3 3282.0 2.0 55.2 69.8 1.6 0.0
3 419.625 0.0 59.0 73.0 9.0 0.0
3 568.6 1.0 61.0 78.0 11.0 0.0
1 373.846153846 1.0 69.8 67.8 7.6 0.0
2 556.333333333 1.0 68.0 66.0 7.4 0.0
1 1473.2 1.0 67.2 69.0 6.2 0.0
3 451.75 2.0 58.8 46.6 3.0 0.0
0 258.5 0.0 53.0 54.6 1.4 0.0
2 561.210526316 0.0 51.0 60.8 1.8 0.0
0 70.0 3.0 53.0 80.4 6.0 0.104
2 438.944444444 3.0 50.6 72.8 4.2 0.0
3 334.0 0.0 57.0 82.0 6.0 0.0
3 431.666666667 0.0 54.0 69.0 10.0 0.0
1 402.826086957 0.0 56.0 65.6 5.8 0.014
2 541.923076923 2.0 56.4 79.2 4.6 0.208
2 498.625 0.0 58.0 72.0 5.0 0.02
1 421.333333333 1.0 70.4 73.2 7.4 0.0
2 423.375 0.0 53.6 46.8 4.2 0.0
1 723.571428571 2.0 56.6 69.0 5.2 0.0
3 373.625 0.0 50.0 60.8 1.2 0.0
1 1015.4 2.0 62.0 60.0 7.0 0.0
2 501.6875 0.0 58.2 65.2 4.4 0.0
1 319.928571429 3.0 50.0 66.6 8.4 0.0
2 649.6 0.0 59.8 65.2 3.4 0.0
3 441.833333333 0.0 63.0 64.0 11.0 0.0
2 457.421052632 1.0 71.4 69.4 5.8 0.0
1 2149.47826087 2.0 66.0 64.0 9.6 0.0
1 231.0 2.0 55.2 75.8 7.8 0.002
1 422.5 2.0 67.0 73.0 7.0 0.0
1 493.1 1.0 70.4 48.2 6.0 0.0
2 552.782608696 2.0 58.6 73.2 3.4 0.0
1 2879.13333333 1.0 68.6 70.2 8.2 0.0
2 502.8 2.0 69.0 53.0 4.0 0.0
3 415.0 2.0 58.6 81.0 6.6 0.226
2 688.6 1.0 65.6 72.4 6.8 0.0
2 490.04 1.0 69.6 73.6 6.0 0.0
1 399.647058824 2.0 64.0 73.6 6.2 0.0
3 543.0 1.0 66.4 65.0 9.0 0.0
3 585.2 2.0 67.2 73.2 5.6 0.0
1 416.066666667 1.0 67.4 68.4 8.6 0.0
1 460.666666667 0.0 52.8 70.2 6.6 0.008
1 702.0 2.0 59.8 80.6 8.6 0.056
2 449.666666667 0.0 57.4 81.4 8.6 0.296
2 620.291666667 0.0 58.6 66.0 5.2 0.0
2 527.333333333 1.0 60.0 67.0 12.0 0.0
3 632.0 1.0 69.0 66.0 11.0 0.0
1 480.888888889 0.0 55.4 72.2 8.0 0.132
0 1584.0 2.0 65.0 70.0 11.0 0.0
3 381.0 2.0 58.0 80.0 7.0 0.28
3 648.6 0.0 55.4 74.8 4.8 0.0
3 812.0 2.0 63.0 57.0 4.0 0.0
3 665.0 1.0 72.4 64.6 6.6 0.0
1 371.785714286 0.0 62.2 60.0 5.8 0.0
3 386.0 2.0 59.0 81.0 4.0 0.0
2 411.3 0.0 62.2 60.0 5.8 0.0
2 642.0 0.0 56.6 57.2 7.0 0.0
3 960.4 0.0 62.0 57.0 9.0 0.0
2 451.0 0.0 49.0 73.0 7.0 0.09
2 1133.6 0.0 62.4 62.2 5.4 0.0
3 442.375 1.0 64.8 74.6 8.4 0.0
2 5052.8 2.0 54.0 69.2 6.0 0.0
0 232.0 0.0 65.4 31.2 10.6 0.0
1 468.307692308 0.0 59.4 47.4 4.0 0.0
1 312.65 0.0 58.0 68.4 9.0 0.0
1 406.307692308 3.0 52.8 78.2 5.0 0.0
3 1805.0 0.0 60.4 55.0 10.6 0.0
3 299.0 2.0 63.0 80.0 7.0 0.0
2 492.789473684 2.0 58.6 78.4 4.2 0.0
1 15651.0 1.0 69.0 66.0 11.0 0.0
2 481.533333333 2.0 54.8 63.2 2.4 0.0
0 229.0 0.0 53.2 52.8 2.0 0.0
3 346.333333333 0.0 54.0 69.0 8.0 0.0
0 1293.0 0.0 63.6 70.6 8.0 0.0
2 592.923076923 0.0 58.8 65.8 6.2 0.006
3 345.666666667 2.0 55.0 73.0 3.0 0.0
0 397.0 3.0 40.6 50.8 2.2 0.0
0 220.0 2.0 53.8 54.2 2.2 0.0
0 348.0 0.0 60.6 58.2 6.8 0.0
2 521.0 1.0 69.8 67.8 7.6 0.0
1 1193.0 0.0 64.0 61.2 11.6 0.0
3 569.375 0.0 59.0 73.0 7.0 0.0
3 382.714285714 3.0 59.0 83.0 2.0 0.0
3 477.666666667 0.0 62.0 65.0 16.0 0.0
3 543.0 0.0 58.8 75.6 6.4 0.004
3 524.0 0.0 64.2 44.2 9.0 0.0
0 519.0 2.0 68.6 64.0 5.8 0.0
1 402.4 0.0 61.6 77.2 18.0 0.696
3 648.75 0.0 73.0 42.8 5.2 0.0
2 4377.2 0.0 61.0 53.0 12.0 0.0
0 342.0 0.0 66.4 59.8 4.0 0.0
3 653.5 0.0 56.0 53.0 1.0 0.0
2 700.481481481 0.0 62.2 68.4 5.6 0.0
1 665.5 3.0 62.8 79.4 5.0 0.094
2 593.631578947 2.0 56.0 86.0 5.0 0.01
1 1500.83333333 2.0 67.0 43.6 4.4 0.0
2 477.181818182 0.0 60.0 45.0 7.8 0.0
0 186.0 1.0 73.4 60.8 5.4 0.0
1 1688.8125 2.0 61.4 68.4 4.2 0.0
2 985.636363636 3.0 50.0 61.0 2.0 0.0
0 678.0 2.0 57.6 71.6 5.6 0.0
2 1587.85 0.0 59.0 69.0 9.0 0.0
0 250.0 0.0 57.6 67.8 5.2 0.0
0 228.0 0.0 55.2 68.0 6.0 0.048
2 459.142857143 0.0 56.8 47.4 11.6 0.0
1 615.0 1.0 65.8 72.0 9.0 0.0
0 280.5 1.0 63.0 71.0 8.0 0.0
3 2296.0 0.0 57.0 55.4 3.2 0.0
3 350.0 0.0 63.0 64.0 16.0 0.0
2 1186.88888889 0.0 67.8 60.8 6.6 0.0
0 345.0 0.0 59.6 70.2 7.8 0.004
2 588.2 1.0 63.0 71.0 8.0 0.0
3 476.0 3.0 59.8 81.2 3.0 0.028
2 516.055555556 0.0 59.0 60.0 19.0 0.0
3 458.0 2.0 56.0 80.2 3.0 0.002
2 515.392857143 2.0 68.6 73.6 6.2 0.0
3 536.833333333 2.0 60.0 66.8 5.2 0.0
2 601.115384615 1.0 67.6 72.0 7.6 0.0
3 333.0 0.0 53.0 74.0 12.0 0.85
1 559.0 0.0 53.4 85.8 3.0 0.0
0 613.0 0.0 62.2 60.0 5.8 0.0
3 333.4 0.0 58.0 68.0 2.0 0.0
2 513.913043478 1.0 77.2 53.0 6.0 0.0
1 450.307692308 1.0 68.0 67.0 11.0 0.0
2 670.1 0.0 60.6 79.8 5.0 0.0
2 517.7 0.0 53.0 76.6 5.0 0.004
3 984.428571429 2.0 69.2 72.8 5.2 0.0
1 510.333333333 0.0 58.4 81.6 3.2 0.0
0 273.0 0.0 54.0 63.0 12.0 0.0
1 394.277777778 0.0 55.6 85.8 5.0 0.006
1 634.666666667 0.0 51.6 66.2 8.6 0.0
2 424.444444444 1.0 61.4 66.2 8.8 0.0
3 3574.8 0.0 58.4 65.8 3.2 0.0
1 519.3 1.0 68.6 68.4 7.0 0.0
0 368.0 2.0 62.8 51.0 3.2 0.0
0 382.5 0.0 64.8 68.8 7.6 0.0
0 369.0 1.0 68.0 73.0 11.0 0.0
1 460.941176471 0.0 60.4 60.0 12.8 0.0
3 378.0 1.0 69.2 68.4 6.2 0.0
1 396.066666667 0.0 49.6 73.2 3.0 0.0
0 21820.0 2.0 59.2 73.8 4.2 0.0
1 419.5 0.0 59.0 71.8 8.2 0.0
3 475.5 2.0 53.0 69.2 1.0 0.0
1 8838.0 1.0 66.2 71.4 8.4 0.0
3 393.0 0.0 56.0 61.0 8.0 0.0
1 418.166666667 0.0 56.8 47.4 11.6 0.0
2 1471.33333333 2.0 55.0 76.0 4.0 0.0
2 547.894736842 0.0 55.4 74.8 4.8 0.0
2 506.928571429 0.0 63.0 68.0 11.0 0.0
2 2985.55 0.0 62.4 71.8 6.0 0.056
1 2019.4 3.0 47.8 64.8 1.0 0.0
2 511.909090909 0.0 56.0 68.0 19.0 0.0
2 706.461538462 3.0 50.4 66.2 1.4 0.0
2 519.263157895 0.0 58.0 70.0 3.0 0.0
1 654.25 0.0 58.4 68.8 5.0 0.0
2 2512.0 2.0 64.6 79.4 5.4 0.0
3 474.777777778 0.0 69.4 45.4 3.8 0.0
0 440.0 0.0 61.2 70.0 6.0 0.0
0 225.0 0.0 58.4 50.0 4.4 0.0
1 735.941176471 1.0 68.0 66.8 7.8 0.0
1 8172.5 0.0 65.4 49.4 6.4 0.0
1 5065.14285714 2.0 74.0 41.4 3.6 0.0
1 430.333333333 0.0 54.4 61.8 10.2 0.0
2 475.44 2.0 67.4 64.2 5.6 0.0
1 320.4 0.0 50.0 60.8 1.2 0.0
2 528.291666667 0.0 64.0 68.6 5.0 0.0
1 1252.0 1.0 70.6 60.2 6.2 0.0
1 529.703703704 0.0 61.6 42.8 10.6 0.0
1 2320.33333333 2.0 65.6 74.6 4.4 0.0
1 436.1 0.0 54.6 80.0 2.4 0.0
0 286.0 2.0 70.6 65.6 4.4 0.0
0 187.0 2.0 69.6 68.4 7.0 0.0
2 623.086956522 1.0 67.4 68.4 8.6 0.0
2 443.5625 0.0 51.4 71.6 3.0 0.0
2 775.75 0.0 62.0 65.4 9.4 0.0
1 439.769230769 3.0 59.6 79.4 7.4 0.002
2 508.19047619 0.0 58.0 45.0 2.0 0.0
1 1557.19230769 2.0 54.8 53.8 4.8 0.0
3 312.8 2.0 71.0 74.0 9.0 0.01
3 745.6 0.0 57.4 57.6 8.6 0.0
0 387.666666667 0.0 56.8 54.4 1.8 0.0
0 194.0 3.0 60.6 76.8 3.6 0.002
3 377.0 0.0 52.8 70.2 6.6 0.008
2 454.387096774 2.0 57.8 61.4 2.4 0.0
1 1530.5 2.0 52.2 73.6 3.2 0.0
1 453.8 0.0 75.4 45.6 4.4 0.0
1 1458.61538462 2.0 69.2 70.4 5.0 0.0
2 513.7 1.0 70.0 73.0 9.0 0.0
1 3666.33333333 0.0 56.4 67.4 4.2 0.0
1 425.538461538 1.0 66.2 62.2 7.6 0.0
3 288.5 0.0 58.0 68.0 9.0 0.0
2 3336.77777778 0.0 64.2 44.2 9.0 0.0
1 425.333333333 1.0 69.8 71.2 6.6 0.0
2 778.80952381 0.0 57.4 53.0 6.2 0.0
3 383.125 0.0 58.4 63.4 8.4 0.0
1 996.166666667 0.0 53.8 84.8 3.0 0.0
1 368.0 0.0 59.2 60.6 9.4 0.0
0 301.5 2.0 60.0 61.0 3.0 0.0
3 717.0 2.0 65.4 73.2 5.2 0.0
2 427.368421053 0.0 58.4 81.6 3.2 0.0
2 862.0 0.0 46.4 37.2 6.2 0.0
1 462.714285714 1.0 66.4 74.8 8.0 0.0
1 319.533333333 0.0 57.0 71.0 6.0 0.0
2 941.0 0.0 57.4 68.2 7.0 0.0
1 325.8 2.0 61.8 59.2 5.2 0.0
2 627.947368421 1.0 65.2 65.6 9.8 0.0
3 1063.5 1.0 66.2 71.4 8.4 0.0
3 466.909090909 0.0 60.6 58.2 6.8 0.0
3 354.0 2.0 55.2 76.6 2.6 0.0
0 319.0 0.0 63.0 71.0 8.0 0.0
2 910.714285714 1.0 73.0 68.8 5.6 0.0
1 442.9375 3.0 51.4 60.0 1.0 0.0
2 758.777777778 0.0 59.0 69.0 12.0 0.0
2 456.380952381 1.0 68.0 71.2 8.4 0.0
2 754.0 2.0 66.8 70.0 6.8 0.0
2 482.545454545 1.0 68.6 70.2 8.2 0.0
0 276.0 0.0 51.0 73.0 6.0 0.0
0 293.0 0.0 55.6 61.4 3.8 0.0
1 4690.55555556 2.0 63.8 75.4 8.2 0.0
0 199.5 0.0 61.0 65.2 7.0 0.002
3 1003.0 2.0 70.2 64.4 4.2 0.0
3 376.0 1.0 64.0 76.0 10.0 0.0
1 501.842105263 0.0 56.2 47.0 1.8 0.0
1 455.647058824 0.0 60.2 70.0 6.6 0.0
0 139.0 1.0 61.4 66.2 8.8 0.0
1 435.736842105 2.0 60.8 58.6 3.2 0.0
1 624.0 0.0 59.0 72.0 13.0 0.0
2 8281.75 2.0 72.4 50.0 3.8 0.0
2 561.863636364 0.0 58.2 73.4 1.8 0.0
3 452.0 0.0 53.2 52.8 2.0 0.0
2 472.8 3.0 57.0 66.0 4.0 0.0
1 398.888888889 2.0 57.8 77.2 3.4 0.0
2 441.666666667 0.0 57.0 65.0 6.0 0.0
1 479.0 2.0 71.8 53.2 3.8 0.0
2 512.166666667 2.0 55.0 71.0 4.0 0.0
1 410.090909091 1.0 61.2 63.2 9.4 0.0
2 536.666666667 0.0 57.4 67.2 5.6 0.0
2 1010.37142857 2.0 68.0 66.0 5.0 0.0
2 1032.0 2.0 68.8 64.2 7.2 0.342
2 755.555555556 0.0 56.0 73.0 7.0 0.036
2 390.380952381 0.0 51.8 77.6 1.6 0.0
0 174.0 2.0 64.8 78.0 6.2 0.0
3 454.0 0.0 65.0 61.0 8.0 0.0
1 2796.55 0.0 66.0 61.0 8.0 0.0
0 830.333333333 3.0 49.6 70.2 3.2 0.0
3 489.666666667 0.0 49.2 58.0 1.6 0.0
1 1166.125 0.0 53.6 82.6 3.0 0.0
1 7481.4 0.0 58.6 57.6 3.4 0.0
2 629.0 1.0 70.0 73.2 9.0 0.0
2 432.666666667 0.0 52.0 68.2 4.6 0.02
3 52116.0 0.0 55.6 80.4 5.4 0.082
2 477.041666667 0.0 54.6 80.0 2.4 0.0
0 297.0 0.0 60.0 67.0 9.0 0.0
2 1030.94444444 0.0 61.0 66.0 5.0 0.0
1 431.533333333 2.0 55.2 52.2 3.6 0.0
1 434.5 2.0 57.4 72.2 3.0 0.0
3 513.666666667 3.0 41.0 60.2 1.2 0.0
3 373.6 2.0 66.0 73.0 8.0 0.0
3 3189.8 2.0 65.4 46.8 3.6 0.0
1 894.909090909 1.0 68.0 64.0 9.0 0.0
0 368.0 2.0 65.4 73.2 5.2 0.0
3 323.0 0.0 62.0 63.0 6.0 0.0
2 330.857142857 2.0 52.0 66.0 2.0 0.0
3 493.0 2.0 56.0 64.8 3.4 0.0
1 892.625 0.0 55.4 68.6 7.4 0.008
1 1071.09090909 2.0 64.8 71.0 7.6 0.0
3 2044.28571429 0.0 56.4 45.6 2.4 0.0
3 460.6 1.0 70.4 48.2 6.0 0.0
1 379.45 0.0 61.0 66.0 4.0 0.0
2 644.78125 2.0 65.2 42.4 2.4 0.0
1 477.052631579 1.0 71.2 70.2 9.0 0.0
2 911.4 1.0 68.6 66.4 7.4 0.0
1 256.0 2.0 68.4 65.0 4.8 0.0
1 3679.38461538 2.0 60.4 62.6 4.4 0.0
2 366.777777778 0.0 51.2 78.0 9.0 0.302
1 441.142857143 0.0 59.8 57.8 6.2 0.0
0 247.0 1.0 70.0 70.0 7.0 0.0
2 468.173913043 1.0 66.4 74.8 8.0 0.0
1 430.269230769 1.0 64.8 74.6 8.4 0.0
1 427.0 2.0 65.4 70.0 6.8 0.0
0 383.0 3.0 58.8 83.0 2.8 0.0
2 490.8 2.0 52.2 67.0 2.0 0.0
3 966.5 0.0 56.0 68.0 19.0 0.0
2 498.96 1.0 60.0 74.0 11.0 0.0
2 531.0 3.0 57.0 89.0 4.0 0.0
3 1200.0 1.0 64.2 69.0 7.8 0.0
2 1893.07142857 3.0 53.0 63.0 1.0 0.0
3 468.5 0.0 59.8 57.8 6.2 0.0
1 486.0 0.0 58.6 71.0 8.6 0.0
0 1111.0 2.0 60.8 76.4 3.0 0.0
3 539.625 0.0 56.6 46.2 3.6 0.0
1 398.0 0.0 52.8 70.0 1.8 0.0
2 1106.85714286 1.0 72.6 66.6 7.4 0.0
1 423.9 0.0 53.6 46.8 4.2 0.0
0 347.5 0.0 61.0 71.0 5.0 0.0
1 396.222222222 1.0 72.4 64.6 6.6 0.0
1 567.0 0.0 52.8 62.6 2.4 0.0
3 534.142857143 0.0 66.0 61.0 8.0 0.0
3 6830.42857143 1.0 71.2 70.2 9.0 0.0
3 442.333333333 0.0 55.8 76.6 2.2 0.0
0 341.0 1.0 77.2 53.0 6.0 0.0
2 363.315789474 0.0 60.0 68.0 7.0 0.0
1 462.791666667 1.0 66.4 65.0 9.0 0.0
3 461.0 0.0 57.0 45.0 9.0 0.0
2 495.5 0.0 51.2 68.6 5.8 0.0
2 465.571428571 2.0 69.0 76.8 6.4 0.0
1 353.625 0.0 54.4 85.4 3.6 0.002
3 292.0 0.0 60.2 72.8 2.4 0.0
1 265.0 2.0 59.0 83.0 7.0 0.08
1 429.772727273 0.0 54.0 72.0 4.4 0.0
2 563.260869565 2.0 57.8 77.2 3.4 0.0
3 156.0 1.0 63.0 74.0 12.0 0.0
3 493.75 1.0 67.6 71.8 6.0 0.0
2 417.08 1.0 61.0 78.0 11.0 0.0
0 259.0 2.0 60.6 68.2 3.8 0.0
1 438.75 0.0 60.6 58.2 6.8 0.0
1 1753.5 2.0 62.8 64.0 3.0 0.0
2 567.208333333 1.0 64.0 53.4 7.2 0.0
2 438.695652174 0.0 54.6 60.6 3.4 0.0
1 401.44 2.0 64.8 78.0 6.2 0.0
2 325.5 0.0 61.4 71.8 6.4 0.012
3 564.666666667 1.0 67.2 69.8 9.4 0.004
0 29002.0 3.0 52.6 82.2 3.0 0.172
1 398.142857143 0.0 57.6 55.8 14.2 0.0
0 442.0 0.0 53.0 78.0 3.0 0.0
2 633.08 1.0 67.6 66.8 6.2 0.0
2 150.0 2.0 55.2 69.8 1.6 0.0
1 656.461538462 3.0 50.4 66.2 1.4 0.0
1 509.5 2.0 66.8 70.0 6.8 0.0
3 228.5 1.0 66.0 69.4 7.6 0.0
3 785.0 1.0 66.2 73.2 7.8 0.0
3 299.0 0.0 52.8 67.2 3.2 0.0
2 1199.82142857 2.0 64.0 48.6 3.4 0.0
1 375.055555556 2.0 66.0 67.0 7.0 0.0
2 639.583333333 3.0 48.8 71.8 3.8 0.0
0 246.5 3.0 48.0 43.6 2.4 0.0
3 306.666666667 3.0 54.6 69.6 2.0 0.0
3 315.75 0.0 50.0 75.2 4.8 0.0
3 1130.0 0.0 55.8 81.4 3.4 0.006
1 3191.76470588 0.0 65.0 71.0 9.0 0.0
2 1213.3 0.0 60.8 74.8 3.2 0.0
2 460.736842105 0.0 55.2 73.8 2.0 0.0
3 600.166666667 2.0 63.0 74.0 6.0 0.0
1 384.25 2.0 63.0 60.2 6.4 0.0
3 369.25 0.0 51.0 72.0 3.0 0.0
1 509.0 0.0 59.6 82.4 7.8 0.09
2 1899.94117647 0.0 57.2 59.0 3.4 0.0
1 509.0 0.0 48.8 60.2 4.6 0.0
2 439.185185185 2.0 62.0 61.6 2.2 0.0
2 644.166666667 0.0 50.8 71.8 4.6 0.0
1 441.761904762 2.0 54.8 63.2 2.4 0.0
2 478.208333333 0.0 63.0 63.6 7.6 0.0
2 496.782608696 2.0 61.0 69.0 4.0 0.0
2 730.785714286 2.0 65.2 72.6 5.0 0.0
3 630.375 2.0 71.6 43.0 3.6 0.0
2 1708.65217391 0.0 60.8 67.4 6.6 0.0
3 223.0 0.0 55.0 73.0 11.0 0.0
1 352.117647059 0.0 60.6 79.8 5.0 0.0
1 3579.4 3.0 51.4 63.4 1.2 0.0
1 499.833333333 0.0 62.0 62.4 11.0 0.0
3 628.714285714 2.0 64.8 78.0 6.2 0.0
3 480.166666667 2.0 62.6 74.2 6.0 0.006
3 349.666666667 0.0 60.0 68.0 7.0 0.0
2 796.961538462 0.0 58.2 62.0 6.8 0.0
2 1057.8 2.0 67.2 73.2 5.6 0.0
1 480.7 0.0 59.2 77.0 6.4 0.008
3 374.714285714 3.0 51.4 60.0 1.0 0.0
3 466.0 0.0 61.6 77.2 18.0 0.696
1 348.0 0.0 57.8 75.4 10.6 0.762
1 431.294117647 0.0 55.2 73.8 2.0 0.0
1 699.434782609 1.0 70.0 70.0 7.0 0.0
0 264.0 2.0 62.6 74.2 6.0 0.006
0 358.5 2.0 66.8 70.6 6.2 0.0
0 230.0 0.0 61.0 56.4 6.0 0.0
1 10102.5 0.0 65.6 60.0 4.0 0.0
3 647.75 0.0 51.2 78.0 9.0 0.302
0 215.5 0.0 61.0 77.0 22.0 0.91
2 1225.30434783 1.0 67.8 72.0 8.6 0.0
2 509.25 0.0 57.6 83.4 3.0 0.0
3 376.0 2.0 69.6 68.4 7.0 0.0
1 1174.38461538 0.0 57.8 68.0 9.0 0.0
2 443.923076923 3.0 58.8 83.0 2.8 0.0
0 10905.0 0.0 53.2 55.0 1.8 0.0
1 362.0 1.0 68.0 70.0 7.8 0.0
1 270.0 3.0 58.0 86.0 3.0 0.01
2 533.64 0.0 60.0 67.0 9.0 0.0
2 537.428571429 0.0 46.0 68.0 3.0 0.0
3 504.666666667 3.0 52.8 78.2 5.0 0.0
1 679.0 0.0 60.6 83.2 11.4 0.456
0 423.0 0.0 55.6 81.2 3.2 0.0
3 556.0 0.0 57.2 70.6 8.0 0.0
1 376.375 2.0 57.6 66.8 2.0 0.0
1 3315.66666667 0.0 64.6 67.0 8.2 0.0
2 1691.33333333 2.0 66.8 70.6 6.2 0.0
3 426.4 2.0 70.6 65.6 4.4 0.0
3 336.5 0.0 52.0 76.0 2.0 0.0
1 1335.76923077 0.0 58.4 63.4 8.4 0.0
1 428.789473684 1.0 62.0 68.4 8.0 0.0
1 258.5 0.0 50.8 80.8 2.8 0.0
2 526.05 0.0 55.2 74.6 3.6 0.002
1 414.666666667 0.0 51.2 68.6 5.8 0.0
3 300.0 0.0 57.0 65.0 6.0 0.0
2 411.0 3.0 39.2 60.2 4.6 0.0
0 3109.0 0.0 55.8 81.4 3.4 0.006
2 496.964285714 1.0 67.2 67.6 9.0 0.0
1 401.266666667 0.0 60.0 74.0 9.6 0.0
3 648.2 1.0 67.6 72.0 7.6 0.0
1 329.85 0.0 56.0 53.4 8.0 0.0
1 423.3 2.0 61.2 59.0 3.6 0.032
3 20564.0 3.0 56.0 76.6 8.6 0.306
1 656.25 2.0 67.2 73.2 5.6 0.0
2 544.588235294 0.0 60.0 74.0 9.6 0.0
3 614.3 3.0 50.4 63.0 1.8 0.0
3 442.0 0.0 57.4 67.2 5.6 0.0
3 360.0 0.0 57.4 60.6 4.4 0.0
2 637.0 0.0 52.8 62.6 2.4 0.0
2 763.1 0.0 63.2 62.2 5.6 0.0
3 465.0 0.0 66.4 57.6 5.6 0.0
1 451.0 0.0 62.0 63.4 4.6 0.0
0 392.0 0.0 57.4 57.6 8.6 0.0
2 520.823529412 1.0 68.0 74.0 9.0 0.0
3 336.285714286 0.0 58.0 70.0 10.0 0.0
3 253.0 0.0 51.6 66.2 8.6 0.0
1 375.454545455 0.0 58.8 61.6 12.2 0.016
2 2807.6 0.0 56.6 73.2 3.4 0.0
3 221.0 3.0 47.8 64.8 1.0 0.0
3 527.5 2.0 56.6 69.0 5.2 0.0
2 491.80952381 0.0 63.2 62.4 6.4 0.0
0 288.0 0.0 54.2 54.4 3.0 0.0
2 580.428571429 1.0 67.8 73.0 7.2 0.0
1 425.363636364 0.0 57.6 67.8 5.2 0.0
2 4142.75 0.0 47.8 69.0 1.0 0.0
2 1021.66666667 0.0 53.2 52.8 2.0 0.0
1 352.210526316 2.0 67.8 68.6 4.0 0.0
3 283.666666667 0.0 60.0 61.0 8.0 0.0
1 429.25 0.0 41.8 64.6 2.0 0.0
1 419.333333333 0.0 62.4 66.2 5.8 0.0
1 1959.0 1.0 68.0 69.8 7.2 0.0
1 710.357142857 0.0 60.2 76.8 6.4 0.0
2 549.454545455 0.0 58.0 60.0 18.0 0.0
1 534.0 0.0 60.8 56.6 8.4 0.0
3 533.4 1.0 63.0 78.0 9.0 0.0
1 532.2 2.0 58.6 73.2 3.4 0.0
2 462.0 0.0 58.0 78.2 4.4 0.0
1 368.214285714 0.0 63.0 60.4 4.2 0.0
2 6837.27272727 0.0 63.0 66.2 7.2 0.0
2 552.575757576 2.0 64.8 78.0 6.2 0.0
2 454.448275862 0.0 55.4 72.2 8.0 0.132
1 253.0 2.0 55.2 69.8 1.6 0.0
3 452.0 2.0 57.8 77.2 3.4 0.0
2 600.269230769 2.0 61.4 68.4 4.2 0.0
3 530.75 1.0 69.4 72.8 7.6 0.0
1 350.5 2.0 56.8 88.4 5.4 0.348
2 241.5 3.0 62.8 79.4 5.0 0.094
2 429.5 1.0 69.8 70.8 6.6 0.0
2 1095.0 0.0 62.0 63.0 10.0 0.03
1 322.333333333 0.0 54.6 71.4 10.2 0.23
2 487.285714286 0.0 60.6 58.2 6.8 0.0
2 418.368421053 0.0 66.4 57.6 5.6 0.0
3 173.0 2.0 55.0 78.0 3.0 0.0
0 268.0 0.0 57.2 59.0 3.4 0.0
1 2874.4 3.0 50.6 72.8 4.2 0.0
3 590.5 0.0 61.0 66.0 4.0 0.0
3 489.125 2.0 63.0 72.0 22.0 0.0
1 426.15 1.0 69.6 66.0 7.0 0.0
0 14214.0 3.0 52.6 46.0 2.0 0.0
3 336.2 0.0 60.4 70.4 2.0 0.0
2 1306.5 1.0 68.0 70.8 7.4 0.0
2 551.8 2.0 68.8 66.6 6.8 0.0
2 1920.93333333 0.0 56.6 71.0 8.2 0.01
2 503.65625 1.0 68.0 53.0 7.0 0.0
3 559.111111111 2.0 62.0 46.6 8.4 0.0
0 412.0 2.0 59.8 70.0 3.0 0.0
2 248.0 0.0 58.6 71.0 8.6 0.0
1 424.238095238 1.0 71.4 69.4 5.8 0.0
2 580.5 0.0 45.0 72.0 3.0 0.0
1 4855.6 2.0 64.8 74.6 9.0 0.106
1 365.928571429 0.0 59.4 77.0 4.6 0.0
2 526.647058824 1.0 69.2 67.4 8.4 0.0
2 808.333333333 0.0 61.4 65.8 4.2 0.0
2 474.545454545 1.0 64.8 74.6 8.4 0.0
3 401.714285714 0.0 52.0 86.0 2.0 0.0
3 1291.8 0.0 56.0 71.0 9.0 0.0
2 425.380952381 0.0 60.2 60.0 5.4 0.0
3 449.333333333 2.0 51.6 69.0 1.4 0.0
3 343.6 1.0 68.0 71.0 7.0 0.0
0 218.0 2.0 60.2 78.4 3.2 0.004
2 451.5 0.0 46.4 51.4 13.6 0.0
1 488.117647059 2.0 65.2 42.4 2.4 0.0
2 459.75 3.0 51.4 60.0 1.0 0.0
3 480.5 2.0 69.0 38.0 9.0 0.0
0 447.5 3.0 59.6 79.4 7.4 0.002
1 625.058823529 0.0 58.6 66.0 5.2 0.0
1 978.111111111 0.0 58.6 75.4 4.8 0.0
3 453.5 0.0 56.0 73.0 7.0 0.036
2 3062.2 0.0 57.8 73.4 11.2 0.178
2 413.333333333 2.0 53.2 73.8 3.0 0.0
1 472.533333333 2.0 57.8 36.0 6.0 0.0
2 640.5 2.0 65.4 46.8 3.6 0.0
0 376.0 3.0 48.8 71.8 3.8 0.0
1 482.411764706 0.0 60.2 60.0 5.4 0.0
2 826.722222222 0.0 54.2 54.4 3.0 0.0
1 383.0 2.0 60.2 70.2 6.8 0.042
3 382.4 0.0 58.4 58.2 8.2 0.0
0 702.0 0.0 56.4 67.4 4.2 0.0
0 353.0 0.0 60.0 69.2 13.0 0.0
3 1020.33333333 1.0 66.0 69.0 11.0 0.0
1 418.875 0.0 55.2 76.8 8.4 0.22
1 364.9375 0.0 57.4 53.0 6.2 0.0
2 934.25 1.0 73.4 60.8 5.4 0.0
2 434.2 0.0 51.2 61.6 0.8 0.0
2 585.458333333 0.0 65.4 31.2 10.6 0.0
1 369.0 0.0 44.6 45.4 3.8 0.0
2 714.518518519 0.0 53.6 82.6 3.0 0.0
2 3199.57142857 1.0 66.2 62.2 7.6 0.0
3 1376.33333333 0.0 58.4 68.8 5.0 0.0
3 382.0 0.0 61.0 65.2 7.0 0.002
1 457.388888889 0.0 54.6 52.0 3.4 0.0
1 363.48 0.0 48.8 70.8 5.8 0.0
3 395.0 0.0 57.8 67.0 3.6 0.0
1 1739.625 2.0 57.0 75.2 5.8 0.01
2 1521.32 1.0 64.8 65.8 7.2 0.0
2 459.0625 0.0 52.8 71.0 4.4 0.0
2 506.086956522 0.0 58.0 70.0 10.0 0.0
3 1014.77777778 1.0 68.0 71.2 8.4 0.0
3 496.0 0.0 60.6 79.8 5.0 0.0
2 527.92 3.0 59.6 79.4 7.4 0.002
2 3570.7 2.0 59.8 70.0 3.0 0.0
2 786.909090909 2.0 65.8 68.8 5.6 0.0
1 444.166666667 0.0 74.8 35.2 4.2 0.0
1 1453.25 0.0 60.2 72.0 11.0 0.092
0 341.0 2.0 61.0 52.0 0.0 0.0
3 46856.0 3.0 52.6 46.0 2.0 0.0
3 510.428571429 0.0 66.6 64.0 3.6 0.0
3 289.0 0.0 54.2 59.2 7.8 0.0
0 166.0 0.0 55.6 80.4 5.4 0.082
2 552.3 3.0 60.4 82.8 6.4 0.028
2 767.857142857 3.0 52.0 64.0 2.0 0.0
0 258.5 1.0 66.8 68.8 7.4 0.0
2 489.6 2.0 56.0 85.8 3.4 0.184
2 550.52173913 2.0 60.6 68.2 3.8 0.0
2 514.814814815 2.0 64.0 73.0 5.0 0.0
1 462.894736842 2.0 55.6 64.6 6.4 0.002
1 2514.4 0.0 60.8 72.8 5.4 0.0
3 578.8 0.0 58.0 70.0 8.0 0.0
3 196.0 0.0 58.0 72.0 11.0 0.0
2 539.526315789 2.0 64.8 71.0 7.6 0.0
3 432.0 2.0 63.2 68.8 8.8 0.0
3 378.166666667 0.0 59.0 69.0 8.0 0.0
1 384.526315789 0.0 57.6 83.4 3.0 0.0
3 457.428571429 0.0 63.2 62.4 6.4 0.0
2 1013.33333333 1.0 65.6 71.4 9.4 0.0
1 297.727272727 1.0 63.2 65.0 7.2 0.0
2 626.6 0.0 60.8 56.6 8.4 0.0
2 540.538461538 0.0 52.4 60.8 2.2 0.0
3 375.0 0.0 60.4 62.0 10.8 0.0
2 617.6 2.0 69.0 32.0 6.6 0.0
3 526.571428571 2.0 68.6 71.2 7.2 0.0
2 401.6 2.0 55.2 75.8 7.8 0.002
2 5070.125 3.0 52.6 46.0 2.0 0.0
2 750.0 1.0 71.0 68.0 6.2 0.0
2 552.8 0.0 59.2 77.0 6.4 0.008
3 327.0 1.0 67.6 75.4 7.2 0.0
3 522.666666667 3.0 43.2 51.0 3.4 0.0
1 475.0 0.0 57.2 73.6 2.8 0.0
1 414.230769231 0.0 58.8 70.0 6.8 0.0
1 2884.76470588 0.0 57.0 55.4 3.2 0.0
3 293.0 0.0 68.6 59.6 3.6 0.0
3 516.0 0.0 52.0 68.2 4.6 0.02
2 1161.64705882 0.0 53.4 52.6 2.2 0.0
1 5890.75 1.0 65.6 72.4 6.8 0.0
1 405.0 1.0 63.6 62.8 9.0 0.0
1 933.4375 1.0 62.6 66.8 8.0 0.0
1 371.0 3.0 46.2 70.8 2.2 0.0
1 437.714285714 2.0 72.2 70.0 7.6 0.0
3 4560.0 3.0 52.6 82.2 3.0 0.172
1 444.823529412 2.0 64.2 43.4 3.2 0.0
3 472.333333333 0.0 58.4 50.0 4.4 0.0
2 578.25 0.0 67.8 42.8 4.8 0.0
1 11496.0 0.0 52.2 52.8 1.8 0.0
0 846.0 0.0 51.2 78.0 9.0 0.302
2 482.761904762 2.0 65.6 74.6 4.4 0.0
2 258.666666667 0.0 59.6 82.4 7.8 0.09
2 543.366666667 0.0 64.8 68.8 7.6 0.0
1 1785.69230769 1.0 73.0 68.8 5.6 0.0
3 408.666666667 0.0 53.8 84.8 3.0 0.0
3 525.0 2.0 69.2 70.4 5.0 0.0
1 422.294117647 2.0 69.2 53.0 4.8 0.0
1 464.476190476 0.0 56.2 80.4 3.6 0.0
2 538.0 0.0 62.4 66.2 5.8 0.0
2 421.5 0.0 55.8 81.4 3.4 0.006
3 401.0 3.0 58.0 83.0 2.2 0.004
3 148.0 0.0 50.0 87.0 3.0 0.0
2 965.25 0.0 61.8 67.6 10.8 0.0
3 498.666666667 1.0 77.2 53.0 6.0 0.0
1 434.65 0.0 51.8 84.6 2.0 0.004
3 1623.85714286 2.0 64.0 73.6 6.2 0.0
1 1918.23076923 2.0 67.4 64.2 5.6 0.0
1 421.782608696 0.0 64.0 68.6 5.0 0.0
1 440.823529412 0.0 60.2 65.0 8.6 0.0
3 529.0 2.0 57.0 82.0 6.0 0.0
2 117.0 0.0 60.6 83.2 11.4 0.456
2 472.708333333 0.0 59.4 64.2 8.6 0.0
1 444.5 3.0 40.2 49.2 4.2 0.0
1 458.647058824 3.0 61.6 80.6 4.6 0.006
2 512.818181818 1.0 64.2 69.0 7.8 0.0
3 362.444444444 0.0 57.8 78.6 3.6 0.0
1 2223.875 2.0 70.8 74.0 7.4 0.0
0 629.0 2.0 55.8 67.0 1.8 0.0
3 527.5 1.0 63.6 62.8 9.0 0.0
1 297.0 1.0 62.2 65.6 6.4 0.0
2 735.0 2.0 62.0 65.0 9.0 0.0
2 833.25 0.0 56.4 67.4 4.2 0.0
1 392.055555556 0.0 56.0 84.6 5.2 0.0
3 384.0 2.0 61.4 61.0 3.6 0.0
2 1049.0 0.0 52.6 72.0 3.2 0.0
1 454.388888889 2.0 56.2 82.2 4.8 0.0
1 889.826086957 0.0 62.4 55.4 5.8 0.0
3 630.875 1.0 65.0 70.0 5.8 0.0
1 451.555555556 2.0 65.8 68.8 5.6 0.0
1 424.888888889 2.0 69.6 68.4 7.0 0.0
1 447.619047619 1.0 68.2 68.8 8.0 0.0
2 521.105263158 0.0 58.0 68.4 9.0 0.0
3 477.2 2.0 55.2 57.6 3.0 0.0
3 402.333333333 2.0 68.6 73.6 6.2 0.0
1 648.0 1.0 69.6 56.8 6.8 0.0
3 1362.0 0.0 62.4 55.4 5.8 0.0
3 7856.5 2.0 56.2 82.2 4.8 0.0
0 332.0 1.0 66.2 73.2 7.8 0.0
3 300.5 1.0 67.8 73.0 7.2 0.0
2 467.210526316 0.0 53.8 57.0 3.0 0.0
2 3395.0 3.0 54.0 83.0 8.0 0.13
