0 398.5 0.0 55.0 56.0 9.0 0.0
1 529.555555556 1.0 67.8 73.0 7.2 0.0
2 439.555555556 0.0 57.2 73.6 2.8 0.0
1 544.642857143 3.0 43.2 51.0 3.4 0.0
3 324.0 0.0 50.4 78.8 2.6 0.0
1 254.857142857 3.0 55.8 80.6 9.4 0.114
2 625.153846154 2.0 57.4 72.2 3.0 0.0
2 557.833333333 0.0 54.2 54.4 3.0 0.0
2 463.818181818 2.0 62.0 80.0 9.0 0.0
0 14507.5 1.0 69.6 73.6 6.0 0.0
3 355.666666667 0.0 56.0 53.4 8.0 0.0
2 556.545454545 0.0 56.4 45.6 2.4 0.0
2 1611.5 2.0 56.6 66.6 2.4 0.0
1 459.333333333 0.0 58.0 65.8 7.8 0.0
2 483.333333333 3.0 52.0 64.0 2.0 0.0
3 582.0 3.0 51.4 63.4 1.2 0.0
2 922.533333333 1.0 61.0 68.0 14.0 0.0
2 7250.6 2.0 63.8 75.4 8.2 0.0
1 444.125 0.0 58.0 68.4 9.0 0.0
2 1293.28571429 2.0 60.6 63.0 4.2 0.0
1 465.538461538 0.0 53.0 76.6 5.0 0.004
2 414.4 3.0 60.0 87.0 8.0 0.1
1 737.4 1.0 67.4 63.8 8.4 0.0
3 253.0 1.0 75.2 63.0 6.4 0.0
1 355.75 0.0 54.0 72.0 4.4 0.0
0 612.0 2.0 64.0 63.0 4.0 0.0
3 94.0 2.0 66.8 70.6 6.2 0.0
3 354.0 3.0 60.6 76.8 3.6 0.002
1 381.0 0.0 61.6 77.2 18.0 0.696
1 293.0 0.0 66.4 57.6 5.6 0.0
1 19569.0 0.0 56.6 73.2 3.4 0.0
2 769.5 0.0 53.0 86.0 8.0 0.096
1 1384.5 0.0 64.0 61.2 11.6 0.0
3 470.571428571 1.0 68.0 63.0 11.0 0.0
1 407.153846154 3.0 61.6 80.6 4.6 0.006
0 572.0 2.0 62.0 46.6 8.4 0.0
2 248.0 1.0 63.6 62.8 9.0 0.0
2 488.117647059 3.0 60.6 76.8 3.6 0.002
2 545.533333333 0.0 53.8 57.0 3.0 0.0
3 584.25 2.0 60.0 72.0 5.0 0.0
2 1340.83333333 0.0 60.2 72.8 2.4 0.0
3 212.0 0.0 50.8 80.8 2.8 0.0
2 1435.0 0.0 50.8 48.6 1.8 0.0
3 1034.25 1.0 63.6 62.8 9.0 0.0
1 295.0 0.0 59.8 65.2 3.4 0.0
0 400.5 2.0 51.0 63.0 2.0 0.0
0 201.0 0.0 63.8 72.2 7.8 0.0
0 373.0 2.0 64.8 71.0 7.6 0.0
2 365.0 3.0 58.0 83.0 2.2 0.004
3 194.0 3.0 44.8 62.4 2.4 0.0
3 561.5 2.0 60.2 78.4 3.2 0.004
3 671.0 0.0 51.8 84.6 2.0 0.004
0 292.0 0.0 58.4 63.4 8.4 0.0
1 776.0 2.0 55.0 78.0 3.0 0.0
1 456.666666667 1.0 71.0 68.0 6.2 0.0
3 254.0 2.0 59.0 50.6 1.2 0.0
1 450.833333333 2.0 61.4 61.0 3.6 0.0
1 921.333333333 3.0 48.0 43.6 2.4 0.0
0 778.0 0.0 53.0 86.0 8.0 0.096
2 525.5 0.0 53.4 85.8 3.0 0.0
3 2174.0 0.0 53.0 63.0 10.0 0.0
2 419.0 2.0 58.6 81.0 6.6 0.226
0 281.0 2.0 58.6 73.2 3.4 0.0
3 429.0 2.0 61.0 79.0 2.0 0.0
2 638.9 1.0 69.8 70.8 6.6 0.0
1 520.214285714 1.0 65.2 65.6 9.8 0.0
2 497.5625 2.0 68.8 66.6 6.8 0.0
1 608.0 1.0 68.6 66.4 7.4 0.0
1 387.166666667 1.0 71.4 69.4 5.8 0.0
1 8641.25 1.0 69.0 71.2 7.6 0.0
3 281.0 0.0 67.8 60.8 6.6 0.0
2 588.230769231 0.0 55.0 56.0 9.0 0.0
3 164.0 3.0 52.0 64.0 1.2 0.0
0 603.0 0.0 51.0 72.0 3.0 0.0
0 271.0 2.0 55.2 57.6 3.0 0.0
3 108.0 2.0 55.4 66.0 6.0 0.0
2 742.5 1.0 64.0 53.4 7.2 0.0
3 428.0 1.0 69.2 67.4 8.4 0.0
3 4938.0 0.0 68.6 59.6 3.6 0.0
3 704.5 1.0 70.4 48.2 6.0 0.0
1 532.0 2.0 60.0 81.0 4.0 0.01
2 485.235294118 0.0 67.0 49.6 6.0 0.0
2 1079.25 0.0 57.8 47.8 6.8 0.0
0 234.0 0.0 60.4 62.0 10.8 0.0
3 141.0 2.0 64.8 78.0 6.2 0.0
1 1503.0 2.0 71.8 53.2 3.8 0.0
1 612.25 2.0 67.2 35.6 2.4 0.0
0 306.0 0.0 59.8 69.0 9.0 0.0
0 387.0 2.0 62.6 74.2 6.0 0.006
2 576.384615385 2.0 58.4 78.2 3.8 0.0
1 393.4 1.0 64.8 65.8 7.2 0.0
1 490.0 0.0 57.2 73.6 2.8 0.0
1 488.166666667 2.0 56.0 64.8 3.4 0.0
1 428.9 0.0 47.4 70.4 4.6 0.022
2 606.666666667 3.0 50.0 64.0 2.0 0.0
1 1879.42857143 2.0 55.2 78.6 4.0 0.0
0 1361.0 2.0 70.8 74.0 7.4 0.0
1 347.166666667 2.0 54.8 63.2 2.4 0.0
0 315.0 0.0 55.2 74.6 3.6 0.002
2 474.230769231 0.0 53.6 46.8 4.2 0.0
3 440.666666667 0.0 58.6 75.4 4.8 0.0
0 378.0 1.0 68.0 70.4 8.0 0.0
3 319.0 2.0 63.0 79.6 6.4 0.0
2 490.454545455 0.0 51.8 84.6 2.0 0.004
1 602.125 0.0 50.8 69.2 1.4 0.0
1 4030.0 0.0 49.2 58.0 1.6 0.0
2 698.0 2.0 65.0 66.0 19.0 0.0
3 497.333333333 1.0 61.2 63.2 9.4 0.0
2 756.454545455 2.0 56.2 69.6 4.2 0.0
3 366.0 0.0 60.2 60.0 5.4 0.0
0 336.0 2.0 53.8 70.8 1.2 0.0
1 479.555555556 2.0 64.8 64.6 2.4 0.0
2 607.2 2.0 57.8 77.2 3.4 0.0
3 570.0 2.0 68.0 59.0 7.0 0.0
1 308.777777778 3.0 41.0 60.2 1.2 0.0
0 240.0 0.0 66.0 61.0 8.0 0.0
1 1358.61111111 2.0 60.4 64.8 5.6 0.0
2 1272.66666667 1.0 73.4 60.8 5.4 0.0
2 450.666666667 0.0 55.4 72.6 2.8 0.0
1 366.4375 0.0 66.4 59.8 4.0 0.0
3 582.5 0.0 58.0 70.0 10.0 0.0
2 983.0 3.0 46.2 70.8 2.2 0.0
2 521.277777778 1.0 67.6 71.8 6.0 0.0
0 1482.0 0.0 55.0 74.0 4.0 0.0
0 328.0 2.0 63.0 80.0 7.0 0.0
1 513.833333333 2.0 51.6 69.0 1.4 0.0
2 544.0 0.0 61.0 71.0 13.0 0.0
2 684.857142857 1.0 68.6 68.4 7.0 0.0
0 327.0 0.0 57.8 68.0 9.0 0.0
1 457.0 2.0 57.0 73.0 4.4 0.0
1 368.285714286 2.0 51.0 63.0 2.0 0.0
0 445.5 0.0 51.4 71.6 3.0 0.0
1 3828.0 2.0 65.8 55.4 5.0 0.0
2 666.555555556 0.0 52.8 71.0 4.4 0.0
2 722.181818182 2.0 62.0 65.0 4.0 0.0
1 378.5 0.0 53.8 76.8 3.4 0.0
3 183.0 2.0 67.2 40.2 2.8 0.002
1 333.428571429 1.0 65.6 57.4 6.6 0.0
0 233.0 0.0 74.8 35.2 4.2 0.0
1 324.769230769 0.0 56.6 71.0 8.2 0.01
2 6429.0 2.0 56.2 61.6 3.8 0.002
3 3260.0 2.0 57.6 66.8 2.0 0.0
1 407.166666667 0.0 60.6 85.0 4.2 0.004
1 16542.8 1.0 72.6 66.6 7.4 0.0
2 541.75 0.0 61.4 70.4 3.8 0.0
2 2059.57142857 2.0 61.0 66.0 2.0 0.0
3 329.5 2.0 68.6 68.8 5.8 0.0
1 1892.76923077 0.0 60.2 65.0 8.6 0.0
3 499.0 3.0 52.0 86.0 3.0 0.0
1 490.227272727 0.0 62.2 68.4 5.6 0.0
3 522.5 0.0 57.2 59.0 3.4 0.0
3 561.0 0.0 60.8 68.2 6.8 0.0
2 604.166666667 0.0 57.4 57.6 8.6 0.0
3 770.0 0.0 60.8 74.8 3.2 0.0
2 543.272727273 0.0 56.0 69.0 8.0 0.0
1 415.333333333 0.0 55.2 73.8 2.0 0.0
3 379.333333333 0.0 62.4 62.8 4.4 0.0
0 118.0 2.0 56.0 80.2 3.0 0.002
1 726.4 2.0 68.6 71.2 7.2 0.0
3 485.0 0.0 51.6 66.2 8.6 0.0
1 968.75 2.0 66.4 71.8 6.0 0.0
1 923.166666667 0.0 57.6 65.4 6.0 0.0
3 503.0 1.0 68.8 70.2 7.2 0.0
1 308.666666667 0.0 60.8 74.8 3.2 0.0
3 476.6 1.0 67.6 72.0 7.6 0.0
0 270.0 1.0 72.6 70.4 7.2 0.0
1 394.5 0.0 57.4 68.2 7.0 0.0
0 691.0 0.0 46.0 68.0 3.0 0.0
3 776.0 1.0 60.0 68.0 11.0 0.0
2 21889.5 1.0 62.2 65.6 6.4 0.0
2 583.666666667 3.0 61.6 80.6 4.6 0.006
1 1888.46666667 0.0 53.4 52.6 2.2 0.0
2 561.909090909 2.0 70.0 71.0 9.0 0.0
2 148.0 2.0 52.2 67.0 2.0 0.0
0 274.0 2.0 69.6 68.4 7.0 0.0
2 1143.66666667 1.0 67.6 72.0 7.6 0.0
3 184.0 0.0 50.8 71.8 4.6 0.0
1 459.285714286 2.0 69.6 68.8 4.8 0.0
1 484.5 0.0 54.4 85.4 3.6 0.002
1 412.2 0.0 59.0 94.0 3.0 0.0
0 358.0 0.0 58.2 62.0 6.8 0.0
2 562.0 0.0 62.8 67.0 6.4 0.0
2 463.2 3.0 48.8 71.8 3.8 0.0
1 278.0 2.0 53.6 72.4 4.6 0.0
2 499.125 3.0 58.0 76.2 2.8 0.004
3 559.0 0.0 60.0 67.0 9.0 0.0
2 1570.6 0.0 51.6 66.2 8.6 0.0
2 640.142857143 2.0 71.0 58.0 8.0 0.0
2 643.5 2.0 58.8 46.6 3.0 0.0
1 6849.25 0.0 57.0 59.8 6.2 0.0
2 610.733333333 0.0 60.2 60.0 5.4 0.0
0 12967.4285714 1.0 70.6 67.2 7.0 0.0
3 253.0 2.0 51.6 69.0 1.4 0.0
3 324.0 1.0 67.6 71.0 8.0 0.0
1 3071.84615385 2.0 64.2 43.4 3.2 0.0
3 351.5 2.0 69.8 54.2 4.2 0.0
1 109.0 1.0 66.6 73.2 7.4 0.0
2 589.75 1.0 65.2 65.6 9.8 0.0
2 713.4 0.0 66.4 57.6 5.6 0.0
1 461.0 0.0 59.0 61.0 4.0 0.0
1 328.375 0.0 60.0 69.2 13.0 0.0
3 280.0 0.0 51.8 77.6 1.6 0.0
0 381.0 2.0 60.0 73.6 3.2 0.0
3 94.0 0.0 52.8 62.6 2.4 0.0
0 436.5 0.0 58.0 70.0 3.0 0.0
3 1282.91666667 2.0 56.2 61.6 3.8 0.002
3 254.0 3.0 51.4 60.0 1.0 0.0
1 823.0 0.0 58.4 68.8 5.0 0.0
3 518.0 1.0 69.6 66.0 7.0 0.0
1 481.294117647 1.0 66.4 65.0 9.0 0.0
0 29993.0 1.0 67.6 66.8 6.2 0.0
1 367.714285714 2.0 61.2 59.0 3.6 0.032
3 818.0 2.0 59.8 70.0 3.0 0.0
1 1674.5 2.0 58.6 81.0 6.6 0.226
3 344.5 1.0 70.6 65.4 8.0 0.002
2 2373.66666667 1.0 72.6 66.6 7.4 0.0
1 220.0 0.0 60.2 72.8 2.4 0.0
1 370.055555556 0.0 60.8 68.2 6.8 0.0
3 419.0 0.0 59.4 77.0 4.6 0.0
2 5620.25 2.0 70.0 40.0 5.0 0.01
1 319.538461538 2.0 57.8 61.4 2.4 0.0
2 660.142857143 1.0 70.0 70.0 7.0 0.0
0 670.0 0.0 59.8 65.2 3.4 0.0
1 407.769230769 0.0 57.6 55.8 14.2 0.0
0 642.0 0.0 53.0 73.0 3.0 0.0
2 983.5625 1.0 67.8 73.0 7.2 0.0
2 587.25 2.0 55.0 69.0 1.0 0.0
2 378.0 0.0 61.4 71.8 6.4 0.012
2 495.916666667 0.0 61.0 65.2 7.0 0.002
0 265.5 1.0 66.8 72.4 7.2 0.0
2 533.15 2.0 64.8 71.0 7.6 0.0
2 471.666666667 0.0 51.0 92.0 6.0 0.0
0 470.5 0.0 54.0 61.0 4.0 0.0
2 657.428571429 3.0 41.0 60.2 1.2 0.0
1 662.5 3.0 48.2 69.2 1.0 0.0
1 385.307692308 0.0 52.8 67.2 3.2 0.0
2 1718.5 1.0 67.4 63.8 8.4 0.0
2 1046.9375 2.0 65.8 68.8 5.6 0.0
2 1539.75 2.0 54.0 69.2 6.0 0.0
2 546.888888889 0.0 53.0 76.6 5.0 0.004
1 486.333333333 0.0 46.4 37.2 6.2 0.0
2 584.0 0.0 58.0 68.4 9.0 0.0
3 532.666666667 0.0 53.0 73.0 3.0 0.0
2 465.25 2.0 69.0 32.0 6.6 0.0
2 587.625 0.0 61.4 73.0 8.2 0.0
2 578.0 0.0 53.2 52.8 2.0 0.0
1 330.615384615 2.0 65.8 66.2 4.6 0.0
3 140.0 0.0 57.4 67.2 5.6 0.0
1 342.857142857 2.0 59.6 78.8 3.6 0.004
2 13382.5 2.0 56.0 69.6 4.0 0.0
1 1101.33333333 2.0 66.8 70.0 6.8 0.0
3 759.0 2.0 59.6 78.8 3.6 0.004
0 253.0 1.0 71.4 69.4 5.8 0.0
1 462.181818182 0.0 56.2 47.0 1.8 0.0
2 608.785714286 0.0 63.0 69.0 5.0 0.0
2 511.777777778 0.0 64.6 67.0 8.2 0.0
2 569.5 1.0 65.0 74.0 9.0 0.0
3 396.666666667 3.0 48.2 69.2 1.0 0.0
3 463.0 0.0 58.0 75.0 7.0 0.0
1 378.8125 0.0 59.8 69.0 9.0 0.0
2 628.3 2.0 56.2 82.2 4.8 0.0
1 492.111111111 2.0 55.4 66.0 6.0 0.0
0 423.0 3.0 54.0 83.0 8.0 0.13
0 317.0 2.0 53.0 69.2 1.0 0.0
0 234.0 2.0 62.0 64.2 3.4 0.0
0 326.0 0.0 57.4 71.2 5.6 0.0
0 414.0 1.0 74.2 60.2 6.0 0.0
0 338.0 1.0 69.0 68.6 8.0 0.0
3 834.333333333 2.0 62.8 51.0 3.2 0.0
1 130.0 1.0 62.4 67.4 8.0 0.0
1 369.25 1.0 61.0 71.0 8.0 0.0
0 261.0 2.0 58.6 78.4 4.2 0.0
0 284.0 2.0 71.6 65.2 6.4 0.0
2 1030.75 2.0 67.0 72.0 11.0 0.0
1 446.9 0.0 57.4 67.2 5.6 0.0
1 389.733333333 0.0 56.0 73.0 7.0 0.036
2 515.466666667 2.0 60.2 78.4 3.2 0.004
2 740.0 2.0 72.4 50.0 3.8 0.0
3 309.0 3.0 50.2 54.2 8.2 0.0
1 447.466666667 0.0 57.4 57.6 8.6 0.0
2 503.25 2.0 65.4 73.2 5.2 0.0
1 353.0 2.0 61.8 73.6 1.4 0.0
2 545.666666667 2.0 56.0 80.2 3.0 0.002
2 517.642857143 2.0 68.6 73.6 6.2 0.0
1 374.333333333 0.0 53.0 92.0 9.0 0.0
3 349.0 2.0 67.6 72.2 7.0 0.0
2 726.315789474 0.0 53.0 81.0 3.0 0.0
2 629.666666667 0.0 52.4 64.0 2.2 0.0
1 320.444444444 0.0 56.6 46.2 3.6 0.0
2 608.538461538 0.0 51.0 72.0 3.0 0.0
2 652.727272727 0.0 57.6 83.4 3.0 0.0
2 529.25 2.0 65.6 70.6 4.8 0.0
1 365.583333333 0.0 57.4 71.2 5.6 0.0
0 311.0 0.0 66.4 57.6 5.6 0.0
3 71605.0 0.0 67.8 57.8 6.6 0.0
0 364.666666667 3.0 60.0 84.0 4.0 0.0
0 626.0 0.0 57.0 78.0 8.0 0.0
1 296.466666667 0.0 75.4 45.6 4.4 0.0
1 360.0 2.0 72.4 50.0 3.8 0.0
1 340.8 0.0 60.0 68.0 7.0 0.0
1 2624.14285714 0.0 59.0 58.0 6.0 0.0
3 296.0 0.0 60.0 64.8 7.4 0.0
1 1266.41176471 0.0 63.8 72.2 7.8 0.0
2 483.214285714 2.0 69.6 68.4 7.0 0.0
3 963.0 0.0 61.4 72.8 6.2 0.0
0 296.0 2.0 63.0 79.6 6.4 0.0
1 231.0 2.0 60.6 66.4 6.6 0.0
1 527.0 2.0 74.0 41.4 3.6 0.0
3 516.5 0.0 55.4 74.8 4.8 0.0
2 686.5 0.0 55.4 89.2 2.6 0.0
2 1687.2 2.0 62.6 71.4 6.2 0.002
1 477.111111111 2.0 65.6 75.0 8.0 0.0
1 13568.8 2.0 71.0 58.0 8.0 0.0
3 562.0 0.0 58.6 71.0 8.6 0.0
2 820.2 2.0 71.4 67.6 4.6 0.0
2 509.0 0.0 50.8 80.8 2.8 0.0
1 360.285714286 0.0 67.8 42.8 4.8 0.0
3 541.0 0.0 58.2 71.2 8.6 0.0
2 1480.0 3.0 54.6 69.6 2.0 0.0
2 621.777777778 2.0 70.0 51.0 6.0 0.0
2 500.0 2.0 59.6 78.8 3.6 0.004
0 344.0 1.0 67.8 73.0 7.2 0.0
3 769.0 2.0 57.4 81.8 4.0 0.0
1 760.0 0.0 61.4 71.8 6.4 0.012
2 538.636363636 2.0 55.2 57.6 3.0 0.0
1 111.0 0.0 62.8 65.8 9.0 0.0
1 364.631578947 0.0 67.8 60.8 6.6 0.0
3 2868.0 1.0 69.0 68.6 8.0 0.0
3 108.0 0.0 53.2 52.8 2.0 0.0
1 446.857142857 0.0 60.0 45.0 7.8 0.0
0 243.0 1.0 65.2 63.8 10.2 0.0
1 931.157894737 0.0 55.4 72.6 2.8 0.0
2 633.0 0.0 64.0 61.2 11.6 0.0
1 280.8 3.0 40.6 50.8 2.2 0.0
0 281.0 2.0 69.6 68.8 4.8 0.0
2 514.7 0.0 58.2 62.0 6.8 0.0
2 516.923076923 0.0 65.4 31.2 10.6 0.0
2 696.5 1.0 67.6 66.8 6.2 0.0
3 440.0 0.0 57.0 51.0 5.0 0.0
2 450.5 2.0 65.8 55.4 5.0 0.0
3 651.0 2.0 62.0 61.6 2.2 0.0
2 413.916666667 0.0 55.2 74.6 3.6 0.002
2 660.076923077 2.0 65.4 46.8 3.6 0.0
1 420.0 1.0 70.6 65.4 8.0 0.002
2 556.117647059 0.0 67.0 55.0 6.0 0.0
2 908.909090909 2.0 66.0 60.0 10.0 0.0
0 226.0 0.0 60.8 68.2 6.8 0.0
3 451.5 1.0 68.6 70.2 8.2 0.0
1 398.0 2.0 62.0 64.2 3.4 0.0
0 288.0 0.0 60.2 65.0 8.6 0.0
1 374.777777778 2.0 59.0 50.6 1.2 0.0
1 2173.0 0.0 57.8 67.0 3.6 0.0
3 920.0 0.0 53.4 52.6 2.2 0.0
1 420.823529412 1.0 72.4 64.6 6.6 0.0
0 375.0 2.0 55.4 66.0 6.0 0.0
3 630.0 0.0 67.4 59.0 6.8 0.0
0 545.0 2.0 57.0 50.0 6.0 0.0
3 387.0 0.0 57.0 72.0 14.0 0.01
1 876.333333333 0.0 58.4 65.8 3.2 0.0
1 126.0 0.0 62.8 67.0 6.4 0.0
2 527.125 0.0 59.0 87.0 8.0 0.0
1 380.6 2.0 54.8 53.8 4.8 0.0
2 1086.26666667 2.0 74.6 41.8 3.4 0.0
3 474.5 1.0 70.6 67.2 7.0 0.0
2 370.0 2.0 57.6 71.6 5.6 0.0
3 579.5 0.0 61.6 69.6 5.8 0.0
0 199.0 1.0 64.8 74.6 8.4 0.0
3 475.5 0.0 56.6 46.2 3.6 0.0
2 591.7 0.0 63.0 65.0 12.0 0.0
2 656.090909091 0.0 60.0 61.0 8.0 0.0
2 484.6 0.0 52.4 69.2 1.2 0.0
1 16082.5 1.0 64.0 75.0 15.0 0.0
1 331.125 0.0 53.4 81.8 4.6 0.004
2 455.0 1.0 66.4 74.8 8.0 0.0
3 238.0 3.0 48.8 71.8 3.8 0.0
0 363.0 2.0 67.6 59.4 5.4 0.0
3 504.0 0.0 54.4 85.4 3.6 0.002
1 360.818181818 0.0 52.6 66.8 2.6 0.0
2 635.333333333 3.0 53.0 80.4 6.0 0.104
3 284.0 1.0 71.0 69.0 7.6 0.0
1 370.384615385 0.0 65.0 71.0 9.0 0.0
0 273.0 3.0 58.0 76.2 2.8 0.004
3 1170.0 1.0 68.0 71.2 8.4 0.0
0 288.0 1.0 69.8 71.2 6.6 0.0
2 569.5 0.0 61.0 75.0 4.0 0.0
2 543.533333333 0.0 59.0 60.0 11.0 0.0
3 812.5 2.0 64.8 71.0 7.6 0.0
3 301.0 0.0 58.4 81.6 3.2 0.0
0 1841.0 2.0 63.0 60.2 6.4 0.0
3 1718.0 0.0 60.6 83.2 11.4 0.456
0 205.0 0.0 63.0 63.6 7.6 0.0
0 292.0 1.0 66.4 74.8 8.0 0.0
1 422.461538462 3.0 56.0 74.6 6.2 0.0
2 564.705882353 0.0 52.4 81.0 2.6 0.0
1 472.230769231 0.0 64.6 67.0 8.2 0.0
1 397.0 3.0 48.8 71.8 3.8 0.0
1 414.611111111 0.0 60.4 60.0 12.8 0.0
0 232.0 3.0 61.6 80.6 4.6 0.006
3 734.0 0.0 61.0 73.2 6.0 0.04
2 393.266666667 0.0 61.6 69.6 5.8 0.0
3 349.0 2.0 57.6 65.8 9.6 0.0
3 971.0 0.0 56.0 75.0 6.0 0.0
1 357.083333333 2.0 55.6 64.6 6.4 0.002
2 311.0 3.0 52.2 66.4 1.2 0.0
2 631.090909091 0.0 58.0 61.0 7.0 0.0
3 734.0 0.0 54.0 75.0 6.0 0.0
3 450.0 0.0 56.4 67.4 4.2 0.0
2 686.222222222 0.0 65.0 59.0 4.0 0.0
0 584.0 0.0 52.0 66.0 3.0 0.0
2 946.363636364 1.0 71.0 69.0 7.6 0.0
2 606.909090909 1.0 64.4 66.2 7.8 0.0
2 535.4 0.0 55.6 81.2 3.2 0.0
3 557.333333333 0.0 58.4 63.4 8.4 0.0
0 558.0 2.0 57.0 75.0 6.0 0.15
3 473.0 2.0 55.0 90.0 7.0 0.63
1 370.636363636 0.0 60.6 58.2 6.8 0.0
1 2764.5 1.0 63.2 70.4 9.6 0.0
0 297.0 2.0 65.2 72.6 5.0 0.0
3 351.0 0.0 62.0 63.0 10.0 0.03
1 450.444444444 1.0 68.6 68.4 7.0 0.0
3 299.0 0.0 58.4 68.8 5.0 0.0
1 595.0 0.0 59.0 66.8 7.6 0.0
0 7775.0 3.0 51.6 56.8 10.4 0.0
1 750.785714286 2.0 69.8 67.6 6.6 0.0
2 751.769230769 0.0 67.2 36.4 7.4 0.0
3 1896.5 1.0 65.6 69.8 8.6 0.0
1 318.8125 0.0 60.4 62.0 10.8 0.0
2 535.454545455 0.0 60.8 68.2 6.8 0.0
3 499.25 1.0 66.0 71.0 11.0 0.0
0 254.0 0.0 59.8 57.8 6.2 0.0
1 504.769230769 0.0 69.4 63.8 5.0 0.0
2 586.421052632 0.0 67.0 52.0 4.0 0.0
1 570.0 0.0 55.8 81.4 3.4 0.006
3 1013.0 0.0 59.4 69.8 10.0 0.054
2 618.857142857 0.0 60.0 64.8 7.4 0.0
3 548.666666667 0.0 61.4 55.0 10.0 0.0
2 26140.8 0.0 60.4 55.0 10.6 0.0
2 425.0 0.0 51.2 68.6 5.8 0.0
1 400.538461538 0.0 58.4 50.0 4.4 0.0
3 398.0 0.0 60.2 70.0 6.6 0.0
0 612.0 3.0 61.0 86.0 12.0 1.43
1 476.0 0.0 65.0 45.0 10.0 0.0
1 432.85 0.0 51.4 71.6 3.0 0.0
2 764.7 0.0 46.4 37.2 6.2 0.0
3 195.0 1.0 62.4 67.4 8.0 0.0
3 634.0 3.0 60.0 83.4 4.4 0.018
1 324.9375 1.0 67.8 72.0 8.6 0.0
1 652.705882353 1.0 70.4 48.2 6.0 0.0
1 370.928571429 0.0 63.0 60.4 4.2 0.0
3 981.0 2.0 55.0 80.0 9.0 0.0
2 1371.0 0.0 47.8 69.0 1.0 0.0
2 134.0 0.0 55.0 71.0 7.0 0.01
2 484.615384615 2.0 57.0 69.0 4.0 0.0
1 281.8 3.0 58.2 86.0 7.0 0.94
2 3780.09090909 0.0 62.0 64.0 16.0 0.0
3 380.0 0.0 52.8 71.0 4.4 0.0
2 517.0 1.0 68.0 74.0 14.0 0.0
1 368.944444444 2.0 60.0 66.8 5.2 0.0
0 283.0 0.0 72.8 36.6 5.0 0.0
3 261.0 1.0 69.6 56.8 6.8 0.0
3 608.5 0.0 58.4 71.0 2.2 0.0
1 335.666666667 0.0 60.8 72.8 5.4 0.0
3 473.0 3.0 46.0 67.0 4.0 0.0
1 415.6 1.0 68.0 70.4 8.0 0.0
3 161.0 0.0 57.2 70.6 8.0 0.0
2 962.411764706 0.0 60.8 74.8 3.2 0.0
2 1349.0 0.0 53.0 54.6 1.4 0.0
0 234.0 1.0 65.8 72.0 9.0 0.0
0 285.0 0.0 60.0 68.0 7.0 0.0
0 295.0 2.0 59.0 50.6 1.2 0.0
1 446.090909091 0.0 58.6 66.0 5.2 0.0
3 745.0 0.0 52.8 70.0 1.8 0.0
1 626.333333333 2.0 68.4 65.0 4.8 0.0
2 229.5 1.0 62.4 67.4 8.0 0.0
2 6900.0 2.0 61.8 59.2 5.2 0.0
1 523.857142857 3.0 50.6 72.8 4.2 0.0
3 223.0 3.0 44.4 59.4 1.4 0.0
3 317.5 0.0 55.4 72.2 8.0 0.132
3 309.0 2.0 64.8 74.6 9.0 0.106
3 358.0 2.0 53.2 73.8 3.0 0.0
2 657.470588235 1.0 66.0 69.4 7.6 0.0
2 523.714285714 0.0 56.0 65.6 5.8 0.014
1 420.846153846 2.0 64.8 78.0 6.2 0.0
2 595.3 2.0 58.0 66.0 12.0 0.0
3 613.0 0.0 51.2 78.0 9.0 0.302
0 307.75 1.0 70.2 73.6 8.4 0.0
1 340.6 2.0 58.6 78.4 4.2 0.0
0 343.0 0.0 57.0 55.4 3.2 0.0
1 391.1 0.0 59.4 77.0 4.6 0.0
1 513.0 3.0 52.0 64.0 1.2 0.0
2 495.846153846 0.0 52.0 68.2 4.6 0.02
3 270.5 2.0 68.6 56.8 5.0 0.0
3 345.5 1.0 66.2 73.2 7.8 0.0
2 529.285714286 1.0 69.2 67.4 8.4 0.0
3 361.0 2.0 58.6 81.0 6.6 0.226
3 413.0 2.0 65.6 74.6 4.4 0.0
2 535.8 0.0 58.0 69.0 19.0 0.08
3 384.0 2.0 68.0 65.8 9.0 0.0
3 299.0 0.0 59.0 76.6 7.0 0.0
3 1251.0 1.0 66.4 65.0 9.0 0.0
0 594.0 0.0 55.0 70.0 5.0 0.0
3 248.0 1.0 66.8 72.4 7.2 0.0
3 645.0 1.0 72.4 64.6 6.6 0.0
1 324.1 0.0 61.0 56.4 6.0 0.0
2 611.727272727 1.0 77.2 53.0 6.0 0.0
2 649.6 2.0 61.4 61.0 3.6 0.0
0 24939.0 0.0 54.4 61.8 10.2 0.0
2 681.4 0.0 60.8 67.4 6.6 0.0
0 976.5 1.0 68.4 65.0 6.0 0.0
3 478.5 2.0 56.4 79.2 4.6 0.208
1 558.666666667 2.0 65.2 42.4 2.4 0.0
0 356.333333333 1.0 67.2 69.8 9.4 0.004
3 766.0 2.0 60.6 58.2 2.0 0.0
0 274.0 2.0 68.2 75.2 5.8 0.0
2 616.153846154 2.0 65.2 72.6 5.0 0.0
1 358.75 0.0 56.0 84.6 5.2 0.0
1 864.333333333 0.0 51.2 61.6 0.8 0.0
1 385.0 0.0 59.2 62.2 6.2 0.0
2 537.588235294 0.0 72.8 36.6 5.0 0.0
1 527.1 0.0 53.6 82.6 3.0 0.0
2 2092.66666667 2.0 55.2 76.6 2.6 0.0
2 422.7 2.0 52.2 73.6 3.2 0.0
0 286.0 0.0 59.2 68.6 8.2 0.02
1 455.882352941 2.0 62.0 61.6 2.2 0.0
3 341.0 1.0 74.2 60.2 6.0 0.0
0 260.0 2.0 68.6 73.6 6.2 0.0
1 426.142857143 1.0 75.2 63.0 6.4 0.0
2 530.666666667 1.0 75.2 63.0 6.4 0.0
1 355.2 0.0 53.0 71.0 5.0 0.0
1 253.333333333 0.0 54.4 61.8 10.2 0.0
1 471.0 2.0 57.8 77.2 3.4 0.0
1 334.071428571 1.0 69.4 72.8 7.6 0.0
1 2657.33333333 2.0 57.6 66.8 2.0 0.0
1 564.454545455 0.0 57.6 67.8 5.2 0.0
3 610.0 0.0 58.4 65.8 3.2 0.0
2 22355.5 2.0 66.2 73.6 6.2 0.0
1 177.0 3.0 58.0 83.0 2.2 0.004
2 658.0 2.0 64.2 43.4 3.2 0.0
0 309.0 2.0 57.8 61.4 2.4 0.0
2 655.2 0.0 51.0 63.0 6.0 0.0
2 771.5 0.0 57.0 60.0 2.0 0.0
1 429.647058824 0.0 57.0 60.0 4.0 0.0
0 304.0 0.0 66.6 64.0 3.6 0.0
2 529.588235294 1.0 68.8 70.2 7.2 0.0
3 178.0 1.0 65.0 66.4 6.6 0.0
2 452.6 1.0 66.8 72.4 7.2 0.0
1 663.75 0.0 63.0 66.2 7.2 0.0
1 406.5 0.0 57.2 74.2 7.8 0.19
2 831.25 2.0 69.0 76.8 6.4 0.0
1 319.666666667 0.0 59.6 70.2 7.8 0.004
3 622.333333333 1.0 67.8 73.0 7.2 0.0
1 409.875 0.0 56.0 53.4 8.0 0.0
0 291.0 1.0 64.4 66.2 7.8 0.0
0 593.0 1.0 68.0 71.2 8.4 0.0
2 323.333333333 3.0 55.8 80.6 9.4 0.114
2 491.916666667 1.0 61.0 74.0 9.0 0.0
1 421.3125 1.0 68.2 68.8 8.0 0.0
2 555.0 2.0 57.8 61.4 2.4 0.0
0 279.0 2.0 56.0 85.8 3.4 0.184
2 609.4 0.0 51.0 65.0 3.0 0.0
0 722.0 2.0 67.6 72.2 7.0 0.0
3 567.0 0.0 54.6 60.6 3.4 0.0
2 2576.4 2.0 71.8 53.2 3.8 0.0
2 1157.5 2.0 68.4 65.0 4.8 0.0
3 296.0 0.0 60.4 55.0 10.6 0.0
1 310.0 0.0 63.0 60.0 6.0 0.0
2 663.090909091 0.0 59.4 69.8 10.0 0.054
2 560.615384615 3.0 48.0 43.6 2.4 0.0
2 559.0 0.0 71.0 45.0 6.0 0.0
2 515.166666667 1.0 68.0 66.8 7.8 0.0
3 640.333333333 0.0 47.0 70.0 4.2 0.0
2 814.666666667 0.0 65.4 49.4 6.4 0.0
2 761.75 2.0 53.0 69.2 1.0 0.0
1 338.142857143 0.0 61.4 55.0 10.0 0.0
3 508.25 0.0 63.0 57.2 7.8 0.0
1 356.857142857 2.0 67.0 53.0 6.0 0.0
0 754.75 0.0 47.8 69.0 1.0 0.0
3 712.0 2.0 58.8 46.6 3.0 0.0
0 629.0 1.0 68.6 68.4 7.0 0.0
3 603.0 0.0 55.0 56.0 3.0 0.0
2 572.75 2.0 60.2 70.2 6.8 0.042
2 673.583333333 1.0 63.2 65.0 7.2 0.0
0 291.0 1.0 66.4 65.0 9.0 0.0
1 478.333333333 2.0 67.2 73.2 5.6 0.0
1 842.761904762 1.0 71.0 69.0 7.6 0.0
2 1331.6 2.0 64.6 73.0 4.4 0.0
2 939.0 3.0 50.4 66.2 1.4 0.0
1 421.0 2.0 58.8 46.6 3.0 0.0
1 357.6 0.0 53.8 57.0 3.0 0.0
3 500.0 2.0 69.2 70.4 5.0 0.0
2 532.0 0.0 62.0 72.0 11.0 0.0
1 414.894736842 2.0 67.4 74.0 6.8 0.0
3 521.2 0.0 50.0 75.2 4.8 0.0
0 631.5 2.0 59.2 62.4 4.2 0.0
3 528.0 0.0 60.0 78.0 9.0 0.02
1 367.5 3.0 57.8 82.0 3.2 0.0
3 465.666666667 1.0 69.8 67.8 7.6 0.0
1 1045.76923077 0.0 55.0 78.0 6.0 0.0
2 554.538461538 1.0 68.0 70.4 8.0 0.0
2 9917.42857143 0.0 43.0 66.0 2.0 0.0
1 466.633333333 1.0 70.6 67.2 7.0 0.0
0 5487.0 1.0 68.0 66.8 7.8 0.0
1 232.0 0.0 51.6 66.2 8.6 0.0
1 429.3125 0.0 61.0 73.2 6.0 0.04
2 606.875 2.0 65.0 79.0 6.0 0.43
1 462.0 0.0 62.4 62.8 4.4 0.0
1 451.75 1.0 64.2 69.0 7.8 0.0
2 566.25 0.0 59.8 69.0 9.0 0.0
0 506.0 0.0 53.0 78.0 3.0 0.0
0 296.0 2.0 65.4 70.0 6.8 0.0
3 229.0 0.0 55.6 85.8 5.0 0.006
1 399.8 0.0 54.0 68.6 5.8 0.0
0 324.0 0.0 50.8 69.2 1.4 0.0
1 319.692307692 1.0 67.4 68.4 8.6 0.0
3 782.0 2.0 54.8 53.8 4.8 0.0
0 612.5 3.0 58.8 83.0 2.8 0.0
2 507.333333333 3.0 40.6 50.8 2.2 0.0
0 217.5 1.0 69.2 67.4 8.4 0.0
2 750.75 2.0 64.8 74.6 9.0 0.106
0 424.0 0.0 68.6 59.6 3.6 0.0
1 1629.57142857 2.0 68.6 68.8 5.8 0.0
2 645.181818182 2.0 65.0 64.6 9.6 0.0
1 415.695652174 1.0 68.6 70.2 8.2 0.0
3 624.0 0.0 41.8 64.6 2.0 0.0
3 722.0 0.0 60.6 85.0 4.2 0.004
0 287.5 1.0 70.6 65.4 8.0 0.002
1 405.5 0.0 58.2 73.4 1.8 0.0
3 955.666666667 0.0 66.4 59.8 4.0 0.0
3 391.0 3.0 51.0 72.0 12.0 0.0
2 537.411764706 1.0 66.0 71.0 9.0 0.0
1 938.181818182 0.0 63.2 62.4 6.4 0.0
1 459.555555556 2.0 67.6 72.2 7.0 0.0
3 487.333333333 0.0 50.8 69.2 1.4 0.0
2 493.6875 0.0 49.0 78.0 3.0 0.0
3 290.0 2.0 59.8 85.6 5.8 0.194
0 453.0 0.0 52.4 81.0 2.6 0.0
2 541.571428571 0.0 57.8 75.4 10.6 0.762
2 482.0 0.0 50.6 85.6 7.2 0.458
3 390.0 2.0 51.0 63.0 2.0 0.0
1 3201.125 2.0 64.8 74.6 9.0 0.106
0 304.0 2.0 66.0 67.0 7.0 0.0
0 300.0 1.0 63.2 65.0 7.2 0.0
1 423.692307692 0.0 58.4 71.0 2.2 0.0
2 458.75 0.0 69.4 63.8 5.0 0.0
0 212.0 0.0 64.6 67.0 8.2 0.0
2 522.153846154 0.0 54.0 35.0 7.0 0.0
3 793.0 2.0 60.4 64.8 5.6 0.0
2 6316.8 0.0 60.0 66.4 7.4 0.0
2 459.615384615 3.0 52.8 78.2 5.0 0.0
1 366.0 0.0 59.0 52.0 10.0 0.0
1 307.875 0.0 61.6 64.8 8.2 0.004
3 277.0 0.0 52.4 81.0 2.6 0.0
3 660.0 1.0 62.0 67.0 9.0 0.0
2 538.823529412 0.0 58.4 50.0 4.4 0.0
1 482.777777778 1.0 67.2 69.8 9.4 0.004
1 313.5 0.0 53.6 70.2 3.0 0.0
3 600.75 2.0 68.4 65.0 4.8 0.0
0 359.0 2.0 55.2 78.6 4.0 0.0
0 354.0 2.0 65.6 75.0 8.0 0.0
2 591.888888889 2.0 67.4 64.2 5.6 0.0
0 274.0 1.0 64.8 65.8 7.2 0.0
1 620.5 2.0 68.6 67.2 7.8 0.0
0 315.0 0.0 58.2 65.2 4.4 0.0
2 571.285714286 0.0 61.0 61.0 9.0 0.0
0 484.0 0.0 59.6 66.8 6.2 0.0
1 347.666666667 0.0 61.4 72.8 6.2 0.0
3 578.666666667 0.0 59.0 71.0 9.0 0.02
1 368.733333333 1.0 66.0 69.4 7.6 0.0
1 402.277777778 1.0 66.2 73.2 7.8 0.0
1 355.8125 0.0 74.8 35.2 4.2 0.0
0 272.0 0.0 53.6 46.8 4.2 0.0
2 416.75 0.0 54.2 59.2 7.8 0.0
2 5027.66666667 1.0 69.2 68.4 6.2 0.0
2 426.0 2.0 65.8 70.4 7.4 0.0
1 873.0 2.0 54.6 59.4 5.2 0.0
1 133.0 2.0 57.0 75.2 5.8 0.01
2 687.0 2.0 67.0 41.0 4.0 0.0
1 450.789473684 1.0 72.6 70.4 7.2 0.0
2 530.846153846 2.0 67.8 68.6 4.0 0.0
2 705.0 0.0 58.6 75.4 4.8 0.0
3 751.0 2.0 57.0 73.0 4.4 0.0
3 469.0 2.0 62.0 64.2 3.4 0.0
1 1647.0 3.0 50.4 63.0 1.8 0.0
3 546.0 3.0 48.0 43.6 2.4 0.0
3 507.0 2.0 58.4 78.2 3.8 0.0
2 676.866666667 2.0 60.8 58.6 3.2 0.0
3 125.0 3.0 49.6 70.2 3.2 0.0
1 419.4 0.0 61.8 48.6 4.6 0.0
0 530.0 2.0 61.8 59.2 5.2 0.0
1 838.1875 2.0 62.8 50.8 6.4 0.0
2 614.416666667 2.0 58.6 73.2 3.4 0.0
1 527.923076923 2.0 68.2 75.2 5.8 0.0
1 260.75 3.0 52.6 82.2 3.0 0.172
3 464.0 0.0 59.0 69.0 8.0 0.0
3 550.75 0.0 46.0 68.0 3.0 0.0
1 470.777777778 2.0 53.0 69.2 1.0 0.0
2 18337.6666667 1.0 68.0 70.0 7.8 0.0
1 192.333333333 0.0 53.0 86.0 8.0 0.096
2 579.5 0.0 66.0 66.0 5.0 0.0
2 664.0 0.0 56.8 79.6 10.8 0.544
1 1546.0 3.0 50.2 54.2 8.2 0.0
3 591.8 2.0 65.4 70.0 6.8 0.0
1 354.666666667 0.0 55.4 72.2 8.0 0.132
3 855.5 0.0 48.8 60.2 4.6 0.0
2 3237.6 2.0 65.4 70.0 6.8 0.0
3 378.0 2.0 68.8 66.6 6.8 0.0
1 457.142857143 0.0 55.6 81.2 3.2 0.0
1 372.933333333 0.0 61.4 70.4 3.8 0.0
1 363.75 0.0 67.8 57.8 6.6 0.0
1 340.733333333 0.0 56.0 65.6 5.8 0.014
2 3701.33333333 1.0 70.0 73.2 9.0 0.0
3 235.0 0.0 62.4 71.8 6.0 0.056
2 723.7 2.0 59.0 50.6 1.2 0.0
1 168.333333333 0.0 62.4 62.2 5.4 0.0
2 1246.0 2.0 68.8 64.2 7.2 0.342
2 8177.33333333 3.0 44.8 62.4 2.4 0.0
1 448.5 2.0 64.0 73.6 6.2 0.0
3 305.0 0.0 62.4 62.2 5.4 0.0
1 316.0 2.0 69.2 72.8 5.2 0.0
3 387.0 2.0 59.0 80.0 10.0 0.26
2 606.923076923 0.0 57.0 76.0 3.0 0.0
2 423.0 3.0 47.8 64.8 1.0 0.0
1 12192.0 0.0 58.8 72.6 8.6 0.0
2 500.875 0.0 62.0 64.0 16.0 0.0
2 590.214285714 3.0 59.8 81.2 3.0 0.028
2 515.176470588 1.0 68.0 66.0 7.4 0.0
3 476.0 0.0 54.0 69.0 11.0 0.11
3 734.0 0.0 56.0 65.6 5.8 0.014
1 662.5 1.0 67.2 69.0 6.2 0.0
3 420.666666667 0.0 59.6 71.6 7.0 0.0
2 577.166666667 2.0 70.6 65.6 4.4 0.0
3 853.0 2.0 65.6 70.6 4.8 0.0
2 600.733333333 2.0 65.8 66.2 4.6 0.0
3 687.5 1.0 68.4 65.0 6.0 0.0
1 474.933333333 0.0 57.6 83.4 3.0 0.0
1 5334.5 3.0 51.4 63.4 1.2 0.0
1 5553.5 0.0 56.6 57.2 7.0 0.0
2 693.428571429 0.0 59.0 50.0 8.0 0.0
3 426.0 3.0 58.2 86.0 7.0 0.94
1 415.647058824 1.0 68.8 70.2 7.2 0.0
0 515.5 2.0 67.2 73.2 5.6 0.0
1 423.5 1.0 65.0 74.0 9.0 0.0
0 263.5 2.0 64.8 78.0 6.2 0.0
1 1093.1 1.0 61.4 66.2 8.8 0.0
1 381.384615385 0.0 50.4 78.8 2.6 0.0
3 395.0 1.0 67.8 68.8 6.8 0.0
1 604.0 1.0 60.0 74.0 11.0 0.0
2 576.636363636 0.0 57.0 46.0 5.0 0.0
2 727.0 0.0 53.8 84.8 3.0 0.0
0 300.0 3.0 55.0 78.2 7.2 0.024
2 404.9 3.0 44.4 59.4 1.4 0.0
2 565.307692308 1.0 69.8 67.8 7.6 0.0
1 418.375 2.0 64.8 71.0 7.6 0.0
1 381.846153846 2.0 64.0 48.6 3.4 0.0
2 564.636363636 0.0 59.0 52.0 6.0 0.0
0 313.0 1.0 61.4 66.2 8.8 0.0
2 546.0 2.0 66.0 74.0 21.0 0.0
2 491.4 0.0 55.4 74.8 4.8 0.0
3 501.0 1.0 69.2 68.4 6.2 0.0
1 929.0 0.0 52.6 72.0 3.2 0.0
2 651.0 3.0 50.6 61.4 7.4 0.0
3 708.5 2.0 63.0 75.0 9.0 0.0
3 221.0 0.0 61.4 73.0 8.2 0.0
1 523.25 1.0 65.0 63.2 6.2 0.0
1 414.0 0.0 57.8 75.4 10.6 0.762
3 895.0 3.0 50.6 61.4 7.4 0.0
3 478.5 1.0 71.2 70.2 9.0 0.0
2 459.0 3.0 43.8 63.8 8.6 0.064
2 850.0 0.0 52.4 62.2 7.0 0.002
1 767.0 0.0 59.0 71.8 8.2 0.0
3 430.0 1.0 64.8 74.6 8.4 0.0
0 272.0 1.0 64.2 69.0 7.8 0.0
3 96.0 0.0 53.0 54.6 1.4 0.0
3 434.5 0.0 59.2 77.0 6.4 0.008
2 1229.0 1.0 65.6 72.4 6.8 0.0
3 449.5 2.0 68.0 64.0 9.0 0.0
1 428.705882353 0.0 60.8 67.4 6.6 0.0
1 303.714285714 0.0 61.6 69.6 5.8 0.0
2 438.333333333 3.0 50.2 54.2 8.2 0.0
3 490.0 2.0 62.0 61.0 14.0 0.0
2 3343.66666667 0.0 59.2 62.2 6.2 0.0
2 10676.75 0.0 56.6 57.2 7.0 0.0
1 334.0 1.0 66.8 68.8 7.4 0.0
0 1329.0 1.0 72.6 66.6 7.4 0.0
2 5609.0 0.0 58.4 68.8 5.0 0.0
1 12952.0 0.0 53.0 64.2 7.4 0.028
0 280.0 1.0 66.2 73.2 7.8 0.0
3 540.25 0.0 60.2 65.0 8.6 0.0
3 752.0 0.0 62.0 62.4 11.0 0.0
2 467.692307692 0.0 54.0 84.4 3.6 0.0
1 61552.75 0.0 63.0 68.0 4.8 0.0
0 438.0 2.0 52.2 67.0 2.0 0.0
2 1664.25 1.0 66.6 73.2 7.4 0.0
2 698.0625 0.0 64.8 46.8 8.4 0.0
2 621.75 2.0 68.0 58.0 4.0 0.0
2 284.666666667 0.0 61.2 70.0 6.0 0.0
0 287.0 2.0 62.0 61.6 2.2 0.0
3 488.0 3.0 61.6 80.6 4.6 0.006
1 443.857142857 0.0 75.4 35.6 5.2 0.0
3 490.0 0.0 65.0 47.0 8.0 0.0
0 291.0 2.0 69.8 54.2 4.2 0.0
3 91.0 2.0 69.6 68.8 4.8 0.0
1 362.0 1.0 70.4 73.2 7.4 0.0
0 295.0 1.0 67.6 72.0 7.6 0.0
3 692.0 0.0 64.2 44.2 9.0 0.0
3 591.0 0.0 58.2 62.0 6.8 0.0
1 540.545454545 2.0 62.0 46.6 8.4 0.0
2 597.111111111 0.0 57.0 67.0 6.0 0.0
3 630.0 2.0 57.0 71.0 4.0 0.0
2 712.714285714 2.0 58.0 74.0 2.6 0.0
1 342.470588235 0.0 59.0 67.0 7.0 0.0
1 441.526315789 2.0 66.0 67.0 7.0 0.0
1 860.0 0.0 50.2 91.2 2.2 0.0
2 736.0 0.0 57.0 60.0 4.0 0.0
2 545.25 3.0 57.8 82.0 3.2 0.0
2 670.909090909 2.0 62.0 60.2 11.8 0.0
0 293.0 0.0 60.0 74.0 9.6 0.0
2 539.230769231 0.0 60.0 67.0 9.0 0.0
2 575.111111111 3.0 43.6 65.4 5.4 0.122
2 760.0 1.0 65.8 72.0 9.0 0.0
3 827.666666667 2.0 74.6 41.8 3.4 0.0
1 350.0625 0.0 55.2 74.6 3.6 0.002
3 490.0 0.0 62.8 67.0 6.4 0.0
3 210.0 0.0 51.2 61.6 0.8 0.0
3 367.0 0.0 61.4 70.4 3.8 0.0
0 244.0 0.0 67.8 42.8 4.8 0.0
3 423.0 0.0 62.0 63.4 4.6 0.0
3 456.75 1.0 66.4 74.8 8.0 0.0
0 338.0 2.0 54.8 63.2 2.4 0.0
2 465.285714286 1.0 62.6 66.8 8.0 0.0
0 358.0 2.0 56.0 67.0 14.0 0.0
3 332.0 2.0 57.0 82.0 6.0 0.0
1 473.714285714 2.0 67.6 59.4 5.4 0.0
2 644.0 0.0 56.6 46.2 3.6 0.0
2 596.75 2.0 56.8 88.4 5.4 0.348
3 606.0 1.0 67.0 69.0 11.0 0.0
0 292.0 0.0 60.8 74.8 3.2 0.0
0 485.5 0.0 58.0 82.0 9.0 0.0
2 695.0 0.0 61.0 66.0 4.0 0.0
2 591.785714286 0.0 52.8 67.2 3.2 0.0
1 1351.5 2.0 67.0 43.6 4.4 0.0
0 444.0 0.0 57.0 60.6 3.8 0.0
2 567.0 2.0 57.6 65.8 9.6 0.0
2 608.4375 0.0 57.0 63.0 12.0 0.0
2 591.166666667 2.0 60.0 77.0 8.0 0.0
2 833.909090909 0.0 58.0 72.0 5.0 0.02
0 477.0 2.0 69.2 70.4 5.0 0.0
3 977.75 0.0 75.4 45.6 4.4 0.0
0 626.0 3.0 60.0 87.0 8.0 0.1
3 296.0 2.0 72.4 50.0 3.8 0.0
0 307.0 2.0 62.6 64.8 4.4 0.0
3 473.0 1.0 73.4 60.8 5.4 0.0
1 312.571428571 0.0 61.0 65.2 7.0 0.002
1 307.846153846 1.0 68.0 71.2 8.4 0.0
1 137.0 0.0 62.0 65.4 9.4 0.0
2 475.071428571 2.0 69.2 53.0 4.8 0.0
0 311.0 2.0 55.4 68.6 3.6 0.0
3 651.0 0.0 52.6 66.8 2.6 0.0
0 557.0 0.0 49.0 87.0 2.0 0.0
1 529.166666667 0.0 58.0 78.2 4.4 0.0
2 386.5 0.0 59.4 60.4 3.6 0.0
1 380.071428571 0.0 54.6 34.4 9.4 0.0
2 319.5 0.0 59.0 89.0 6.0 0.03
3 298.0 0.0 58.4 81.4 4.2 0.0
0 307.0 1.0 70.8 58.2 8.2 0.0
2 1035.0 0.0 57.4 68.2 7.0 0.0
1 266.333333333 0.0 67.4 59.0 6.8 0.0
1 406.85 2.0 61.4 68.4 4.2 0.0
0 333.0 2.0 68.6 64.0 5.8 0.0
1 382.764705882 0.0 51.8 84.6 2.0 0.004
2 546.4 2.0 68.2 75.2 5.8 0.0
2 581.769230769 0.0 58.4 81.6 3.2 0.0
2 582.5625 2.0 71.4 65.6 5.8 0.0
2 677.363636364 0.0 54.0 63.0 13.0 0.0
1 369.363636364 0.0 60.0 64.8 7.4 0.0
2 735.75 0.0 55.8 81.4 3.4 0.006
2 580.454545455 2.0 57.4 81.8 4.0 0.0
0 536.5 2.0 55.2 75.8 7.8 0.002
0 239.0 0.0 61.4 55.0 10.0 0.0
3 413.0 0.0 64.8 68.8 7.6 0.0
2 4094.53333333 0.0 61.4 55.0 10.0 0.0
2 477.916666667 0.0 58.0 65.8 7.8 0.0
2 615.272727273 0.0 50.0 75.2 4.8 0.0
0 385.0 2.0 58.4 78.2 3.8 0.0
3 395.0 0.0 57.4 71.2 5.6 0.0
2 655.875 2.0 57.0 50.0 6.0 0.0
3 364.0 0.0 62.2 68.4 5.6 0.0
3 829.666666667 2.0 69.2 72.8 5.2 0.0
1 543.846153846 2.0 60.6 58.2 2.0 0.0
1 336.875 3.0 59.8 81.2 3.0 0.028
3 746.0 0.0 60.0 68.0 7.0 0.0
2 586.764705882 1.0 63.2 70.4 9.6 0.0
2 734.933333333 0.0 55.0 68.0 7.0 0.57
2 1255.5 3.0 51.6 56.8 10.4 0.0
3 281.5 1.0 69.8 71.2 6.6 0.0
3 506.6 2.0 61.2 59.0 3.6 0.032
2 1354.36842105 1.0 69.4 72.2 6.4 0.0
2 462.214285714 0.0 53.4 52.6 2.2 0.0
3 796.0 2.0 67.8 68.6 4.0 0.0
0 281.0 0.0 62.4 55.4 5.8 0.0
2 612.4 0.0 61.4 72.8 6.2 0.0
1 504.333333333 0.0 61.4 69.6 5.2 0.0
1 385.5 0.0 59.6 71.2 8.4 0.0
2 562.25 1.0 67.4 68.4 8.6 0.0
0 294.0 0.0 59.8 67.2 8.2 0.0
1 6884.6 1.0 65.0 66.4 6.6 0.0
2 616.545454545 2.0 67.2 67.8 5.6 0.0
3 672.5 0.0 48.2 76.0 1.6 0.0
3 463.333333333 1.0 64.2 70.6 8.0 0.0
0 300.0 0.0 67.2 36.4 7.4 0.0
1 401.4 0.0 52.0 68.2 4.6 0.02
1 644.0 2.0 76.2 52.8 4.2 0.0
3 879.0 1.0 70.4 73.2 7.4 0.0
2 507.5 0.0 47.6 69.0 2.0 0.0
1 357.666666667 1.0 69.8 70.8 6.6 0.0
1 9347.0 2.0 65.8 70.4 7.4 0.0
2 1958.08333333 2.0 62.8 50.8 6.4 0.0
3 502.0 1.0 68.6 70.4 7.0 0.0
1 349.6 0.0 51.2 78.0 9.0 0.302
1 4392.4 0.0 57.0 60.6 3.8 0.0
3 1046.0 2.0 76.2 52.8 4.2 0.0
1 484.545454545 0.0 49.6 73.2 3.0 0.0
2 527.1 2.0 60.0 89.0 5.0 0.14
1 552.333333333 3.0 50.4 66.2 1.4 0.0
2 344.0 0.0 57.6 82.4 11.0 0.104
2 526.333333333 1.0 69.0 68.6 8.0 0.0
2 627.714285714 2.0 54.8 53.8 4.8 0.0
2 552.545454545 0.0 53.0 68.0 8.0 0.0
1 474.0 2.0 54.0 69.2 6.0 0.0
1 545.230769231 2.0 58.0 80.0 7.0 0.28
2 946.25 2.0 61.4 68.4 4.2 0.0
0 472.0 2.0 57.0 73.0 4.4 0.0
2 496.0 0.0 60.8 72.8 5.4 0.0
1 593.75 0.0 53.8 84.8 3.0 0.0
0 3549.0 2.0 64.0 64.0 12.0 0.0
2 820.571428571 1.0 69.4 72.8 7.6 0.0
3 195.0 0.0 59.8 65.2 3.4 0.0
2 379.111111111 0.0 57.0 79.0 5.0 0.0
1 822.0 3.0 62.8 79.4 5.0 0.094
3 662.0 2.0 62.6 64.8 4.4 0.0
2 633.666666667 0.0 63.6 70.6 8.0 0.0
3 452.333333333 2.0 67.2 67.8 5.6 0.0
3 676.5 0.0 54.0 72.0 4.4 0.0
3 432.0 0.0 59.0 73.0 7.0 0.0
3 403.0 0.0 55.0 69.0 3.0 0.0
3 581.0 1.0 71.4 69.4 5.8 0.0
3 683.5 2.0 68.6 67.2 7.8 0.0
2 527.933333333 1.0 65.0 74.0 12.0 0.0
3 600.0 2.0 61.0 84.6 6.6 0.088
1 273.0 2.0 55.2 76.6 2.6 0.0
1 447.55 3.0 59.6 79.4 7.4 0.002
2 450.75 3.0 53.0 87.0 3.0 0.48
1 301.5625 2.0 70.2 64.4 4.2 0.0
2 513.0 0.0 53.8 76.8 3.4 0.0
1 379.0 2.0 63.6 79.6 5.0 0.0
2 651.0 2.0 69.2 70.4 5.0 0.0
2 670.2 0.0 57.8 78.6 3.6 0.0
1 427.333333333 0.0 57.0 74.4 5.6 0.0
0 667.0 2.0 66.0 69.0 9.0 0.0
0 477.0 2.0 72.2 70.0 7.6 0.0
2 700.0 1.0 67.2 69.0 6.2 0.0
2 2075.3 1.0 73.0 68.8 5.6 0.0
1 182.0 0.0 50.0 78.0 4.0 0.0
1 402.923076923 1.0 70.8 58.2 8.2 0.0
3 905.666666667 2.0 60.8 58.6 3.2 0.0
1 354.473684211 1.0 62.0 56.0 7.0 0.0
0 431.5 0.0 49.0 78.0 3.0 0.0
0 1120.0 0.0 57.4 75.6 7.0 0.014
3 403.666666667 0.0 57.0 76.0 3.0 0.0
0 291.0 2.0 69.2 70.4 6.8 0.0
0 315.0 1.0 67.8 68.8 6.8 0.0
0 324.0 1.0 69.0 73.0 6.8 0.0
0 614.0 0.0 54.0 87.0 5.0 0.0
1 461.692307692 1.0 70.0 70.0 7.0 0.0
2 669.388888889 0.0 62.0 66.0 8.0 0.0
1 377.25 2.0 69.8 54.2 4.2 0.0
1 1505.0 3.0 53.2 73.2 4.8 0.078
1 340.842105263 0.0 69.4 45.4 3.8 0.0
2 526.0 0.0 61.6 77.2 18.0 0.696
3 431.333333333 2.0 65.2 72.6 5.0 0.0
2 670.666666667 0.0 51.2 61.6 0.8 0.0
2 533.8 0.0 56.0 77.0 6.0 0.1
3 758.25 2.0 67.6 59.4 5.4 0.0
1 3758.66666667 1.0 73.4 60.8 5.4 0.0
2 591.0 0.0 63.0 57.2 7.8 0.0
0 221.0 0.0 56.0 65.6 5.8 0.014
3 413.0 2.0 65.4 46.8 3.6 0.0
3 345.666666667 2.0 70.2 64.4 4.2 0.0
3 480.0 0.0 74.8 35.2 4.2 0.0
3 168.0 0.0 45.0 72.0 3.0 0.0
3 677.333333333 1.0 65.6 72.4 6.8 0.0
1 306.9 1.0 67.6 71.8 6.0 0.0
0 281.0 2.0 70.2 64.4 4.2 0.0
0 220.0 2.0 65.6 74.6 4.4 0.0
0 334.0 2.0 55.0 78.0 3.0 0.0
3 763.0 2.0 57.8 61.4 2.4 0.0
3 730.0 0.0 55.4 68.6 7.4 0.008
2 604.555555556 0.0 50.0 60.8 1.2 0.0
1 1788.31578947 2.0 65.2 72.6 5.0 0.0
2 3547.25 1.0 64.0 75.0 9.0 0.0
1 422.583333333 0.0 55.2 68.0 6.0 0.048
1 1186.15789474 2.0 70.6 65.6 4.4 0.0
0 463.5 0.0 61.6 77.2 18.0 0.696
2 457.5 0.0 57.0 77.0 15.0 0.14
3 552.0 0.0 57.8 67.0 3.6 0.0
3 471.0 0.0 55.6 61.4 3.8 0.0
3 433.0 2.0 66.0 64.0 9.6 0.0
1 1150.0 3.0 50.4 82.2 1.8 0.004
0 316.0 1.0 61.2 63.2 9.4 0.0
3 504.0 0.0 57.4 53.0 6.2 0.0
2 871.0 2.0 62.0 46.6 8.4 0.0
2 741.0 1.0 68.0 69.8 7.2 0.0
3 731.666666667 2.0 68.6 73.6 6.2 0.0
1 339.875 3.0 60.4 82.8 6.4 0.028
2 713.9 2.0 64.0 73.6 6.2 0.0
0 290.0 2.0 65.2 72.2 3.2 0.002
1 829.142857143 2.0 71.4 67.6 4.6 0.0
1 354.3 0.0 55.6 61.4 3.8 0.0
2 696.1875 2.0 63.2 68.8 8.8 0.0
2 1080.0 1.0 68.6 66.4 7.4 0.0
2 480.066666667 1.0 64.2 69.0 7.8 0.0
1 352.210526316 0.0 51.8 77.6 1.6 0.0
0 259.0 1.0 73.4 60.8 5.4 0.0
2 483.2 0.0 63.0 63.6 7.6 0.0
1 292.0 0.0 53.4 85.8 3.0 0.0
3 544.0 3.0 53.2 82.6 12.2 0.564
0 726.0 2.0 61.0 56.0 4.0 0.11
0 822.0 2.0 70.0 66.8 7.2 0.0
2 477.333333333 0.0 65.2 58.0 5.2 0.0
3 3361.0 1.0 77.2 53.0 6.0 0.0
2 579.75 0.0 56.2 80.4 3.6 0.0
2 4205.375 2.0 62.6 74.2 6.0 0.006
3 1303.0 2.0 64.0 71.0 6.0 0.0
0 294.0 0.0 73.0 42.8 5.2 0.0
2 701.0 0.0 57.8 68.0 9.0 0.0
0 304.0 0.0 57.6 83.4 3.0 0.0
2 506.666666667 0.0 61.8 67.6 10.8 0.0
3 567.666666667 3.0 41.0 60.2 1.2 0.0
3 509.0 1.0 67.2 67.6 9.0 0.0
2 529.75 1.0 63.0 73.0 10.0 0.0
3 337.0 3.0 53.2 63.8 1.6 0.0
2 9872.0 3.0 47.4 65.4 1.0 0.0
0 468.0 0.0 54.0 75.0 8.0 0.15
0 374.0 2.0 63.6 79.6 5.0 0.0
2 532.545454545 2.0 68.0 67.0 7.0 0.0
1 197.0 3.0 52.2 66.4 1.2 0.0
3 535.6 0.0 55.2 73.8 2.0 0.0
3 416.5 3.0 40.2 49.2 4.2 0.0
0 137.0 1.0 66.8 68.8 7.4 0.0
3 791.0 2.0 71.0 58.0 8.0 0.0
2 483.5 0.0 63.0 60.4 4.2 0.0
2 395.0 3.0 62.8 79.4 5.0 0.094
1 301.5 0.0 53.2 55.0 1.8 0.0
2 493.727272727 0.0 59.4 77.0 4.6 0.0
1 362.777777778 3.0 51.4 61.8 1.2 0.0
1 527.714285714 2.0 63.0 60.2 6.4 0.0
0 515.0 2.0 60.0 70.0 6.0 0.0
3 302.0 3.0 60.4 82.8 6.4 0.028
0 13434.0 1.0 68.8 70.2 7.2 0.0
2 717.0 1.0 66.2 71.4 8.4 0.0
2 514.466666667 0.0 60.6 58.2 6.8 0.0
3 567.0 2.0 55.2 78.6 4.0 0.0
2 3555.7 1.0 65.6 71.4 9.4 0.0
2 557.5 0.0 65.0 68.0 5.0 0.0
1 374.181818182 0.0 54.6 60.6 3.4 0.0
1 2827.43478261 2.0 68.8 66.6 6.8 0.0
1 1295.0 2.0 53.0 72.2 2.0 0.0
1 162.0 2.0 63.0 70.0 10.0 0.0
1 604.333333333 2.0 67.2 67.8 5.6 0.0
2 669.578947368 1.0 72.6 70.4 7.2 0.0
0 290.0 0.0 51.4 77.6 9.6 0.268
1 506.769230769 2.0 72.2 70.0 7.6 0.0
2 608.25 2.0 56.0 85.8 3.4 0.184
1 45127.8333333 3.0 53.2 63.8 1.6 0.0
1 539.5 2.0 54.0 70.0 3.0 0.0
3 514.75 0.0 56.4 45.6 2.4 0.0
1 386.846153846 0.0 47.6 69.0 2.0 0.0
3 446.0 2.0 58.6 73.2 3.4 0.0
1 111.0 2.0 63.0 80.0 7.0 0.0
2 503.357142857 1.0 68.0 71.0 7.0 0.0
2 512.076923077 1.0 70.8 58.2 8.2 0.0
2 587.222222222 2.0 59.2 62.4 4.2 0.0
3 424.666666667 0.0 53.8 57.8 9.0 0.0
1 372.545454545 2.0 55.8 67.0 1.8 0.0
0 604.0 3.0 51.0 69.0 14.0 0.0
2 521.1 0.0 50.0 84.0 4.0 0.0
3 640.0 3.0 56.0 74.6 6.2 0.0
2 738.0 0.0 57.6 65.4 6.0 0.0
1 342.142857143 2.0 61.0 84.6 6.6 0.088
2 1687.625 0.0 46.0 70.0 1.0 0.0
1 1430.72222222 2.0 65.4 70.0 6.8 0.0
1 406.25 2.0 68.0 56.0 7.0 0.0
2 4474.75 0.0 59.2 60.6 9.4 0.0
3 899.0 0.0 62.2 64.0 11.6 0.0
1 426.083333333 0.0 54.2 54.4 3.0 0.0
2 5870.66666667 2.0 69.2 72.8 5.2 0.0
2 100.0 3.0 57.6 81.4 2.0 0.014
1 202.0 0.0 50.6 85.6 7.2 0.458
1 18414.0 0.0 53.4 70.4 7.4 0.0
2 512.1875 0.0 51.4 71.6 3.0 0.0
1 420.083333333 0.0 58.2 71.2 8.6 0.0
2 1584.46153846 2.0 51.6 69.0 1.4 0.0
3 574.0 1.0 68.2 68.8 8.0 0.0
2 568.272727273 0.0 54.4 66.8 4.8 0.0
3 829.0 0.0 61.0 56.4 6.0 0.0
1 2796.57142857 2.0 58.6 73.2 3.4 0.0
3 507.0 1.0 66.0 71.0 9.0 0.0
2 447.545454545 3.0 44.4 63.8 1.4 0.0
2 909.782608696 2.0 65.2 72.2 3.2 0.002
1 105.0 1.0 70.0 73.2 9.0 0.0
2 759.363636364 2.0 68.0 46.0 9.0 0.0
1 462.363636364 2.0 60.4 62.6 4.4 0.0
2 516.909090909 0.0 56.0 65.0 6.0 0.0
1 745.0 0.0 58.6 75.4 4.8 0.0
2 540.75 0.0 53.2 55.0 1.8 0.0
1 505.227272727 1.0 68.0 66.0 7.4 0.0
3 1132.0 2.0 61.8 69.2 3.4 0.0
1 379.555555556 0.0 53.6 46.8 4.2 0.0
1 335.0 3.0 57.6 81.4 2.0 0.014
0 247.5 1.0 69.8 70.8 6.6 0.0
1 642.277777778 1.0 63.2 65.0 7.2 0.0
3 226.0 0.0 60.8 56.6 8.4 0.0
3 1190.0 0.0 57.4 75.6 7.0 0.014
1 472.55 1.0 67.2 67.6 9.0 0.0
2 3895.77777778 2.0 54.6 66.8 1.6 0.0
1 521.608695652 1.0 68.0 66.8 7.8 0.0
2 1051.07692308 0.0 54.6 52.0 3.4 0.0
1 10479.0 1.0 68.0 70.0 7.8 0.0
3 493.0 0.0 50.6 85.6 7.2 0.458
2 402.0 2.0 55.4 68.0 3.6 0.0
3 616.0 2.0 69.8 67.6 6.6 0.0
1 958.333333333 2.0 70.0 66.8 7.2 0.0
3 106.0 2.0 57.6 71.6 5.6 0.0
1 465.789473684 0.0 59.8 67.2 8.2 0.0
2 601.666666667 0.0 51.4 77.6 9.6 0.268
3 290.0 2.0 64.6 79.4 5.4 0.0
3 368.0 2.0 67.0 43.6 4.4 0.0
1 385.533333333 2.0 62.6 74.2 6.0 0.006
1 334.375 1.0 71.2 70.2 9.0 0.0
2 658.0 0.0 57.0 60.6 3.8 0.0
2 1825.0 0.0 52.8 65.8 4.4 0.0
1 401.777777778 3.0 51.4 60.0 1.0 0.0
2 433.333333333 2.0 64.8 78.0 6.2 0.0
1 250.0 0.0 56.8 79.6 10.8 0.544
0 306.0 0.0 53.4 70.4 7.4 0.0
2 576.75 3.0 56.0 76.6 8.6 0.306
0 332.0 0.0 58.0 65.8 7.8 0.0
2 524.75 2.0 61.2 59.0 3.6 0.032
3 640.333333333 2.0 68.0 67.0 7.0 0.0
1 1918.0 0.0 55.4 68.6 7.4 0.008
1 1157.375 0.0 58.8 70.0 6.8 0.0
1 429.6 1.0 72.8 64.2 7.4 0.0
1 491.2 2.0 65.2 72.2 3.2 0.002
3 497.5 0.0 61.2 70.0 6.0 0.0
3 514.666666667 2.0 65.4 73.2 5.2 0.0
1 13570.5 0.0 54.0 64.0 7.0 0.0
3 591.0 0.0 69.4 63.8 5.0 0.0
0 96.0 1.0 68.6 58.8 7.0 0.0
0 407.0 2.0 60.4 62.6 4.4 0.0
2 2134.81818182 0.0 58.4 65.8 3.2 0.0
3 606.666666667 0.0 58.0 82.0 9.0 0.0
3 340.0 2.0 60.4 62.6 4.4 0.0
3 491.25 0.0 66.0 50.0 6.0 0.0
2 593.333333333 2.0 63.0 79.6 6.4 0.0
0 297.0 0.0 57.8 47.8 6.8 0.0
2 424.666666667 1.0 66.0 69.6 6.8 0.0
3 498.0 1.0 67.6 71.8 6.0 0.0
1 142.5 2.0 68.0 65.8 9.0 0.0
3 269.0 2.0 60.0 77.0 8.0 0.0
1 258.0 1.0 68.0 69.8 7.2 0.0
1 372.117647059 0.0 70.0 48.0 5.2 0.0
1 2204.77777778 1.0 69.0 70.0 13.0 0.0
3 365.0 0.0 59.0 84.0 4.0 0.0
1 756.0 2.0 67.4 64.2 5.6 0.0
2 2310.25 1.0 71.0 68.0 6.2 0.0
1 490.111111111 2.0 65.8 68.8 5.6 0.0
1 834.0 0.0 59.4 67.6 8.2 0.0
1 3677.0 2.0 57.6 71.6 5.6 0.0
1 447.3 0.0 54.6 71.4 10.2 0.23
3 508.0 0.0 57.4 57.6 8.6 0.0
1 293.111111111 0.0 50.0 60.8 1.2 0.0
1 417.307692308 0.0 60.2 70.0 6.6 0.0
1 329.846153846 0.0 58.8 65.8 6.2 0.006
1 339.15 0.0 64.8 68.8 7.6 0.0
2 8213.0 0.0 59.4 67.6 8.2 0.0
2 500.307692308 0.0 58.2 71.2 8.6 0.0
2 614.181818182 2.0 61.8 69.2 3.4 0.0
1 613.0 3.0 47.8 64.8 1.0 0.0
3 477.0 1.0 72.6 70.4 7.2 0.0
2 509.0 1.0 62.0 71.0 10.0 0.0
2 1197.0 0.0 61.4 69.6 5.2 0.0
0 1222.75 0.0 57.2 73.6 2.8 0.0
1 408.555555556 3.0 50.0 66.6 8.4 0.0
2 491.0 0.0 55.6 85.8 5.0 0.006
0 345.0 0.0 55.2 76.8 8.4 0.22
3 568.0 0.0 63.2 62.4 6.4 0.0
1 780.0 2.0 56.6 69.0 5.2 0.0
1 434.0 0.0 50.8 80.8 2.8 0.0
2 488.818181818 0.0 54.0 75.0 8.0 0.15
0 316.0 0.0 58.4 58.2 8.2 0.0
1 349.454545455 2.0 60.2 70.2 6.8 0.042
1 362.125 2.0 52.2 73.6 3.2 0.0
3 933.0 1.0 68.0 70.8 7.4 0.0
3 548.0 0.0 52.4 62.2 7.0 0.002
0 192.0 2.0 71.4 65.6 5.8 0.0
3 351.75 1.0 68.6 68.4 7.0 0.0
1 442.0 0.0 60.2 60.6 9.2 0.0
0 359.0 3.0 57.0 80.0 14.0 3.12
3 325.0 2.0 67.4 74.0 6.8 0.0
3 663.5 2.0 71.6 65.2 6.4 0.0
1 351.5 3.0 58.0 76.2 2.8 0.004
3 284.0 3.0 40.6 50.8 2.2 0.0
2 1187.375 0.0 60.4 70.4 2.0 0.0
3 1158.25 0.0 59.4 47.4 4.0 0.0
2 488.0 0.0 46.4 51.4 13.6 0.0
1 387.153846154 2.0 53.8 70.8 1.2 0.0
2 759.0 0.0 63.0 66.2 7.2 0.0
3 581.5 2.0 63.0 72.0 8.0 0.0
2 587.733333333 0.0 59.6 71.2 8.4 0.0
3 513.0 0.0 61.0 69.0 16.0 0.0
1 591.0 2.0 66.8 70.6 6.2 0.0
3 316.666666667 0.0 56.8 47.4 11.6 0.0
1 560.826086957 2.0 60.6 68.2 3.8 0.0
1 1013.125 2.0 68.6 56.8 5.0 0.0
0 7844.5 2.0 58.0 74.0 2.6 0.0
2 455.5 2.0 55.8 67.0 1.8 0.0
0 751.5 2.0 62.8 50.8 6.4 0.0
2 815.25 2.0 67.2 73.2 5.6 0.0
1 557.666666667 2.0 69.2 70.4 5.0 0.0
2 632.333333333 0.0 58.6 71.0 8.6 0.0
2 500.666666667 2.0 58.4 70.0 2.8 0.0
2 611.666666667 2.0 63.0 72.0 8.0 0.0
0 2676.0 2.0 65.4 46.8 3.6 0.0
2 1941.58333333 2.0 60.6 58.2 2.0 0.0
1 379.705882353 0.0 52.4 69.2 1.2 0.0
3 445.0 0.0 58.2 65.2 4.4 0.0
1 244.0 0.0 52.2 52.8 1.8 0.0
1 393.1875 0.0 60.4 70.4 2.0 0.0
1 395.588235294 1.0 64.4 66.2 7.8 0.0
3 546.0 2.0 70.6 65.6 4.4 0.0
1 558.0 1.0 70.6 60.2 6.2 0.0
3 634.0 0.0 60.2 72.8 2.4 0.0
2 520.1875 2.0 62.0 61.6 2.2 0.0
0 749.0 2.0 61.0 80.0 8.0 0.32
1 302.5 0.0 64.0 68.6 5.0 0.0
2 600.785714286 0.0 60.0 70.0 8.0 0.0
1 566.0 0.0 48.8 60.2 4.6 0.0
0 465.5 3.0 59.0 86.0 10.0 0.0
2 615.25 2.0 59.8 80.6 8.6 0.056
3 248.0 0.0 49.0 73.0 7.0 0.09
1 12262.0 3.0 39.2 60.2 4.6 0.0
0 324.5 0.0 67.0 49.6 6.0 0.0
2 344.333333333 1.0 65.0 66.4 6.6 0.0
1 494.727272727 0.0 63.0 57.2 7.8 0.0
1 336.444444444 0.0 61.6 42.8 10.6 0.0
3 1053.0 2.0 64.0 73.6 6.2 0.0
1 419.75 0.0 52.4 62.2 7.0 0.002
1 369.6 0.0 59.4 69.8 10.0 0.054
1 390.041666667 1.0 69.4 72.2 6.4 0.0
2 596.214285714 2.0 57.0 73.0 4.4 0.0
3 737.0 1.0 66.2 62.2 7.6 0.0
0 3116.0 2.0 69.0 76.8 6.4 0.0
1 348.266666667 0.0 59.2 68.6 8.2 0.02
2 685.166666667 2.0 70.6 73.4 6.6 0.002
3 372.0 2.0 56.2 82.2 4.8 0.0
1 356.571428571 3.0 55.0 78.2 7.2 0.024
1 442.4 3.0 46.2 70.8 2.2 0.0
2 1010.89473684 0.0 63.2 62.4 6.4 0.0
0 296.0 0.0 61.4 70.4 3.8 0.0
2 494.909090909 0.0 59.4 66.8 7.6 0.0
0 299.0 0.0 61.4 73.0 8.2 0.0
1 351.8 0.0 55.8 62.0 6.6 0.002
3 785.666666667 0.0 50.0 70.0 4.0 0.0
3 537.0 1.0 68.0 73.0 11.0 0.0
3 877.0 1.0 64.8 65.8 7.2 0.0
2 731.153846154 2.0 71.6 65.2 6.4 0.0
2 584.625 0.0 48.8 70.8 5.8 0.0
3 298.5 0.0 60.0 69.2 13.0 0.0
2 820.466666667 1.0 72.4 64.6 6.6 0.0
1 347.714285714 3.0 40.2 49.2 4.2 0.0
1 635.111111111 0.0 58.4 81.6 3.2 0.0
1 371.571428571 0.0 59.4 66.8 7.6 0.0
2 199.0 0.0 59.0 71.8 8.2 0.0
2 524.727272727 0.0 56.0 84.6 5.2 0.0
3 416.0 0.0 65.6 60.0 4.0 0.0
1 320.944444444 2.0 65.6 74.6 4.4 0.0
1 465.8 0.0 62.8 67.0 3.4 0.0
2 664.0 2.0 60.6 68.2 3.8 0.0
1 523.857142857 2.0 60.0 92.0 7.0 0.0
0 335.0 0.0 59.4 77.0 4.6 0.0
0 574.0 2.0 62.0 60.2 11.8 0.0
2 273.0 3.0 49.6 70.2 3.2 0.0
1 358.611111111 0.0 56.8 69.0 8.6 0.0
1 358.769230769 0.0 53.2 52.8 2.0 0.0
1 407.615384615 2.0 63.2 68.8 8.8 0.0
2 1149.70588235 2.0 64.0 48.6 3.4 0.0
2 583.333333333 0.0 63.2 62.2 5.6 0.0
2 591.642857143 0.0 58.4 71.0 2.2 0.0
1 381.65 2.0 63.4 62.4 4.0 0.0
1 455.083333333 2.0 60.0 73.6 3.2 0.0
3 1357.0 2.0 60.8 76.4 3.0 0.0
3 253.0 2.0 60.6 66.4 6.6 0.0
1 531.0 1.0 67.8 68.8 6.8 0.0
0 439.0 2.0 69.0 32.0 6.6 0.0
1 423.764705882 2.0 57.4 72.2 3.0 0.0
2 698.4 3.0 59.6 79.4 7.4 0.002
2 625.863636364 0.0 60.0 68.0 7.0 0.0
2 5929.0 2.0 55.2 75.8 7.8 0.002
1 261.0 3.0 57.0 76.6 12.4 1.982
3 794.0 2.0 55.4 68.6 3.6 0.0
2 663.2 3.0 50.6 72.8 4.2 0.0
2 579.9 0.0 55.8 76.6 2.2 0.0
2 923.5 0.0 62.0 65.4 9.4 0.0
3 155.0 0.0 57.8 78.6 3.6 0.0
2 252.2 2.0 74.0 41.4 3.6 0.0
1 8016.0 0.0 44.6 45.4 3.8 0.0
3 461.666666667 2.0 63.0 74.0 6.0 0.0
3 1491.0 2.0 69.2 70.4 6.8 0.0
2 1616.33333333 0.0 58.0 63.0 7.0 0.0
3 463.0 0.0 61.4 69.6 5.2 0.0
0 322.0 3.0 50.2 54.2 8.2 0.0
1 288.75 2.0 57.8 36.0 6.0 0.0
3 493.5 1.0 67.2 69.8 9.4 0.004
1 634.666666667 2.0 58.4 78.2 3.8 0.0
0 415.0 2.0 55.0 63.0 5.0 0.0
2 5247.83333333 1.0 69.6 56.8 6.8 0.0
2 922.0625 0.0 57.6 55.8 14.2 0.0
1 345.75 3.0 53.2 82.6 12.2 0.564
1 2361.6 0.0 52.4 81.0 2.6 0.0
0 578.5 3.0 53.0 87.0 3.0 0.48
2 587.928571429 0.0 56.0 57.0 4.0 0.0
2 610.7 1.0 69.0 72.2 6.8 0.0
2 534.071428571 1.0 70.0 73.0 5.0 0.0
1 535.5 2.0 68.8 64.2 7.2 0.342
3 636.5 0.0 62.4 55.4 5.8 0.0
1 1207.0 2.0 67.2 71.2 7.2 0.0
0 411.0 2.0 61.4 68.4 4.2 0.0
0 732.0 2.0 61.0 69.0 4.0 0.0
1 12747.5 2.0 67.2 40.2 2.8 0.002
2 487.352941176 1.0 69.6 66.0 7.0 0.0
0 426.0 1.0 67.6 71.0 8.0 0.0
3 238.0 0.0 53.0 76.6 5.0 0.004
3 276.0 2.0 70.0 66.8 7.2 0.0
2 620.545454545 0.0 62.2 60.0 5.8 0.0
2 576.933333333 0.0 67.8 42.8 4.8 0.0
1 323.842105263 1.0 69.2 67.4 8.4 0.0
0 269.0 0.0 58.4 71.0 2.2 0.0
0 568.0 0.0 55.0 86.0 5.0 0.0
1 484.9 2.0 59.2 62.4 4.2 0.0
1 387.65 3.0 58.8 83.0 2.8 0.0
2 1537.5 2.0 59.2 73.8 4.2 0.0
0 302.0 0.0 58.0 78.2 4.4 0.0
0 364.0 2.0 60.6 58.2 2.0 0.0
2 1771.16666667 2.0 63.4 76.6 6.2 0.35
2 8802.7 2.0 67.2 35.6 2.4 0.0
2 566.625 0.0 57.0 74.4 5.6 0.0
3 271.0 2.0 57.0 50.0 6.0 0.0
2 551.882352941 0.0 58.0 64.0 12.0 0.0
3 669.0 0.0 60.4 60.0 12.8 0.0
2 479.3 2.0 55.6 64.6 6.4 0.002
1 420.666666667 1.0 68.6 70.4 7.0 0.0
1 166.0 2.0 55.4 68.0 3.6 0.0
1 554.692307692 2.0 56.2 82.2 4.8 0.0
3 644.0 3.0 50.0 66.6 8.4 0.0
3 240.0 2.0 57.0 76.0 4.4 0.0
2 557.111111111 0.0 67.8 60.8 6.6 0.0
2 576.3 0.0 60.6 85.0 4.2 0.004
3 465.0 2.0 62.6 71.4 6.2 0.002
2 585.545454545 0.0 57.0 72.0 14.0 0.01
2 992.0 2.0 53.8 54.2 2.2 0.0
3 430.333333333 2.0 56.0 80.2 3.0 0.002
2 547.0 0.0 67.4 59.0 6.8 0.0
0 258.0 0.0 55.8 81.4 3.4 0.006
0 438.5 2.0 56.0 86.0 5.0 0.01
0 335.0 2.0 68.8 66.6 6.8 0.0
1 385.75 1.0 66.4 74.8 8.0 0.0
1 466.916666667 2.0 57.4 81.8 4.0 0.0
0 471.0 3.0 55.8 80.6 9.4 0.114
1 368.833333333 0.0 58.2 65.2 4.4 0.0
1 453.0 0.0 62.4 71.8 6.0 0.056
0 334.0 1.0 67.8 72.0 8.6 0.0
2 518.75 2.0 55.4 68.6 3.6 0.0
3 711.666666667 2.0 64.0 74.0 2.0 0.37
2 548.529411765 0.0 60.0 63.0 7.0 0.0
1 331.35 2.0 62.6 64.8 4.4 0.0
3 453.5 0.0 56.0 61.0 4.4 0.0
1 403.5 2.0 69.0 32.0 6.6 0.0
2 625.25 2.0 53.6 72.4 4.6 0.0
2 899.333333333 0.0 50.2 91.2 2.2 0.0
3 2096.0 2.0 58.0 74.0 2.6 0.0
1 369.5 0.0 47.0 53.0 17.0 0.0
2 820.5 2.0 57.6 66.8 2.0 0.0
1 391.733333333 0.0 57.0 57.0 13.0 0.0
1 406.916666667 0.0 66.0 61.0 8.0 0.0
1 450.1 0.0 60.2 76.8 6.4 0.0
2 614.666666667 2.0 68.6 67.2 7.8 0.0
1 696.045454545 0.0 62.2 64.0 11.6 0.0
0 186.5 1.0 67.6 71.8 6.0 0.0
3 468.666666667 0.0 51.4 71.6 3.0 0.0
2 1431.625 3.0 50.4 82.2 1.8 0.004
1 2261.66666667 1.0 68.4 75.0 6.2 0.0
2 479.0 0.0 50.8 71.8 4.6 0.0
3 143.0 2.0 65.8 68.8 5.6 0.0
0 2950.0 1.0 67.6 75.4 7.2 0.0
3 454.0 3.0 57.0 80.0 14.0 3.12
1 491.909090909 0.0 59.0 81.0 5.0 0.0
2 610.947368421 0.0 60.2 70.0 6.6 0.0
2 565.285714286 3.0 51.0 69.0 14.0 0.0
3 1277.0 2.0 69.0 76.8 6.4 0.0
1 8528.66666667 0.0 59.4 60.4 3.6 0.0
0 443.5 0.0 56.0 68.0 19.0 0.0
3 1522.0 0.0 52.8 67.2 3.2 0.0
3 468.0 0.0 54.0 83.0 3.0 0.0
1 340.2 3.0 60.8 84.2 10.8 0.93
2 616.0 1.0 69.6 73.6 6.0 0.0
3 659.0 0.0 62.8 67.0 3.4 0.0
2 614.846153846 2.0 53.4 63.6 3.2 0.0
3 741.0 2.0 69.6 68.4 7.0 0.0
2 570.5 2.0 68.6 68.8 5.8 0.0
2 551.071428571 1.0 70.2 73.6 8.4 0.0
2 234.0 0.0 52.8 62.6 2.4 0.0
2 485.4 0.0 52.6 72.0 3.2 0.0
1 1945.66666667 0.0 59.2 77.0 6.4 0.008
0 239.0 1.0 64.0 53.4 7.2 0.0
2 1011.0 2.0 57.0 73.0 13.0 0.0
1 363.125 2.0 55.2 57.6 3.0 0.0
1 469.307692308 0.0 65.0 68.0 5.0 0.0
1 420.0 0.0 57.2 59.0 3.4 0.0
1 493.388888889 1.0 69.8 67.8 7.6 0.0
2 615.333333333 3.0 61.0 86.0 12.0 1.43
1 529.0 2.0 62.8 51.0 3.2 0.0
2 473.428571429 3.0 40.2 49.2 4.2 0.0
2 536.842105263 1.0 64.8 65.8 7.2 0.0
2 1384.0 0.0 62.0 63.4 4.6 0.0
1 426.333333333 0.0 52.0 72.0 13.0 0.69
3 636.0 0.0 56.0 84.0 5.0 0.0
1 437.526315789 1.0 65.2 63.8 10.2 0.0
1 399.071428571 0.0 56.0 72.0 15.0 0.0
3 406.5 1.0 67.6 66.8 6.2 0.0
1 355.1 2.0 57.6 65.8 9.6 0.0
2 657.0 3.0 53.0 63.0 1.0 0.0
1 334.727272727 0.0 57.2 70.6 8.0 0.0
2 3322.0 2.0 76.2 52.8 4.2 0.0
3 895.333333333 0.0 49.6 73.2 3.0 0.0
2 572.0 0.0 63.0 68.0 4.8 0.0
2 2330.95238095 1.0 60.0 74.0 11.0 0.0
2 578.375 0.0 58.2 65.2 4.4 0.0
3 381.0 0.0 58.6 66.0 5.2 0.0
1 1843.85 3.0 53.0 80.4 6.0 0.104
1 392.266666667 0.0 55.0 74.0 4.0 0.0
1 49438.0 3.0 44.8 62.4 2.4 0.0
1 1614.5 2.0 56.6 66.6 2.4 0.0
2 609.555555556 3.0 43.2 51.0 3.4 0.0
2 555.916666667 2.0 56.0 64.8 3.4 0.0
3 193.333333333 0.0 57.4 60.6 4.4 0.0
2 677.5 2.0 56.4 79.2 4.6 0.208
2 422.5 2.0 57.0 75.2 5.8 0.01
3 581.0 1.0 68.0 66.0 10.0 0.0
0 259.0 1.0 69.4 72.8 7.6 0.0
3 371.5 0.0 66.6 64.0 3.6 0.0
1 384.615384615 1.0 77.2 53.0 6.0 0.0
1 351.923076923 0.0 73.0 42.8 5.2 0.0
2 869.692307692 1.0 70.6 67.2 7.0 0.0
2 1696.33333333 2.0 66.0 71.0 8.0 0.0
1 342.333333333 0.0 50.0 75.2 4.8 0.0
3 400.0 3.0 59.6 79.4 7.4 0.002
0 334.0 1.0 68.6 70.2 8.2 0.0
0 199.0 1.0 72.4 64.6 6.6 0.0
2 565.533333333 0.0 60.2 65.0 8.6 0.0
0 369.0 3.0 56.0 74.6 6.2 0.0
1 375.923076923 2.0 72.0 47.0 5.0 0.0
2 544.157894737 0.0 75.4 45.6 4.4 0.0
1 469.6875 0.0 54.4 66.8 4.8 0.0
3 318.0 2.0 56.0 64.8 3.4 0.0
2 557.692307692 0.0 56.2 47.0 1.8 0.0
2 774.333333333 0.0 51.0 60.8 1.8 0.0
3 231.5 0.0 61.6 42.8 10.6 0.0
1 390.473684211 2.0 68.6 73.6 6.2 0.0
2 597.176470588 0.0 56.8 47.4 11.6 0.0
3 484.5 2.0 60.6 68.2 3.8 0.0
1 386.9375 0.0 62.2 60.0 5.8 0.0
1 359.636363636 2.0 56.0 80.2 3.0 0.002
3 494.0 2.0 69.0 32.0 6.6 0.0
2 341.5 0.0 57.8 67.0 3.6 0.0
2 2389.0 0.0 58.8 72.6 8.6 0.0
3 461.0 0.0 56.6 57.2 7.0 0.0
0 627.0 0.0 56.0 63.0 8.0 0.0
3 732.25 0.0 55.2 74.6 3.6 0.002
2 2318.72727273 1.0 68.0 71.2 8.4 0.0
1 340.384615385 1.0 62.0 68.4 8.0 0.0
2 550.294117647 1.0 64.8 74.6 8.4 0.0
3 720.0 0.0 59.2 68.6 8.2 0.02
1 321.0 0.0 59.0 76.6 7.0 0.0
2 871.0 1.0 67.8 72.0 8.6 0.0
2 576.705882353 1.0 70.4 48.2 6.0 0.0
2 10491.25 3.0 51.4 63.4 1.2 0.0
3 467.0 2.0 54.0 78.0 2.0 0.0
2 681.636363636 1.0 67.8 68.8 6.8 0.0
3 808.0 1.0 69.0 74.0 8.0 0.0
2 598.555555556 0.0 62.4 66.2 5.8 0.0
1 778.0 2.0 63.8 75.4 8.2 0.0
3 552.0 2.0 52.2 73.6 3.2 0.0
1 564.0 2.0 62.8 64.0 3.0 0.0
1 481.6875 2.0 68.6 64.0 5.8 0.0
1 3678.0 3.0 49.6 70.2 3.2 0.0
1 13474.5 1.0 69.0 72.2 6.8 0.0
1 365.388888889 1.0 67.6 66.8 6.2 0.0
1 375.428571429 0.0 57.0 55.4 3.2 0.0
2 647.8125 2.0 61.0 84.6 6.6 0.088
2 185.0 3.0 60.0 83.4 4.4 0.018
1 408.428571429 0.0 59.6 66.8 6.2 0.0
3 638.4 0.0 60.0 45.0 7.8 0.0
1 327.416666667 0.0 48.8 70.8 5.8 0.0
1 412.666666667 1.0 64.8 74.6 8.4 0.0
1 550.666666667 0.0 67.2 36.4 7.4 0.0
2 600.125 2.0 64.0 49.0 5.0 0.0
3 238.0 0.0 50.0 60.8 1.2 0.0
1 335.714285714 2.0 55.4 68.6 3.6 0.0
3 721.666666667 2.0 62.0 59.0 10.0 0.0
0 1048.0 2.0 63.0 74.0 6.0 0.0
2 566.384615385 2.0 54.8 63.2 2.4 0.0
1 423.0 0.0 51.0 60.8 1.8 0.0
0 264.0 1.0 69.8 67.8 7.6 0.0
2 4677.18181818 2.0 65.6 75.0 8.0 0.0
0 338.0 1.0 65.0 70.0 5.8 0.0
1 303.666666667 0.0 54.6 80.0 2.4 0.0
3 457.0 0.0 57.6 67.8 5.2 0.0
1 368.166666667 0.0 48.2 76.0 1.6 0.0
1 380.846153846 1.0 69.0 68.6 8.0 0.0
1 394.8 3.0 52.8 78.2 5.0 0.0
2 562.0 0.0 57.4 81.4 8.6 0.296
1 440.875 2.0 58.0 74.0 2.6 0.0
1 364.1875 0.0 64.8 46.8 8.4 0.0
3 492.0 3.0 59.8 81.2 3.0 0.028
0 499.0 0.0 60.0 78.0 9.0 0.02
3 471.0 2.0 55.2 76.6 2.6 0.0
1 9772.5 0.0 56.0 66.6 5.4 0.022
3 524.0 0.0 56.2 47.0 1.8 0.0
3 282.0 0.0 53.6 82.6 3.0 0.0
3 341.333333333 0.0 72.8 36.6 5.0 0.0
2 589.285714286 0.0 56.8 69.0 8.6 0.0
1 395.647058824 1.0 61.2 63.2 9.4 0.0
2 875.25 2.0 60.6 66.4 6.6 0.0
2 568.846153846 2.0 65.6 74.6 4.4 0.0
1 381.1875 2.0 63.0 79.6 6.4 0.0
0 309.0 0.0 58.2 73.4 1.8 0.0
2 525.916666667 1.0 68.6 58.8 7.0 0.0
2 506.333333333 0.0 60.4 78.8 7.2 0.0
3 199.0 1.0 66.0 69.4 7.6 0.0
1 421.0 2.0 56.8 88.4 5.4 0.348
2 553.294117647 2.0 69.0 66.0 9.0 0.0
2 935.4 1.0 67.0 69.0 13.0 0.0
1 331.636363636 0.0 58.4 58.2 8.2 0.0
2 508.5 0.0 56.0 71.0 8.0 0.32
1 1144.29411765 2.0 65.0 66.0 19.0 0.0
3 453.5 3.0 52.6 82.2 3.0 0.172
1 1011.5 0.0 68.6 59.6 3.6 0.0
2 199.0 1.0 67.0 71.0 10.0 0.0
3 881.25 2.0 71.0 74.0 9.0 0.01
3 346.5 0.0 52.8 65.8 4.4 0.0
2 527.769230769 1.0 68.6 70.4 7.0 0.0
2 501.466666667 0.0 65.0 62.0 6.0 0.0
2 897.0 2.0 64.6 79.4 5.4 0.0
2 1389.33333333 0.0 62.0 62.2 5.6 0.0
0 31963.0 1.0 69.6 66.0 7.0 0.0
2 542.555555556 0.0 59.8 67.2 8.2 0.0
1 588.130434783 2.0 71.6 65.2 6.4 0.0
1 329.0 1.0 65.6 72.4 6.8 0.0
1 1126.0 1.0 67.6 75.4 7.2 0.0
2 398.0 2.0 61.8 73.6 1.4 0.0
2 1444.26315789 0.0 59.8 57.8 6.2 0.0
2 3160.5 1.0 69.0 66.0 11.0 0.0
1 458.7 1.0 68.6 58.8 7.0 0.0
1 407.125 2.0 67.8 68.6 4.0 0.0
2 512.833333333 0.0 51.2 78.0 9.0 0.302
3 750.0 2.0 57.4 72.2 3.0 0.0
2 867.0 2.0 70.0 66.8 7.2 0.0
1 269.923076923 3.0 56.0 76.6 8.6 0.306
1 4993.28571429 2.0 65.6 70.6 4.8 0.0
1 9322.5 0.0 54.2 59.2 7.8 0.0
1 525.7 2.0 62.8 61.0 6.2 0.0
3 251.5 2.0 65.2 42.4 2.4 0.0
3 1089.75 0.0 58.0 65.8 7.8 0.0
3 485.666666667 1.0 67.4 68.4 8.6 0.0
3 482.0 0.0 62.2 60.0 5.8 0.0
2 6972.0 0.0 57.4 75.6 7.0 0.014
2 643.833333333 3.0 51.4 60.0 1.0 0.0
1 379.0625 0.0 56.2 80.4 3.6 0.0
1 855.0 0.0 62.0 63.4 4.6 0.0
2 627.153846154 0.0 59.6 70.2 7.8 0.004
1 517.545454545 2.0 60.8 58.6 3.2 0.0
1 372.466666667 2.0 71.6 43.0 3.6 0.0
3 559.5 0.0 56.0 57.0 4.0 0.0
0 273.0 1.0 70.4 48.2 6.0 0.0
3 216.0 1.0 63.2 70.4 9.6 0.0
1 438.5 1.0 62.0 71.0 10.0 0.0
3 613.666666667 2.0 63.0 60.2 6.4 0.0
0 295.0 1.0 68.0 66.0 7.4 0.0
3 333.0 2.0 65.8 70.4 7.4 0.0
1 382.6875 0.0 59.4 64.2 8.6 0.0
2 556.727272727 0.0 54.0 70.0 4.0 0.0
0 297.0 0.0 59.8 69.0 6.0 0.214
2 485.571428571 0.0 53.0 83.0 2.6 0.0
3 293.5 0.0 54.4 66.8 4.8 0.0
2 628.615384615 2.0 60.4 62.6 4.4 0.0
2 4563.25 2.0 60.8 76.4 3.0 0.0
1 356.0 0.0 41.0 64.0 4.0 0.0
3 316.0 0.0 56.0 66.6 5.4 0.022
2 423.9375 2.0 64.0 63.0 4.0 0.0
2 459.875 0.0 60.0 70.0 6.0 0.0
0 259.0 1.0 68.4 75.0 6.2 0.0
1 2291.4 2.0 70.0 66.8 4.6 0.0
2 672.875 0.0 57.0 70.0 13.0 0.0
2 609.133333333 0.0 59.6 66.8 6.2 0.0
3 471.0 0.0 53.2 55.0 1.8 0.0
1 565.166666667 2.0 56.2 69.6 4.2 0.0
2 614.277777778 2.0 60.4 64.8 5.6 0.0
0 482.5 0.0 54.6 34.4 9.4 0.0
3 646.5 0.0 57.4 68.2 7.0 0.0
2 350.666666667 1.0 65.0 63.2 6.2 0.0
1 341.3125 2.0 55.2 52.2 3.6 0.0
3 670.4 2.0 65.2 72.2 3.2 0.002
3 243.5 0.0 59.6 66.8 6.2 0.0
3 228.0 0.0 63.2 62.2 5.6 0.0
1 420.5 0.0 42.8 69.4 2.0 0.0
0 715.0 0.0 64.8 46.8 8.4 0.0
3 1214.0 2.0 58.4 70.0 2.8 0.0
3 482.0 2.0 71.6 43.0 3.6 0.0
1 468.636363636 1.0 69.8 71.2 6.6 0.0
1 367.473684211 0.0 72.8 36.6 5.0 0.0
1 449.5 3.0 51.6 56.8 10.4 0.0
0 368.0 2.0 57.4 72.2 3.0 0.0
1 893.5 1.0 65.6 71.4 9.4 0.0
1 306.0 0.0 55.6 80.4 5.4 0.082
1 466.0 0.0 60.8 56.6 8.4 0.0
1 332.777777778 0.0 52.4 60.8 2.2 0.0
1 246.75 2.0 64.6 73.0 4.4 0.0
3 955.0 0.0 50.0 58.0 5.0 0.0
2 592.0 0.0 53.4 81.8 4.6 0.004
1 342.352941176 1.0 60.0 68.0 11.0 0.0
3 495.5 2.0 72.2 70.0 7.6 0.0
2 823.0 0.0 54.4 85.4 3.6 0.002
0 299.0 0.0 60.4 60.0 12.8 0.0
2 2089.33333333 0.0 56.4 67.4 4.2 0.0
3 440.0 2.0 63.4 62.4 4.0 0.0
1 194.0 0.0 63.6 70.6 8.0 0.0
3 671.0 0.0 55.8 76.6 2.2 0.0
3 400.0 0.0 58.0 72.0 11.0 0.0
3 319.666666667 1.0 65.0 68.0 10.0 0.0
1 398.588235294 0.0 58.8 61.6 12.2 0.016
0 632.0 2.0 67.2 67.8 5.6 0.0
2 20894.0 2.0 70.8 74.0 7.4 0.0
3 122.0 2.0 66.2 73.6 6.2 0.0
3 631.5 0.0 59.0 67.0 7.0 0.0
3 435.0 0.0 59.8 69.0 9.0 0.0
1 305.066666667 2.0 56.0 85.8 3.4 0.184
2 468.684210526 2.0 67.4 74.0 6.8 0.0
3 407.5 1.0 64.0 53.4 7.2 0.0
0 278.0 1.0 71.0 69.0 7.6 0.0
1 783.6 0.0 60.4 55.0 10.6 0.0
0 280.0 0.0 59.6 71.6 7.0 0.0
1 387.636363636 0.0 56.8 47.4 11.6 0.0
3 455.8 0.0 57.0 59.8 6.2 0.0
1 875.647058824 2.0 65.4 73.2 5.2 0.0
0 623.0 0.0 58.0 72.0 5.0 0.02
2 536.285714286 0.0 60.0 69.2 13.0 0.0
0 359.333333333 0.0 63.0 57.2 7.8 0.0
2 699.0 2.0 57.0 73.0 9.0 0.0
3 410.25 1.0 61.4 66.2 8.8 0.0
2 563.785714286 2.0 67.0 69.0 8.0 0.0
1 321.714285714 1.0 67.6 71.0 8.0 0.0
2 553.6 0.0 59.0 69.0 7.0 0.0
1 388.058823529 2.0 58.4 70.0 2.8 0.0
3 402.0 2.0 62.0 60.2 11.8 0.0
2 578.363636364 0.0 58.0 60.0 18.0 0.0
1 558.5 1.0 65.8 72.0 9.0 0.0
0 424.0 0.0 57.0 60.0 4.0 0.0
2 542.6 0.0 55.2 73.8 2.0 0.0
1 149.0 1.0 62.2 65.6 6.4 0.0
3 718.0 0.0 59.0 75.0 9.0 0.0
0 483.0 3.0 53.0 85.0 14.0 1.09
3 528.5 2.0 68.2 75.2 5.8 0.0
3 288.5 2.0 65.0 73.0 11.0 0.0
3 382.0 0.0 57.0 72.0 14.0 0.0
1 1274.625 2.0 62.0 60.2 11.8 0.0
2 735.0 2.0 68.6 71.2 7.2 0.0
3 719.0 0.0 55.0 64.0 5.0 0.0
3 314.0 0.0 52.0 68.2 4.6 0.02
2 6174.0 2.0 70.0 66.8 4.6 0.0
2 642.818181818 2.0 62.8 61.0 6.2 0.0
3 497.5 1.0 65.6 71.4 9.4 0.0
3 549.0 0.0 56.0 80.0 6.0 0.0
0 276.0 1.0 66.2 62.2 7.6 0.0
2 652.375 2.0 57.8 36.0 6.0 0.0
1 470.5 3.0 60.6 76.8 3.6 0.002
1 332.8 0.0 63.0 63.6 7.6 0.0
3 375.166666667 1.0 70.8 58.2 8.2 0.0
1 130.0 0.0 61.4 65.8 4.2 0.0
3 764.0 2.0 56.6 66.6 2.4 0.0
1 181.0 0.0 62.0 69.0 10.0 0.0
1 410.615384615 0.0 59.6 71.6 7.0 0.0
3 716.5 2.0 63.2 68.8 8.8 0.0
1 6031.0 0.0 59.4 47.4 4.0 0.0
1 431.375 1.0 70.2 73.6 8.4 0.0
3 423.5 0.0 62.0 57.0 9.0 0.0
0 266.0 2.0 65.4 73.2 5.2 0.0
3 188.0 0.0 65.4 31.2 10.6 0.0
1 1331.94736842 0.0 57.4 53.0 6.2 0.0
1 1377.0 2.0 70.8 74.0 7.4 0.0
3 1400.0 0.0 57.2 74.2 7.8 0.19
3 680.0 1.0 65.2 63.8 10.2 0.0
2 466.083333333 1.0 61.4 66.2 8.8 0.0
0 229.0 1.0 65.6 57.4 6.6 0.0
0 309.0 0.0 59.6 70.2 7.8 0.004
2 520.272727273 3.0 51.4 61.8 1.2 0.0
0 257.5 1.0 64.6 71.4 6.4 0.0
2 795.166666667 1.0 65.6 57.4 6.6 0.0
2 849.6 0.0 59.6 71.6 7.0 0.0
2 517.9 0.0 58.0 58.0 6.0 0.0
1 366.166666667 3.0 50.6 61.4 7.4 0.0
3 521.0 0.0 64.6 67.0 8.2 0.0
2 857.0 2.0 53.0 72.2 2.0 0.0
3 2181.75 1.0 73.0 68.8 5.6 0.0
2 477.0 0.0 74.0 43.0 5.0 0.0
2 1189.09090909 2.0 70.2 64.4 4.2 0.0
2 543.705882353 1.0 68.6 70.2 8.2 0.0
3 702.0 3.0 50.4 63.0 1.8 0.0
3 659.0 0.0 54.6 71.4 10.2 0.23
3 560.25 0.0 70.0 48.0 5.2 0.0
2 555.333333333 2.0 63.0 75.0 9.0 0.0
3 305.0 1.0 66.2 71.4 8.4 0.0
3 372.0 3.0 57.8 82.0 3.2 0.0
0 417.0 1.0 62.0 68.4 8.0 0.0
1 2195.71428571 0.0 63.2 62.2 5.6 0.0
1 222.0 0.0 62.0 62.2 5.6 0.0
0 692.0 0.0 56.2 47.0 1.8 0.0
2 254.333333333 3.0 52.6 46.0 2.0 0.0
1 367.045454545 0.0 67.0 49.6 6.0 0.0
3 1381.0 0.0 51.0 69.0 2.0 0.0
2 559.0 0.0 63.8 72.2 7.8 0.0
2 571.461538462 0.0 55.8 62.0 6.6 0.002
2 578.307692308 0.0 54.6 60.6 3.4 0.0
2 540.857142857 0.0 49.0 73.0 7.0 0.09
1 2659.0 2.0 59.8 80.6 8.6 0.056
2 491.15 1.0 66.4 65.0 9.0 0.0
3 671.0 0.0 66.0 60.0 7.0 0.0
2 638.333333333 2.0 66.8 70.6 6.2 0.0
2 828.0 0.0 53.0 64.2 7.4 0.028
2 1546.5 0.0 62.4 62.2 5.4 0.0
0 266.0 2.0 74.6 41.8 3.4 0.0
3 364.333333333 0.0 53.8 76.8 3.4 0.0
2 478.25 3.0 58.2 86.0 7.0 0.94
1 359.5 0.0 52.8 70.2 6.6 0.008
2 677.25 2.0 68.6 56.8 5.0 0.0
1 366.5 0.0 58.4 81.4 4.2 0.0
3 614.5 1.0 65.0 70.0 5.8 0.0
1 1547.59090909 2.0 70.6 73.4 6.6 0.002
3 494.0 2.0 63.0 72.0 22.0 0.0
0 146.0 3.0 50.0 61.0 2.0 0.0
1 345.8 0.0 54.6 52.0 3.4 0.0
3 654.0 2.0 61.4 61.0 3.6 0.0
2 3802.86666667 0.0 56.0 63.0 7.0 0.0
2 791.714285714 0.0 61.4 65.8 4.2 0.0
1 353.5 0.0 61.2 70.0 6.0 0.0
0 376.5 2.0 69.2 72.8 5.2 0.0
2 651.375 2.0 62.8 64.0 3.0 0.0
2 689.875 0.0 59.6 63.6 2.0 0.0
1 981.4375 1.0 69.0 73.0 6.8 0.0
0 418.0 0.0 52.4 69.2 1.2 0.0
1 412.368421053 2.0 69.2 70.4 6.8 0.0
0 307.0 0.0 59.4 64.2 8.6 0.0
1 457.2 2.0 69.6 68.4 7.0 0.0
2 546.111111111 0.0 59.4 64.2 8.6 0.0
2 553.857142857 0.0 61.0 57.0 8.0 0.0
1 354.909090909 0.0 56.0 61.0 4.4 0.0
2 543.0 1.0 71.4 69.4 5.8 0.0
3 514.5 0.0 56.8 79.6 10.8 0.544
2 10241.5 0.0 52.2 52.8 1.8 0.0
3 393.333333333 0.0 55.2 68.0 6.0 0.048
2 1131.66666667 1.0 68.0 70.8 7.4 0.0
3 817.0 1.0 67.4 63.8 8.4 0.0
0 305.0 0.0 70.0 48.0 5.2 0.0
2 461.6 1.0 62.0 68.4 8.0 0.0
3 757.5 0.0 63.0 60.4 4.2 0.0
2 525.0 0.0 56.0 73.0 7.0 0.036
2 628.263157895 2.0 62.6 64.8 4.4 0.0
1 384.0 1.0 69.2 68.4 6.2 0.0
2 1067.0 0.0 59.8 65.2 3.4 0.0
0 247.0 0.0 69.4 45.4 3.8 0.0
1 1272.75 0.0 65.6 60.0 4.0 0.0
3 449.0 3.0 54.0 83.0 8.0 0.13
2 651.928571429 0.0 56.0 61.0 4.4 0.0
0 313.0 2.0 56.2 82.2 4.8 0.0
3 951.0 2.0 53.8 54.2 2.2 0.0
3 313.0 1.0 64.6 71.4 6.4 0.0
2 492.705882353 0.0 56.0 76.0 6.0 0.0
2 626.0 0.0 53.6 70.2 3.0 0.0
2 6930.66666667 2.0 67.2 71.2 7.2 0.0
1 685.0 0.0 57.4 75.6 7.0 0.014
1 561.5 2.0 61.8 59.2 5.2 0.0
2 587.333333333 3.0 56.0 81.0 6.0 0.0
3 305.0 3.0 43.8 63.8 8.6 0.064
2 501.466666667 1.0 67.6 71.0 8.0 0.0
1 10856.25 2.0 53.8 54.2 2.2 0.0
2 741.1 2.0 66.4 71.8 6.0 0.0
2 608.333333333 2.0 72.2 63.6 5.0 0.0
3 723.5 0.0 69.4 45.4 3.8 0.0
3 365.0 0.0 50.8 48.6 1.8 0.0
1 1025.57142857 0.0 59.0 89.0 6.0 0.03
3 344.0 3.0 58.0 83.0 2.2 0.004
2 634.1 0.0 58.6 66.0 5.2 0.0
1 378.461538462 0.0 52.8 70.0 1.8 0.0
1 718.428571429 1.0 74.2 60.2 6.0 0.0
3 440.0 2.0 62.8 50.8 6.4 0.0
1 476.272727273 0.0 55.2 76.8 8.4 0.22
1 429.0 0.0 60.0 74.0 9.6 0.0
1 5903.6 1.0 63.6 62.8 9.0 0.0
1 10915.4 2.0 60.6 63.0 4.2 0.0
1 304.266666667 0.0 58.4 63.4 8.4 0.0
2 592.764705882 2.0 62.0 64.2 3.4 0.0
0 266.5 1.0 62.6 66.8 8.0 0.0
0 243.0 2.0 71.6 43.0 3.6 0.0
3 1099.0 2.0 64.0 63.0 4.0 0.0
2 1544.2 0.0 56.0 66.6 5.4 0.022
1 351.9375 0.0 52.0 74.2 2.6 0.0
1 111.0 0.0 60.0 66.4 7.4 0.0
1 375.086956522 2.0 58.2 70.0 4.0 0.0
0 279.0 1.0 68.6 70.4 7.0 0.0
2 541.8 1.0 74.2 60.2 6.0 0.0
0 497.0 0.0 59.4 60.4 3.6 0.0
2 482.846153846 0.0 52.0 76.0 2.0 0.0
1 386.625 3.0 44.4 63.8 1.4 0.0
0 347.666666667 2.0 66.0 73.0 8.0 0.0
3 1000.25 2.0 56.0 72.0 9.0 0.0
2 802.416666667 0.0 54.0 72.0 4.4 0.0
1 393.733333333 1.0 66.8 72.4 7.2 0.0
3 241.0 2.0 62.0 68.0 9.0 0.0
1 469.769230769 1.0 69.6 66.0 7.0 0.0
2 503.25 2.0 60.0 66.8 5.2 0.0
3 372.0 0.0 58.0 78.2 4.4 0.0
0 299.0 3.0 57.8 82.0 3.2 0.0
3 487.25 1.0 69.8 70.8 6.6 0.0
2 582.666666667 2.0 54.6 59.4 5.2 0.0
3 249.0 2.0 64.2 43.4 3.2 0.0
1 436.3 0.0 65.4 31.2 10.6 0.0
3 530.0 2.0 57.0 69.0 4.0 0.0
2 1239.4 0.0 59.0 66.8 7.6 0.0
0 305.0 0.0 57.0 59.8 6.2 0.0
1 412.0 0.0 53.8 57.8 9.0 0.0
3 340.333333333 0.0 54.0 35.0 7.0 0.0
0 483.5 0.0 52.0 69.0 5.0 0.0
3 616.0 3.0 58.8 83.0 2.8 0.0
1 462.733333333 0.0 60.4 78.8 7.2 0.0
0 269.5 0.0 50.0 84.0 4.0 0.0
2 1313.5 0.0 58.4 81.4 4.2 0.0
1 652.818181818 2.0 65.0 64.6 9.6 0.0
2 689.714285714 1.0 70.4 73.2 7.4 0.0
1 361.4 0.0 62.4 66.2 5.8 0.0
1 356.4 0.0 62.4 55.4 5.8 0.0
0 847.75 2.0 55.6 64.6 6.4 0.002
1 243.222222222 0.0 47.0 70.0 4.2 0.0
2 492.0 0.0 41.0 64.0 4.0 0.0
1 949.307692308 1.0 69.6 73.6 6.0 0.0
1 787.0 2.0 66.2 73.6 6.2 0.0
1 410.818181818 0.0 56.4 45.6 2.4 0.0
1 475.928571429 0.0 62.0 62.4 11.0 0.0
1 346.315789474 1.0 64.2 70.6 8.0 0.0
2 630.5 0.0 54.0 68.6 5.8 0.0
2 501.571428571 0.0 52.0 74.2 2.6 0.0
2 489.466666667 3.0 58.8 83.0 2.8 0.0
3 777.0 1.0 69.4 72.2 6.4 0.0
1 341.4375 2.0 61.8 69.2 3.4 0.0
2 527.0 0.0 64.0 55.0 4.0 0.0
2 471.466666667 0.0 50.8 69.2 1.4 0.0
2 483.909090909 0.0 61.6 42.8 10.6 0.0
2 484.625 1.0 70.6 65.4 8.0 0.002
2 529.4 2.0 58.6 78.4 4.2 0.0
2 517.75 0.0 55.2 76.8 8.4 0.22
0 445.0 1.0 67.4 68.4 8.6 0.0
3 453.666666667 2.0 55.6 64.6 6.4 0.002
3 500.5 2.0 56.2 69.6 4.2 0.0
2 401.0 0.0 58.6 57.6 3.4 0.0
3 2387.0 0.0 55.4 89.2 2.6 0.0
3 444.333333333 0.0 58.2 57.0 3.0 0.0
3 359.0 1.0 68.0 70.4 8.0 0.0
2 524.75 0.0 58.0 75.0 9.0 0.0
3 6345.0 2.0 67.2 35.6 2.4 0.0
2 596.866666667 2.0 68.0 71.0 8.0 0.0
3 632.5 2.0 65.8 55.4 5.0 0.0
0 461.0 2.0 67.0 43.6 4.4 0.0
3 591.666666667 2.0 57.0 75.0 6.0 0.15
3 100.0 2.0 65.4 76.0 6.2 0.32
2 600.2 0.0 52.4 60.8 2.2 0.0
3 228.5 0.0 60.2 60.6 9.2 0.0
0 459.5 0.0 55.0 65.0 8.0 0.01
2 597.941176471 0.0 58.0 72.0 12.0 0.0
2 505.785714286 1.0 65.0 70.0 5.8 0.0
0 976.0 2.0 64.0 71.0 9.0 0.0
2 5609.1 0.0 47.0 70.0 4.2 0.0
1 368.5 0.0 58.8 75.6 6.4 0.004
2 538.142857143 2.0 63.0 60.2 6.4 0.0
0 270.0 2.0 58.4 70.0 2.8 0.0
3 224.0 0.0 67.0 49.6 6.0 0.0
1 461.238095238 0.0 59.8 69.0 6.0 0.214
2 414.25 3.0 53.0 85.0 14.0 1.09
1 285.6 3.0 44.4 59.4 1.4 0.0
0 433.5 0.0 62.2 68.4 5.6 0.0
1 1507.95 2.0 66.0 79.0 5.0 0.41
3 462.5 0.0 71.0 45.0 6.0 0.0
2 529.2 0.0 58.8 75.6 6.4 0.004
0 102.0 0.0 56.8 69.0 8.6 0.0
3 429.5 0.0 54.0 84.4 3.6 0.0
2 328.0 3.0 48.0 71.2 2.2 0.0
1 644.0 0.0 53.0 54.6 1.4 0.0
3 271.666666667 2.0 60.0 60.0 8.0 0.0
3 614.0 0.0 49.2 58.0 1.6 0.0
1 388.352941176 0.0 61.4 73.0 8.2 0.0
2 558.454545455 1.0 61.2 63.2 9.4 0.0
2 548.785714286 1.0 68.2 68.8 8.0 0.0
3 3088.0 2.0 66.4 71.8 6.0 0.0
1 395.8 0.0 53.0 83.0 2.6 0.0
2 590.0 0.0 59.2 77.0 6.4 0.008
2 606.0 0.0 65.6 60.0 4.0 0.0
2 523.545454545 0.0 75.4 35.6 5.2 0.0
0 315.0 0.0 56.0 84.6 5.2 0.0
3 204.0 3.0 50.4 66.2 1.4 0.0
1 444.933333333 1.0 67.6 72.0 7.6 0.0
1 434.5 2.0 68.4 73.0 8.4 0.0
1 425.9 0.0 55.6 85.8 5.0 0.006
3 638.5 0.0 57.8 68.0 9.0 0.0
2 403.8 0.0 62.0 65.0 16.0 0.0
2 568.090909091 0.0 57.2 74.2 7.8 0.19
1 307.0 3.0 43.6 65.4 5.4 0.122
1 430.733333333 0.0 60.6 79.8 5.0 0.0
3 348.0 0.0 57.0 57.0 13.0 0.0
0 306.0 1.0 77.2 53.0 6.0 0.0
0 373.5 0.0 58.8 70.0 6.8 0.0
1 445.833333333 2.0 71.4 65.6 5.8 0.0
