1 67.8307555905822
2 67.6879125209339
3 67.93911929859128
4 68.5055659540932
5 69.05969855186682
6 69.66801300364496
7 70.07191409713329
8 70.01280662003744
9 70.52260860998916
10 70.45611269825633
11 70.75411289528125
12 70.58417889863068
13 70.84523692247069
14 71.0127081075756
15 70.99300561521032
16 70.86740222638164
17 70.99793123830165
18 71.07427839621711
19 70.9388237612058
20 71.10383213476504
21 71.16047680031524
22 71.10136932321939
23 71.25406363905033
24 71.13092306176732
25 71.1949561619545
26 71.10136932321939
27 71.02994778839523
28 71.12107181558467
29 71.125997438676
30 71.04965028076052
31 71.02748497684958
32 71.02748497684958
33 71.0693527731258
34 70.9634518766624
35 71.11122056940204
36 71.09890651167373
37 71.0570387153975
38 70.88956753029258
39 70.84523692247069
40 70.77135257610088
41 70.63589794108954
42 70.52014579844351
43 70.45857550980199
44 70.54723672544577
45 70.61126982563295
46 70.64082356418086
47 70.68515417200277
48 70.66052605654616
49 70.61619544872426
50 70.6826913604571
51 70.62358388336123
52 70.38222835188651
53 70.35267461333858
54 70.46842675598464
55 70.44133582898236
56 70.43641020589104
57 70.4265589597084
58 70.2516993399665
59 70.29849275933405
60 70.36006304797557
61 70.31573244015368
62 70.31326962860803
63 70.23199684760122
64 70.14826125504877
65 70.12855876268348
66 70.15072406659442
67 70.03250911240272
68 70.06206285095064
69 70.13102157422914
70 70.04236035858537
71 70.04236035858537
72 70.12363313959216
73 70.04482317013102
74 70.0891537779529
75 69.99802975076346
76 69.96108757757857
77 69.96108757757857
78 70.01034380849177
79 69.8527238695695
80 69.80839326174761
81 69.74682297310609
82 69.72958329228648
83 69.80839326174761
84 69.94384789675894
85 69.94877351985026
86 69.80346763865629
87 69.8404098118412
88 69.80100482711063
89 69.6778642498276
90 69.72958329228648
91 69.76406265392572
92 69.77391390010837
93 69.75421140774309
94 69.69017830755591
95 69.61875677273174
96 69.6409220766427
97 69.65569894591665
98 69.61383114964043
99 69.59412865727515
100 69.62121958427741
