3 466.0 0.0 58.4 81.6 3.2 0.0
2 546.75 0.0 60.8 67.4 6.6 0.0
3 376.0 2.0 55.0 77.0 1.0 0.0
1 423.0 0.0 57.4 60.6 4.4 0.0
1 396.6 0.0 57.6 67.8 5.2 0.0
1 17387.0 2.0 66.2 73.6 6.2 0.0
3 215.0 0.0 59.2 68.6 8.2 0.02
1 388.0 0.0 59.6 71.6 7.0 0.0
2 310.5 3.0 58.0 75.0 7.0 0.0
1 347.857142857 0.0 62.2 68.4 5.6 0.0
2 405.25 0.0 57.4 71.2 5.6 0.0
2 1741.25 0.0 59.0 62.0 7.0 0.0
3 280.0 2.0 57.0 61.0 1.0 0.0
1 367.0 0.0 50.4 78.8 2.6 0.0
2 552.0 2.0 58.0 71.0 1.0 0.0
2 629.25 0.0 50.0 68.0 1.0 0.0
2 1440.0 2.0 55.2 69.8 1.6 0.0
1 365.25 0.0 57.0 72.0 13.0 0.0
1 273.0 1.0 66.0 71.0 11.0 0.0
2 263.0 2.0 54.8 53.8 4.8 0.0
2 2375.33333333 2.0 55.4 68.0 3.6 0.0
2 369.428571429 0.0 64.8 46.8 8.4 0.0
3 1022.0 0.0 51.4 77.6 9.6 0.268
1 273.5 0.0 51.4 71.6 3.0 0.0
1 280.2 0.0 50.0 84.0 3.0 0.0
1 306.285714286 0.0 60.0 68.0 7.0 0.0
1 263.666666667 2.0 54.8 63.2 2.4 0.0
2 317.0 2.0 69.2 70.4 5.0 0.0
2 6718.66666667 1.0 72.8 64.2 7.4 0.0
1 567.0 0.0 54.2 54.4 3.0 0.0
2 2880.0 0.0 54.2 59.2 7.8 0.0
2 2623.5 1.0 66.2 71.4 8.4 0.0
2 625.571428571 3.0 61.6 80.6 4.6 0.006
3 298.0 0.0 58.8 61.6 12.2 0.016
3 302.0 0.0 54.0 72.0 4.4 0.0
1 374.6 0.0 61.6 69.6 5.8 0.0
1 2428.33333333 0.0 53.0 59.0 1.0 0.0
1 5613.33333333 0.0 52.4 62.2 7.0 0.002
1 280.714285714 0.0 53.0 86.0 8.0 0.096
0 237.0 2.0 63.4 62.4 4.0 0.0
1 268.6 0.0 61.0 73.2 6.0 0.04
1 262.75 0.0 59.0 69.0 8.0 0.0
2 460.5 1.0 62.0 68.4 8.0 0.0
3 367.0 2.0 64.6 73.0 4.4 0.0
1 287.375 0.0 62.8 67.0 3.4 0.0
3 1252.33333333 1.0 64.8 74.6 8.4 0.0
2 308.5 3.0 50.0 65.0 4.0 0.0
2 602.5 2.0 58.0 73.0 1.0 0.0
1 481.714285714 2.0 60.2 78.4 3.2 0.004
1 291.285714286 2.0 62.6 64.8 4.4 0.0
2 440.0 0.0 50.8 48.6 1.8 0.0
3 723.0 1.0 61.4 66.2 8.8 0.0
2 9226.0 2.0 65.0 79.0 5.0 0.0
2 379.0 0.0 60.4 78.8 7.2 0.0
2 549.5 0.0 52.8 70.2 6.6 0.008
1 285.0 0.0 57.8 75.4 10.6 0.762
1 273.5 1.0 72.6 70.4 7.2 0.0
2 348.0 1.0 65.6 71.4 9.4 0.0
0 428.0 0.0 59.6 82.4 7.8 0.09
1 513.25 0.0 54.4 85.4 3.6 0.002
2 399.4 0.0 58.4 50.0 4.4 0.0
2 432.5 0.0 59.6 71.6 7.0 0.0
3 407.5 2.0 62.6 64.8 4.4 0.0
3 511.0 0.0 56.4 45.6 2.4 0.0
2 278.0 2.0 58.6 81.0 6.6 0.226
1 630.25 0.0 58.4 63.4 8.4 0.0
2 551.666666667 1.0 67.6 71.0 8.0 0.0
0 380.0 0.0 46.0 68.0 2.0 0.0
1 302.5 0.0 57.0 70.0 13.0 0.0
3 338.0 2.0 64.2 43.4 3.2 0.0
3 306.0 1.0 68.0 61.0 8.0 0.0
1 1227.33333333 2.0 69.2 70.4 6.8 0.0
1 1166.66666667 0.0 52.0 74.0 1.0 0.0
2 232.0 0.0 50.0 58.0 6.0 0.0
1 288.0 2.0 55.2 57.6 3.0 0.0
2 347.0 2.0 63.0 66.0 3.0 0.0
2 288.5 0.0 55.6 81.2 3.2 0.0
2 492.0 2.0 68.0 65.0 4.0 0.0
3 258.0 3.0 50.6 61.4 7.4 0.0
3 494.0 0.0 57.8 73.4 11.2 0.178
2 459.6 1.0 71.0 69.0 7.6 0.0
1 274.833333333 2.0 69.2 53.0 4.8 0.0
1 280.2 2.0 60.0 66.8 5.2 0.0
3 877.0 1.0 65.6 72.4 6.8 0.0
0 246.0 2.0 57.8 77.2 3.4 0.0
1 285.375 0.0 57.8 68.0 9.0 0.0
2 580.5 0.0 59.6 71.2 8.4 0.0
2 300.0 0.0 46.4 37.2 6.2 0.0
0 484.0 0.0 56.6 73.2 3.4 0.0
2 296.5 0.0 60.0 58.0 6.0 0.0
1 329.5 2.0 55.2 52.2 3.6 0.0
2 3961.0 0.0 53.0 54.6 1.4 0.0
3 341.5 2.0 70.8 74.0 7.4 0.0
1 410.25 0.0 51.8 84.6 2.0 0.004
2 3472.66666667 2.0 58.0 74.0 2.6 0.0
3 280.5 0.0 56.2 80.4 3.6 0.0
1 316.5 2.0 63.2 68.8 8.8 0.0
2 406.0 2.0 65.0 70.0 9.0 0.0
1 362.111111111 3.0 58.8 83.0 2.8 0.0
1 428.5 0.0 54.0 73.0 6.0 0.0
1 23855.5714286 0.0 57.8 78.6 3.6 0.0
3 314.0 3.0 48.8 71.8 3.8 0.0
3 234.0 2.0 62.0 59.0 3.0 0.03
3 569.0 2.0 68.6 64.0 5.8 0.0
2 3207.25 2.0 71.0 70.0 4.0 0.0
2 342.0 0.0 57.4 57.6 8.6 0.0
3 598.333333333 0.0 58.4 63.4 8.4 0.0
2 670.0 0.0 54.6 52.0 3.4 0.0
3 457.0 0.0 52.8 65.8 4.4 0.0
1 329.0 3.0 55.8 80.6 9.4 0.114
0 272.0 2.0 58.4 78.2 3.8 0.0
2 298.333333333 0.0 56.0 84.6 5.2 0.0
1 279.5 2.0 66.0 60.0 10.0 0.0
2 306.0 3.0 62.8 79.4 5.0 0.094
2 695.5 2.0 71.0 59.0 3.0 0.0
2 421.5 0.0 75.0 33.0 4.0 0.0
1 665.0 0.0 47.0 55.0 2.0 0.0
2 6411.0 0.0 58.0 65.8 7.8 0.0
3 263.0 0.0 57.8 68.0 9.0 0.0
1 263.571428571 3.0 52.8 78.2 5.0 0.0
1 303.5 0.0 66.4 59.8 4.0 0.0
2 642.666666667 1.0 68.0 66.8 7.8 0.0
1 12791.0 0.0 56.4 67.4 4.2 0.0
1 264.333333333 0.0 50.6 85.6 7.2 0.458
1 295.090909091 1.0 70.0 70.0 7.0 0.0
2 481.0 0.0 20.0 60.0 7.0 0.0
1 275.888888889 0.0 56.0 75.0 5.0 0.14
2 70882.0 3.0 41.0 60.2 1.2 0.0
3 544.0 0.0 53.6 70.2 3.0 0.0
3 652.5 1.0 65.8 72.0 9.0 0.0
1 273.714285714 0.0 58.4 50.0 4.4 0.0
1 350.0 2.0 51.0 59.0 1.0 0.0
1 285.363636364 2.0 70.2 64.4 4.2 0.0
3 236.0 3.0 56.0 74.6 6.2 0.0
2 593.5 0.0 51.0 55.0 5.0 0.0
1 484.545454545 1.0 68.0 66.8 7.8 0.0
3 471.0 0.0 60.8 56.6 8.4 0.0
0 270.0 2.0 54.0 69.0 2.0 0.0
3 971.0 0.0 48.8 70.8 5.8 0.0
2 291.0 0.0 51.2 61.6 0.8 0.0
3 516.25 0.0 53.6 46.8 4.2 0.0
3 306.5 1.0 70.0 70.0 7.0 0.0
2 297.0 0.0 62.0 44.0 10.0 0.0
3 512.5 0.0 62.2 68.4 5.6 0.0
2 634.0 0.0 58.4 81.6 3.2 0.0
3 355.0 1.0 67.8 73.0 7.2 0.0
3 974.75 0.0 61.4 71.8 6.4 0.012
2 1054.0 2.0 63.8 75.4 8.2 0.0
3 336.0 0.0 59.2 60.6 9.4 0.0
3 494.0 0.0 62.8 67.0 3.4 0.0
1 251.714285714 0.0 47.6 69.0 2.0 0.0
2 1333.0 0.0 60.2 65.0 8.6 0.0
3 802.0 2.0 56.0 85.8 3.4 0.184
3 428.0 1.0 65.2 63.8 10.2 0.0
2 361.125 1.0 65.6 57.4 6.6 0.0
1 441.5 1.0 67.4 68.4 8.6 0.0
3 409.0 2.0 69.0 76.8 6.4 0.0
2 666.0 2.0 65.0 64.6 9.6 0.0
2 541.714285714 0.0 61.6 69.6 5.8 0.0
1 317.909090909 1.0 71.4 69.4 5.8 0.0
3 129.0 1.0 70.0 72.0 5.0 0.0
2 459.0 1.0 70.0 70.0 7.0 0.0
2 488.333333333 0.0 57.4 53.0 6.2 0.0
3 773.0 0.0 63.2 62.2 5.6 0.0
1 263.0 0.0 60.0 76.0 4.0 0.02
2 1026.0 2.0 70.0 66.8 4.6 0.0
3 994.0 0.0 59.0 66.8 7.6 0.0
2 375.5 0.0 51.0 78.0 3.0 0.0
1 249.5 3.0 50.0 50.0 5.0 0.0
3 321.0 0.0 70.0 48.0 5.2 0.0
3 1241.0 0.0 57.4 68.2 7.0 0.0
2 1667.33333333 3.0 50.4 63.0 1.8 0.0
2 809.0 0.0 62.8 67.0 6.4 0.0
1 312.166666667 2.0 62.0 64.2 3.4 0.0
2 494.6 0.0 73.0 42.8 5.2 0.0
2 570.25 0.0 50.0 66.0 2.0 0.0
1 1577.0 2.0 65.2 72.6 5.0 0.0
3 303.0 0.0 53.8 57.8 9.0 0.0
3 321.0 0.0 58.8 65.8 6.2 0.006
3 256.0 0.0 50.0 70.0 3.0 0.0
3 389.5 2.0 71.4 65.6 5.8 0.0
3 264.0 0.0 60.2 76.8 6.4 0.0
1 281.5 0.0 54.0 75.0 8.0 0.15
1 503.0 0.0 53.2 52.8 2.0 0.0
3 942.0 2.0 67.0 43.6 4.4 0.0
1 3396.6 2.0 71.0 74.0 9.0 0.01
1 261.0 2.0 60.0 73.6 3.2 0.0
1 1224.0 2.0 59.0 50.6 1.2 0.0
1 282.666666667 0.0 58.4 81.4 4.2 0.0
1 366.571428571 1.0 68.0 69.0 9.0 0.0
2 549.0 0.0 51.4 77.6 9.6 0.268
1 260.5 0.0 58.2 57.0 3.0 0.0
3 525.0 0.0 56.0 76.0 2.0 0.0
2 794.0 0.0 60.6 58.2 6.8 0.0
3 1110.33333333 0.0 60.0 74.0 9.6 0.0
1 233.0 0.0 57.2 74.2 7.8 0.19
1 291.428571429 1.0 62.0 71.0 10.0 0.0
0 284.0 0.0 56.2 47.0 1.8 0.0
3 557.5 0.0 58.8 70.0 6.8 0.0
2 302.0 0.0 58.2 65.2 4.4 0.0
1 258.666666667 3.0 47.0 76.0 4.0 0.0
3 7023.5 1.0 68.0 70.0 7.8 0.0
2 273.0 2.0 56.0 76.0 2.0 0.0
1 2752.5 0.0 63.0 66.2 7.2 0.0
3 418.0 0.0 51.6 66.2 8.6 0.0
1 363.545454545 1.0 69.6 73.6 6.0 0.0
1 492.0 0.0 53.4 70.4 7.4 0.0
1 1075.0 0.0 62.0 65.4 9.4 0.0
2 1281.5 0.0 53.4 81.8 4.6 0.004
2 568.0 2.0 64.8 64.6 2.4 0.0
1 2654.0 0.0 57.4 53.0 6.2 0.0
3 380.0 0.0 60.6 58.2 6.8 0.0
3 362.0 3.0 48.0 71.2 2.2 0.0
3 418.0 1.0 69.0 68.6 8.0 0.0
2 720.0 1.0 62.4 67.4 8.0 0.0
1 281.333333333 1.0 63.0 67.0 9.0 0.0
2 478.333333333 1.0 68.0 72.0 8.0 0.0
2 3043.0 2.0 69.2 72.8 5.2 0.0
1 254.2 3.0 44.4 63.8 1.4 0.0
1 260.428571429 3.0 43.0 56.0 3.0 0.0
1 303.0 3.0 52.6 82.2 3.0 0.172
2 1532.75 2.0 67.2 35.6 2.4 0.0
0 251.0 2.0 66.0 67.0 7.0 0.0
2 425.0 0.0 52.0 68.2 4.6 0.02
1 591.0 2.0 65.2 42.4 2.4 0.0
3 317.0 0.0 57.2 74.2 7.8 0.19
1 335.6 0.0 60.4 78.8 7.2 0.0
2 377.5 2.0 69.0 73.0 3.0 0.0
2 8153.66666667 0.0 63.0 66.2 7.2 0.0
3 433.0 1.0 67.8 68.8 6.8 0.0
2 548.0 2.0 51.6 69.0 1.4 0.0
1 529.0 3.0 60.6 76.8 3.6 0.002
1 45243.0 0.0 59.6 63.6 2.0 0.0
3 363.333333333 2.0 70.6 73.4 6.6 0.002
1 286.285714286 1.0 69.4 72.2 6.4 0.0
1 303.4 3.0 59.6 79.4 7.4 0.002
3 268.0 0.0 53.0 74.0 3.0 0.0
2 366.25 3.0 59.8 81.2 3.0 0.028
2 325.5 3.0 44.4 63.8 1.4 0.0
1 1106.0 1.0 66.6 73.2 7.4 0.0
3 501.5 0.0 61.6 42.8 10.6 0.0
1 849.0 0.0 57.4 81.4 8.6 0.296
2 4318.6 0.0 55.4 68.6 7.4 0.008
1 285.333333333 1.0 65.2 65.6 9.8 0.0
1 1830.33333333 2.0 67.4 64.2 5.6 0.0
2 75575.0 2.0 52.0 68.0 1.0 0.0
1 280.5 2.0 55.0 83.0 9.0 0.0
3 1116.5 1.0 72.6 66.6 7.4 0.0
1 258.666666667 2.0 58.0 80.0 7.0 0.28
3 353.0 3.0 60.8 84.2 10.8 0.93
3 325.2 1.0 64.6 71.4 6.4 0.0
2 18025.5 2.0 69.8 67.6 6.6 0.0
2 740.666666667 2.0 68.8 66.6 6.8 0.0
3 259.0 0.0 55.6 80.4 5.4 0.082
3 357.0 1.0 66.4 65.0 9.0 0.0
1 780.444444444 0.0 60.6 58.2 6.8 0.0
3 239.666666667 3.0 44.4 59.4 1.4 0.0
3 244.0 0.0 53.2 55.0 1.8 0.0
1 2688.75 3.0 61.6 80.6 4.6 0.006
1 280.875 0.0 58.4 65.8 3.2 0.0
2 706.333333333 2.0 69.2 70.4 6.8 0.0
2 313.5 0.0 58.4 81.4 4.2 0.0
3 497.0 0.0 54.6 71.4 10.2 0.23
0 281.0 0.0 53.8 57.0 3.0 0.0
1 281.857142857 2.0 58.0 74.0 2.6 0.0
2 1737.0 0.0 53.0 64.2 7.4 0.028
2 3307.5 0.0 57.0 60.6 3.8 0.0
2 363.0 3.0 53.2 82.6 12.2 0.564
3 316.333333333 0.0 59.8 67.2 8.2 0.0
3 443.0 0.0 65.4 49.4 6.4 0.0
2 413.5 1.0 66.2 73.2 7.8 0.0
3 685.0 0.0 73.0 42.8 5.2 0.0
2 348.5 0.0 55.6 61.4 3.8 0.0
1 371.571428571 2.0 56.0 85.8 3.4 0.184
2 1107.0 2.0 60.0 66.8 5.2 0.0
3 576.0 1.0 67.6 72.0 7.6 0.0
2 831.0 2.0 68.6 73.6 6.2 0.0
1 292.0 0.0 49.6 73.2 3.0 0.0
3 603.0 3.0 53.2 73.2 4.8 0.078
3 215.0 2.0 60.2 70.2 6.8 0.042
1 318.3 0.0 58.4 71.0 2.2 0.0
1 320.9 2.0 65.6 74.6 4.4 0.0
2 590.0 2.0 67.6 59.4 5.4 0.0
0 689.0 0.0 62.8 67.0 6.4 0.0
1 303.2 0.0 69.4 63.8 5.0 0.0
3 964.0 3.0 51.4 60.0 1.0 0.0
2 621.5 3.0 51.4 61.8 1.2 0.0
3 31879.0 1.0 66.2 73.2 7.8 0.0
1 5319.0 0.0 62.0 62.2 5.6 0.0
2 458.0 0.0 56.0 70.0 4.0 0.0
1 2104.0 0.0 59.2 62.2 6.2 0.0
2 342.5 0.0 62.8 67.0 3.4 0.0
1 426.625 2.0 66.0 67.0 7.0 0.0
2 644.0 3.0 59.6 79.4 7.4 0.002
1 9420.0 3.0 51.4 63.4 1.2 0.0
3 370.0 2.0 69.2 72.8 5.2 0.0
2 559.75 2.0 67.0 64.0 5.0 0.0
1 288.0 2.0 69.0 38.0 9.0 0.0
1 341.666666667 0.0 60.2 70.0 6.6 0.0
3 896.666666667 0.0 59.4 77.0 4.6 0.0
1 399.363636364 0.0 52.6 66.8 2.6 0.0
3 537.666666667 0.0 62.4 55.4 5.8 0.0
3 246.0 0.0 52.0 53.0 4.0 0.0
1 1822.81818182 1.0 67.6 72.0 7.6 0.0
1 273.6 0.0 48.8 70.8 5.8 0.0
1 1586.0 2.0 60.6 66.4 6.6 0.0
1 419.9 1.0 64.0 53.4 7.2 0.0
2 347.0 0.0 66.0 33.0 5.0 0.0
3 270.0 0.0 52.0 74.0 1.0 0.0
3 706.0 0.0 49.0 75.8 8.0 0.22
0 310.0 2.0 60.4 62.6 4.4 0.0
2 283.2 1.0 69.4 72.8 7.6 0.0
2 4552.42857143 2.0 72.0 56.0 3.0 0.0
0 477.0 0.0 56.4 67.4 4.2 0.0
3 235.0 0.0 59.4 66.8 7.6 0.0
3 262.25 0.0 55.4 72.6 2.8 0.0
2 333.166666667 3.0 58.8 83.0 2.8 0.0
3 518.0 0.0 61.4 69.6 5.2 0.0
2 585.5 1.0 65.0 68.0 7.0 0.0
2 940.6 0.0 58.8 70.0 6.8 0.0
2 127.0 0.0 52.4 62.2 7.0 0.002
3 842.0 2.0 68.6 67.2 7.8 0.0
2 672.0 0.0 57.4 60.6 4.4 0.0
3 313.0 0.0 53.0 76.6 5.0 0.004
1 398.5 0.0 55.4 74.8 4.8 0.0
1 238.25 1.0 67.0 69.0 13.0 0.0
2 436.0 0.0 62.4 62.8 4.4 0.0
3 317.0 1.0 68.6 68.4 7.0 0.0
3 330.666666667 0.0 58.0 68.4 9.0 0.0
1 248.0 0.0 56.8 79.6 10.8 0.544
2 80782.0 0.0 57.6 82.4 11.0 0.104
2 943.6 1.0 62.6 66.8 8.0 0.0
2 1389.0 0.0 62.0 65.4 9.4 0.0
2 1145.75 3.0 52.8 78.2 5.0 0.0
3 323.0 1.0 70.8 58.2 8.2 0.0
1 692.0 2.0 70.0 66.8 7.2 0.0
3 532.0 0.0 54.6 34.4 9.4 0.0
0 294.0 2.0 61.8 59.2 5.2 0.0
2 311.333333333 0.0 61.4 73.0 8.2 0.0
3 311.666666667 2.0 63.4 62.4 4.0 0.0
2 324.0 3.0 60.4 82.8 6.4 0.028
3 464.0 0.0 62.0 63.4 4.6 0.0
2 525.25 0.0 62.0 62.4 11.0 0.0
0 305.0 2.0 68.8 66.6 6.8 0.0
2 675.0 2.0 56.0 56.0 2.0 0.0
1 388.833333333 0.0 53.4 52.6 2.2 0.0
2 298.0 0.0 54.0 75.0 2.0 0.0
2 284.0 0.0 57.0 76.0 4.0 0.0
1 426.0 3.0 56.0 74.6 6.2 0.0
1 241.666666667 3.0 40.6 50.8 2.2 0.0
2 260.0 2.0 66.4 71.8 6.0 0.0
2 471.25 1.0 68.2 68.8 8.0 0.0
1 10351.0 3.0 53.2 73.2 4.8 0.078
2 867.0 0.0 48.0 70.0 3.0 0.0
2 879.0 1.0 65.2 63.8 10.2 0.0
1 284.0 1.0 69.8 70.8 6.6 0.0
1 291.090909091 2.0 69.6 68.8 4.8 0.0
3 359.0 2.0 65.6 74.6 4.4 0.0
1 8641.33333333 2.0 57.6 65.8 9.6 0.0
1 275.333333333 2.0 66.0 64.0 9.6 0.0
1 389.5 0.0 62.0 63.4 4.6 0.0
3 716.0 0.0 63.0 60.4 4.2 0.0
1 271.5 2.0 66.0 71.0 8.0 0.0
1 284.75 0.0 56.6 71.0 8.2 0.01
1 2810.0 2.0 65.4 46.8 3.6 0.0
2 293.0 2.0 64.0 62.0 7.0 0.0
3 1189.0 0.0 67.8 57.8 6.6 0.0
2 467.0 0.0 61.4 70.4 3.8 0.0
2 435.0 3.0 48.0 43.6 2.4 0.0
3 455.5 0.0 69.0 44.0 5.0 0.0
3 380.0 1.0 67.6 75.4 7.2 0.0
2 440.6 2.0 71.6 43.0 3.6 0.0
1 298.625 1.0 62.6 66.8 8.0 0.0
3 810.5 3.0 58.0 76.2 2.8 0.004
1 283.8 2.0 57.8 77.2 3.4 0.0
2 5414.0 2.0 60.2 78.4 3.2 0.004
2 457.0 0.0 57.2 70.6 8.0 0.0
2 288.75 1.0 68.0 68.0 9.0 0.0
1 4775.4 2.0 58.0 89.0 6.0 0.34
3 15814.6666667 2.0 58.4 70.0 2.8 0.0
1 272.428571429 1.0 62.0 68.4 8.0 0.0
3 323.666666667 1.0 68.2 68.8 8.0 0.0
2 3751.33333333 3.0 43.2 51.0 3.4 0.0
3 1981.0 0.0 59.2 77.0 6.4 0.008
3 350.0 2.0 53.4 63.6 3.2 0.0
3 501.666666667 0.0 75.4 35.6 5.2 0.0
1 344.0 1.0 69.8 71.2 6.6 0.0
1 273.428571429 0.0 55.4 72.6 2.8 0.0
1 310.777777778 0.0 62.4 62.8 4.4 0.0
1 2636.0 0.0 51.6 66.2 8.6 0.0
1 356.0 0.0 54.0 71.0 4.0 0.0
0 310.0 2.0 64.2 43.4 3.2 0.0
1 638.0 1.0 71.0 53.0 7.0 0.0
3 342.666666667 1.0 71.0 69.0 7.6 0.0
1 260.0 0.0 55.0 74.0 12.0 0.57
1 355.916666667 0.0 58.0 65.8 7.8 0.0
3 447.0 0.0 60.0 68.0 7.0 0.0
1 341.0 3.0 62.8 79.4 5.0 0.094
2 1714.0 0.0 65.2 58.0 5.2 0.0
1 397.727272727 0.0 56.0 84.6 5.2 0.0
3 313.0 3.0 59.8 81.2 3.0 0.028
1 243.5 2.0 57.8 36.0 6.0 0.0
3 440.0 1.0 66.0 69.6 6.8 0.0
3 303.0 3.0 60.4 82.8 6.4 0.028
2 468.0 0.0 53.0 69.0 5.0 0.0
2 8507.5 1.0 64.0 71.0 7.0 0.0
2 466.0 2.0 61.0 84.0 6.0 0.1
1 285.0 0.0 56.0 56.0 9.0 0.0
2 341.0 0.0 58.4 71.0 2.2 0.0
2 385.0 3.0 56.0 76.6 8.6 0.306
3 330.0 0.0 74.8 35.2 4.2 0.0
2 610.0 0.0 50.0 60.8 1.2 0.0
2 656.0 2.0 55.2 52.2 3.6 0.0
0 1101.0 1.0 62.2 65.6 6.4 0.0
2 391.25 0.0 57.6 67.8 5.2 0.0
0 1296.0 1.0 73.4 60.8 5.4 0.0
2 2911.2 0.0 58.8 72.6 8.6 0.0
1 314.25 2.0 69.2 70.4 5.0 0.0
3 402.0 2.0 64.8 71.0 7.6 0.0
3 431.0 0.0 63.0 57.2 7.8 0.0
0 2386.0 1.0 72.6 66.6 7.4 0.0
1 346.555555556 0.0 54.0 87.0 5.0 0.0
1 440.166666667 3.0 57.8 82.0 3.2 0.0
3 332.0 0.0 57.0 74.4 5.6 0.0
2 657.625 1.0 65.0 70.0 5.8 0.0
1 389.571428571 0.0 56.0 73.0 7.0 0.036
0 2714.0 1.0 65.2 65.6 9.8 0.0
3 257.0 0.0 50.0 60.8 1.2 0.0
1 398.5 0.0 55.0 64.0 5.0 0.0
1 355.857142857 2.0 64.8 71.0 7.6 0.0
2 315.0 2.0 65.0 63.0 5.0 0.0
1 2512.8 0.0 56.0 70.0 2.0 0.0
2 458.6 1.0 67.6 71.8 6.0 0.0
2 1428.85714286 0.0 62.4 66.2 5.8 0.0
1 47693.3333333 0.0 60.0 64.8 7.4 0.0
1 267.5 1.0 63.2 65.0 7.2 0.0
1 2465.0 2.0 66.8 70.6 6.2 0.0
3 282.0 1.0 68.0 66.8 7.8 0.0
1 13467.0 3.0 48.2 69.2 1.0 0.0
1 271.5 2.0 61.8 59.2 5.2 0.0
3 282.0 0.0 62.4 71.8 6.0 0.056
2 1393.66666667 2.0 57.0 75.2 5.8 0.01
1 3308.8 0.0 48.0 71.0 7.0 0.08
2 2508.0 0.0 58.6 75.4 4.8 0.0
2 1847.0 0.0 58.6 66.0 5.2 0.0
2 2177.6 0.0 58.4 65.8 3.2 0.0
1 2490.75 0.0 57.4 67.2 5.6 0.0
2 279.75 1.0 72.6 70.4 7.2 0.0
1 293.125 2.0 59.6 78.8 3.6 0.004
3 573.0 0.0 56.0 61.0 4.4 0.0
2 403.0 3.0 60.6 76.8 3.6 0.002
2 7581.0 2.0 55.2 75.8 7.8 0.002
1 313.142857143 0.0 62.0 62.4 11.0 0.0
2 292.0 0.0 56.6 71.0 8.2 0.01
2 39919.5 0.0 62.4 62.2 5.4 0.0
1 353.5 2.0 66.0 46.0 7.0 0.0
3 345.5 0.0 54.4 66.8 4.8 0.0
1 1923.5 2.0 70.0 66.0 0.0 0.0
1 897.0 1.0 73.4 60.8 5.4 0.0
1 287.2 0.0 61.0 77.0 22.0 0.91
2 419.857142857 1.0 70.4 48.2 6.0 0.0
1 263.875 3.0 50.0 66.6 8.4 0.0
2 479.0 1.0 70.6 67.2 7.0 0.0
2 1007.0 0.0 55.8 81.4 3.4 0.006
2 368.0 2.0 70.6 73.4 6.6 0.002
1 292.416666667 1.0 64.2 70.6 8.0 0.0
2 782.5 0.0 53.2 55.0 1.8 0.0
1 240.333333333 0.0 57.0 55.4 3.2 0.0
1 357.9 0.0 67.0 55.0 6.0 0.0
3 711.5 1.0 63.2 65.0 7.2 0.0
3 304.0 1.0 69.2 67.4 8.4 0.0
1 311.0 3.0 57.0 76.6 12.4 1.982
2 1768.0 0.0 57.0 57.0 13.0 0.0
3 473.0 0.0 57.2 70.6 8.0 0.0
2 279.666666667 0.0 60.6 79.8 5.0 0.0
3 442.0 0.0 57.4 60.6 4.4 0.0
3 255.0 0.0 59.8 57.8 6.2 0.0
1 261.857142857 2.0 62.8 51.0 3.2 0.0
1 268.3 2.0 61.0 56.0 4.0 0.11
1 249.666666667 2.0 60.0 72.0 8.0 0.0
0 370.0 0.0 63.0 66.2 7.2 0.0
3 270.0 2.0 57.8 77.2 3.4 0.0
3 464.0 0.0 52.8 67.2 3.2 0.0
1 428.0 1.0 68.0 70.0 7.8 0.0
0 307.0 0.0 64.0 68.6 5.0 0.0
1 277.2 2.0 74.6 41.8 3.4 0.0
2 253.0 1.0 67.8 73.0 7.2 0.0
3 734.0 2.0 59.6 78.8 3.6 0.004
2 1219.66666667 3.0 51.4 63.4 1.2 0.0
3 606.5 0.0 57.8 75.4 10.6 0.762
3 266.0 0.0 46.4 51.4 13.6 0.0
1 1625.0 3.0 50.4 82.2 1.8 0.004
3 506.0 2.0 69.8 67.6 6.6 0.0
1 226.0 3.0 51.4 61.8 1.2 0.0
1 286.888888889 0.0 53.0 83.0 2.6 0.0
1 2169.5 2.0 65.6 70.6 4.8 0.0
1 294.142857143 1.0 70.4 48.2 6.0 0.0
3 611.0 0.0 59.4 60.4 3.6 0.0
2 1709.0 2.0 57.6 66.8 2.0 0.0
1 634.0 0.0 67.8 57.8 6.6 0.0
1 263.5 0.0 51.0 60.8 1.8 0.0
2 442.0 1.0 69.4 72.2 6.4 0.0
1 267.5 2.0 54.8 53.8 4.8 0.0
1 280.5 2.0 63.0 79.6 6.4 0.0
1 315.2 0.0 63.0 63.6 7.6 0.0
1 2699.25 1.0 66.0 69.4 7.6 0.0
3 341.5 1.0 70.6 65.4 8.0 0.002
3 317.0 1.0 66.8 72.4 7.2 0.0
1 410.8 1.0 67.2 69.8 9.4 0.004
3 337.0 2.0 65.8 68.8 5.6 0.0
2 351.0 2.0 68.6 64.0 5.8 0.0
3 654.0 3.0 44.4 63.8 1.4 0.0
1 399.75 3.0 51.0 72.0 12.0 0.0
2 2495.0 0.0 49.0 75.8 8.0 0.22
0 221.0 2.0 62.0 64.2 3.4 0.0
0 933.0 2.0 59.0 50.6 1.2 0.0
3 301.0 0.0 61.4 70.4 3.8 0.0
3 1037.0 0.0 47.6 69.0 2.0 0.0
2 1020.0 0.0 65.4 49.4 6.4 0.0
2 496.75 1.0 75.2 63.0 6.4 0.0
1 3042.11111111 1.0 64.8 74.6 8.4 0.0
3 505.0 2.0 68.0 65.8 9.0 0.0
1 323.125 0.0 64.8 46.8 8.4 0.0
3 256.5 0.0 63.0 68.0 5.0 0.0
3 323.0 2.0 57.0 75.0 1.0 0.0
2 2709.5 2.0 65.8 55.4 5.0 0.0
3 1067.0 2.0 71.8 53.2 3.8 0.0
1 643.0 1.0 65.6 71.4 9.4 0.0
1 242.0 2.0 61.0 84.6 6.6 0.088
2 3532.66666667 2.0 66.2 73.6 6.2 0.0
2 4433.5 2.0 56.2 61.6 3.8 0.002
2 245.0 3.0 48.8 71.8 3.8 0.0
1 314.625 0.0 60.2 65.0 8.6 0.0
3 1068.33333333 1.0 67.4 68.4 8.6 0.0
3 304.0 0.0 59.4 69.8 10.0 0.054
3 407.0 1.0 66.4 74.8 8.0 0.0
3 626.2 1.0 62.4 67.4 8.0 0.0
2 264.0 0.0 55.8 76.6 2.2 0.0
1 273.142857143 1.0 68.2 68.8 8.0 0.0
3 327.5 1.0 71.2 70.2 9.0 0.0
1 308.0 0.0 58.0 78.2 4.4 0.0
3 280.0 1.0 72.0 68.0 2.0 0.0
1 1275.125 0.0 61.0 65.2 7.0 0.002
3 276.0 0.0 58.8 75.6 6.4 0.004
3 394.5 2.0 64.8 78.0 6.2 0.0
3 434.0 0.0 55.6 81.2 3.2 0.0
1 335.5 0.0 47.0 70.0 4.2 0.0
1 442.6 2.0 63.0 72.0 22.0 0.0
1 1098.85714286 2.0 70.0 51.0 6.0 0.0
2 430.857142857 0.0 64.8 68.8 7.6 0.0
2 251.5 0.0 60.4 60.0 12.8 0.0
1 469.666666667 0.0 54.6 60.6 3.4 0.0
1 1905.66666667 1.0 65.6 57.4 6.6 0.0
3 330.0 2.0 71.6 43.0 3.6 0.0
1 246.0 0.0 58.4 81.6 3.2 0.0
2 3191.0 2.0 66.8 70.0 6.8 0.0
1 275.0 0.0 47.4 70.4 4.6 0.022
3 486.666666667 0.0 63.0 66.2 7.2 0.0
2 295.0 0.0 60.0 45.0 7.8 0.0
1 305.5 2.0 65.8 68.8 5.6 0.0
2 697.0 1.0 69.6 66.0 7.0 0.0
2 530.0 2.0 62.0 64.0 4.0 0.0
1 4769.33333333 2.0 60.8 58.6 3.2 0.0
3 200.0 1.0 68.4 75.0 6.2 0.0
2 4460.0 0.0 58.4 68.8 5.0 0.0
3 380.5 2.0 63.0 79.6 6.4 0.0
0 248.0 2.0 54.8 53.8 4.8 0.0
1 401.0 1.0 68.0 74.0 14.0 0.0
1 289.888888889 0.0 59.4 64.2 8.6 0.0
3 948.0 2.0 61.0 84.6 6.6 0.088
2 466.5 0.0 51.0 78.0 5.0 0.45
2 407.0 2.0 62.8 64.0 3.0 0.0
1 296.888888889 1.0 66.8 72.4 7.2 0.0
2 52612.75 1.0 63.6 62.8 9.0 0.0
2 780.666666667 1.0 69.0 68.6 8.0 0.0
2 490.4 1.0 74.2 60.2 6.0 0.0
3 346.0 1.0 73.0 65.0 7.0 0.0
3 370.0 2.0 65.0 64.6 9.6 0.0
3 370.0 0.0 61.6 64.8 8.2 0.004
2 1061.0 2.0 66.0 73.0 3.0 0.0
1 281.75 2.0 66.0 77.0 4.0 0.0
2 437.857142857 0.0 63.0 57.2 7.8 0.0
3 241.0 0.0 58.2 71.2 8.6 0.0
1 296.0 2.0 54.0 75.0 1.0 0.0
1 305.0 1.0 74.2 60.2 6.0 0.0
1 259.0 0.0 54.0 84.4 3.6 0.0
2 492.5 2.0 61.2 59.0 3.6 0.032
1 945.0 1.0 68.0 69.8 7.2 0.0
2 6549.0 0.0 58.2 71.2 8.6 0.0
1 374.0 2.0 65.8 70.4 7.4 0.0
1 9247.81818182 0.0 54.6 80.0 2.4 0.0
1 313.142857143 0.0 54.6 52.0 3.4 0.0
2 256.0 0.0 67.8 60.8 6.6 0.0
1 18429.0 2.0 64.0 48.0 1.0 0.0
1 269.857142857 2.0 61.0 80.0 8.0 0.32
1 594.0 0.0 63.0 68.0 4.8 0.0
2 502.666666667 0.0 53.8 76.8 3.4 0.0
2 385.666666667 1.0 67.6 66.8 6.2 0.0
1 280.333333333 0.0 60.8 68.2 6.8 0.0
0 255.0 2.0 53.8 70.8 1.2 0.0
1 268.5 0.0 58.2 62.0 6.8 0.0
2 298.333333333 0.0 53.2 52.8 2.0 0.0
1 755.0 0.0 48.0 41.0 7.0 0.0
3 257.0 0.0 56.0 65.0 7.0 0.21
3 304.0 0.0 64.6 67.0 8.2 0.0
1 351.285714286 0.0 58.0 80.0 8.0 0.01
3 456.0 3.0 50.2 54.2 8.2 0.0
2 361.0 2.0 70.0 57.0 5.0 0.0
1 252.0 2.0 65.8 66.2 4.6 0.0
2 414.0 2.0 65.4 70.0 6.8 0.0
3 8877.16666667 1.0 62.0 68.4 8.0 0.0
0 480.0 0.0 58.4 81.6 3.2 0.0
1 291.5 0.0 53.0 76.6 5.0 0.004
1 9513.6 0.0 68.6 59.6 3.6 0.0
3 400.0 0.0 53.4 85.8 3.0 0.0
2 786.0 0.0 61.4 72.8 6.2 0.0
2 369.0 2.0 57.8 36.0 6.0 0.0
1 1739.14285714 0.0 52.8 70.2 6.6 0.008
1 278.0 0.0 62.0 64.0 16.0 0.0
3 310.0 2.0 65.0 73.0 11.0 0.0
3 2248.0 2.0 67.2 71.2 7.2 0.0
2 357.0 2.0 59.0 69.0 3.0 0.0
3 319.0 0.0 47.0 70.0 4.2 0.0
1 279.333333333 1.0 68.6 70.2 8.2 0.0
0 679.0 0.0 57.2 59.0 3.4 0.0
2 494.5 2.0 62.8 50.8 6.4 0.0
1 292.444444444 0.0 59.6 70.2 7.8 0.004
2 433.5 1.0 72.0 71.0 5.0 0.0
2 22037.0 0.0 61.0 73.2 6.0 0.04
1 290.571428571 0.0 51.2 61.6 0.8 0.0
2 369.333333333 0.0 52.4 69.2 1.2 0.0
3 228.0 2.0 62.0 61.6 2.2 0.0
3 264.5 0.0 54.6 80.0 2.4 0.0
3 540.0 0.0 58.2 65.2 4.4 0.0
1 296.285714286 2.0 70.0 62.0 7.0 0.0
2 1972.0 0.0 62.0 62.2 5.6 0.0
1 276.0 2.0 64.2 43.4 3.2 0.0
2 447.25 1.0 67.2 67.6 9.0 0.0
3 226.0 1.0 65.0 66.4 6.6 0.0
3 708.0 0.0 56.8 47.4 11.6 0.0
2 271.0 0.0 63.0 69.0 5.0 0.0
3 579.0 0.0 53.4 70.4 7.4 0.0
3 449.0 1.0 72.4 64.6 6.6 0.0
2 699.25 2.0 63.6 79.6 5.0 0.0
1 2893.0 2.0 53.0 69.2 1.0 0.0
2 1402.25 2.0 62.0 60.2 11.8 0.0
2 594.5 2.0 62.6 64.8 4.4 0.0
2 1750.0 2.0 67.6 72.2 7.0 0.0
1 314.0 3.0 55.0 78.2 7.2 0.024
2 433.6 0.0 58.0 68.4 9.0 0.0
2 3303.0 2.0 65.6 74.6 4.4 0.0
1 567.0 1.0 70.0 73.2 9.0 0.0
1 1857.875 0.0 59.0 87.0 8.0 0.0
1 1148.0 2.0 61.8 73.6 1.4 0.0
3 315.0 0.0 70.0 55.0 6.0 0.0
2 509.0 0.0 52.8 62.6 2.4 0.0
1 323.2 1.0 68.0 73.0 11.0 0.0
2 1469.0 1.0 68.0 69.8 7.2 0.0
1 713.0 0.0 59.0 76.6 7.0 0.0
2 602.0 0.0 57.0 74.4 5.6 0.0
2 2883.0 0.0 57.8 67.0 3.6 0.0
1 445.5 0.0 57.4 75.6 7.0 0.014
3 316.0 2.0 63.0 66.0 3.0 0.0
3 263.0 0.0 62.8 65.8 9.0 0.0
1 274.285714286 2.0 64.8 78.0 6.2 0.0
1 2328.55555556 1.0 69.0 69.0 9.0 0.0
2 505.5 2.0 61.0 64.0 2.0 0.0
2 379.25 2.0 60.8 58.6 3.2 0.0
3 489.0 1.0 67.6 66.8 6.2 0.0
3 250.0 0.0 69.4 63.8 5.0 0.0
1 286.375 0.0 51.2 78.0 9.0 0.302
1 306.1 0.0 60.0 67.0 9.0 0.0
2 417.5 0.0 51.8 77.6 1.6 0.0
2 756.0 0.0 52.4 60.8 2.2 0.0
2 711.333333333 0.0 59.8 69.0 9.0 0.0
3 480.0 2.0 65.4 46.8 3.6 0.0
1 3718.66666667 0.0 64.0 68.6 5.0 0.0
1 547.25 0.0 51.0 72.0 3.0 0.0
0 1003.0 2.0 67.2 71.2 7.2 0.0
1 249.75 0.0 52.0 72.0 13.0 0.69
2 961.6 1.0 69.8 67.8 7.6 0.0
3 414.0 0.0 58.6 57.6 3.4 0.0
2 755.0 0.0 53.8 84.8 3.0 0.0
1 380.9 2.0 60.2 70.2 6.8 0.042
1 24005.0 2.0 68.4 65.0 4.8 0.0
1 280.0 0.0 60.0 63.0 7.0 0.0
2 2800.0 0.0 65.6 60.0 4.0 0.0
0 280.0 2.0 66.4 71.8 6.0 0.0
1 4253.57142857 3.0 54.0 54.0 2.0 0.0
3 621.0 2.0 57.8 61.4 2.4 0.0
1 368.666666667 1.0 66.4 65.0 9.0 0.0
2 611.0 0.0 62.4 55.4 5.8 0.0
1 323.8 1.0 70.8 58.2 8.2 0.0
1 6298.0 0.0 65.0 65.0 8.0 0.0
1 252.0 2.0 58.4 78.2 3.8 0.0
3 571.666666667 0.0 60.4 62.0 10.8 0.0
1 725.0 0.0 59.4 60.4 3.6 0.0
1 896.0 0.0 60.8 72.8 5.4 0.0
0 262.0 0.0 50.0 60.8 1.2 0.0
1 7059.0 0.0 57.6 55.8 14.2 0.0
1 332.333333333 0.0 61.4 73.0 8.2 0.0
3 371.0 2.0 62.8 61.0 6.2 0.0
0 414.0 1.0 67.8 73.0 7.2 0.0
2 912.0 0.0 60.4 70.4 2.0 0.0
2 809.0 2.0 68.0 63.0 1.0 0.0
1 3418.0 0.0 59.0 60.0 9.0 0.0
2 390.0 0.0 56.0 79.0 2.0 0.0
2 2428.2 0.0 49.2 58.0 1.6 0.0
2 1829.5 2.0 58.4 70.0 2.8 0.0
3 4597.5 0.0 60.8 74.8 3.2 0.0
1 279.333333333 0.0 52.0 74.2 2.6 0.0
3 255.0 2.0 52.0 55.0 2.0 0.0
1 388.333333333 0.0 66.0 61.0 8.0 0.0
1 255.6 2.0 51.6 69.0 1.4 0.0
2 343.5 2.0 70.6 65.6 4.4 0.0
0 231.0 2.0 54.8 63.2 2.4 0.0
2 320.0 0.0 56.0 65.0 7.0 0.21
2 460.4 0.0 53.8 57.8 9.0 0.0
3 320.0 0.0 59.6 70.2 7.8 0.004
2 309.666666667 2.0 56.0 72.0 1.0 0.0
3 248.5 2.0 62.0 65.0 4.0 0.0
3 337.0 0.0 58.0 78.2 4.4 0.0
1 603.0 2.0 68.6 68.8 5.8 0.0
2 3539.5 0.0 60.0 69.2 13.0 0.0
1 4032.5 2.0 70.0 69.0 4.0 0.0
1 508.666666667 0.0 59.0 55.0 2.0 0.0
3 493.0 2.0 65.4 76.0 6.2 0.32
3 312.0 3.0 50.0 66.6 8.4 0.0
2 562.666666667 3.0 60.8 84.2 10.8 0.93
3 1203.66666667 0.0 59.6 71.6 7.0 0.0
3 514.0 3.0 60.0 83.4 4.4 0.018
1 364.571428571 2.0 64.8 64.6 2.4 0.0
1 267.0 0.0 57.0 74.4 5.6 0.0
1 232.5 0.0 60.2 76.8 6.4 0.0
1 5283.14285714 2.0 65.4 76.0 6.2 0.32
3 348.666666667 1.0 62.6 66.8 8.0 0.0
2 1634.0 0.0 56.0 55.0 5.0 0.0
3 1285.5 0.0 60.0 45.0 7.8 0.0
1 385.0 1.0 66.2 71.4 8.4 0.0
2 540.666666667 0.0 66.4 59.8 4.0 0.0
2 319.666666667 0.0 58.2 73.4 1.8 0.0
1 292.8 1.0 66.4 74.8 8.0 0.0
2 286.0 0.0 54.4 61.8 10.2 0.0
3 283.0 3.0 41.0 60.2 1.2 0.0
2 529.75 0.0 59.6 66.8 6.2 0.0
3 302.0 1.0 68.0 71.2 8.4 0.0
1 2143.0 2.0 62.0 61.6 2.2 0.0
1 366.0 0.0 57.0 82.0 6.0 0.0
1 294.0 0.0 56.0 65.6 5.8 0.014
3 257.0 0.0 62.0 62.4 11.0 0.0
2 405.8 1.0 67.4 68.4 8.6 0.0
1 272.0 2.0 63.0 57.0 4.0 0.0
1 314.375 0.0 60.8 74.8 3.2 0.0
2 513.4 0.0 60.8 68.2 6.8 0.0
2 323.5 0.0 55.6 80.4 5.4 0.082
1 270.222222222 1.0 67.6 66.8 6.2 0.0
1 266.333333333 2.0 67.0 72.0 9.0 0.0
1 268.4 2.0 52.2 73.6 3.2 0.0
3 274.0 1.0 65.0 68.0 7.0 0.0
2 590.666666667 0.0 55.2 68.0 6.0 0.048
2 276.75 2.0 53.0 69.0 2.0 0.0
2 459.5 0.0 60.0 64.8 7.4 0.0
2 639.0 2.0 63.0 70.0 5.0 0.01
1 298.875 0.0 56.0 61.0 4.4 0.0
1 397.0 2.0 58.6 78.4 4.2 0.0
3 571.0 2.0 68.2 75.2 5.8 0.0
1 373.0 0.0 64.0 65.0 5.0 0.0
1 2870.0 2.0 54.6 59.4 5.2 0.0
2 510.0 0.0 58.6 71.0 8.6 0.0
2 911.5 2.0 68.8 64.2 7.2 0.342
2 420.909090909 1.0 71.2 70.2 9.0 0.0
1 278.0 1.0 70.0 64.0 10.0 0.01
2 1389.0 0.0 55.4 89.2 2.6 0.0
1 7806.25 2.0 59.0 69.0 9.0 0.0
3 489.0 2.0 69.6 68.8 4.8 0.0
1 374.5 0.0 57.2 59.0 3.4 0.0
2 501.5 0.0 57.0 59.8 6.2 0.0
1 274.0 2.0 57.0 73.0 4.4 0.0
2 64316.0 1.0 65.0 66.4 6.6 0.0
3 568.333333333 2.0 57.0 75.2 5.8 0.01
2 5243.0 2.0 60.6 63.0 4.2 0.0
1 292.857142857 2.0 68.8 66.6 6.8 0.0
3 11979.0 0.0 56.0 65.6 5.8 0.014
2 264.0 0.0 65.0 72.0 7.0 0.0
1 268.333333333 3.0 53.0 52.0 12.0 0.0
2 552.0 0.0 50.0 75.2 4.8 0.0
3 912.0 1.0 70.6 60.2 6.2 0.0
2 297.0 3.0 43.6 65.4 5.4 0.122
2 429.0 0.0 55.2 73.8 2.0 0.0
3 260.0 2.0 58.6 73.2 3.4 0.0
2 533.666666667 0.0 60.4 62.0 10.8 0.0
1 474.0 2.0 68.0 68.0 9.0 0.0
3 310.0 0.0 54.0 49.0 6.0 0.0
2 309.666666667 2.0 56.2 82.2 4.8 0.0
3 259.0 2.0 65.4 70.0 6.8 0.0
2 461.0 0.0 63.0 65.0 8.0 0.0
1 350.857142857 0.0 52.8 71.0 4.4 0.0
1 5250.0 1.0 67.8 68.8 6.8 0.0
1 305.857142857 0.0 60.0 69.2 13.0 0.0
2 724.0 2.0 59.2 62.4 4.2 0.0
1 941.857142857 0.0 60.2 60.0 5.4 0.0
2 456.25 0.0 58.8 61.6 12.2 0.016
2 369.5 0.0 56.2 80.4 3.6 0.0
3 830.0 2.0 68.8 64.2 7.2 0.342
3 267.0 0.0 52.8 70.2 6.6 0.008
2 447.6 2.0 68.0 34.0 3.0 0.0
1 475.6 0.0 50.8 69.2 1.4 0.0
2 283.5 2.0 69.8 54.2 4.2 0.0
2 14409.0 0.0 63.2 62.2 5.6 0.0
2 1670.0 0.0 52.8 67.2 3.2 0.0
3 400.0 2.0 65.8 55.4 5.0 0.0
3 1225.0 0.0 54.4 61.8 10.2 0.0
1 237.0 0.0 56.0 71.0 8.0 0.32
1 252.0 2.0 64.0 75.0 4.0 0.01
2 550.0 0.0 41.8 64.6 2.0 0.0
1 287.285714286 0.0 59.2 68.6 8.2 0.02
3 297.0 0.0 58.4 65.8 3.2 0.0
3 466.333333333 0.0 55.2 68.0 6.0 0.048
1 295.5 2.0 62.0 46.6 8.4 0.0
3 20067.25 0.0 67.8 60.8 6.6 0.0
3 558.0 2.0 55.2 76.6 2.6 0.0
3 234.0 3.0 46.2 70.8 2.2 0.0
2 438.0 0.0 60.2 60.6 9.2 0.0
1 256.8 1.0 77.2 53.0 6.0 0.0
0 223.0 2.0 53.0 69.2 1.0 0.0
2 303.333333333 3.0 38.0 52.0 1.0 0.0
3 324.0 1.0 68.6 70.2 8.2 0.0
3 265.0 0.0 51.8 84.6 2.0 0.004
3 534.666666667 2.0 69.2 70.4 6.8 0.0
2 4142.5 2.0 59.8 70.0 3.0 0.0
2 1930.16666667 1.0 70.0 73.0 5.0 0.0
2 426.5 0.0 67.0 49.6 6.0 0.0
2 291.5 0.0 50.4 78.8 2.6 0.0
3 32020.6666667 2.0 65.6 75.0 8.0 0.0
2 2061.0 0.0 48.8 60.2 4.6 0.0
2 495.5 0.0 67.0 50.0 5.0 0.0
2 396.0 2.0 63.2 68.8 8.8 0.0
1 281.285714286 0.0 57.0 63.0 12.0 0.0
2 727.0 2.0 59.8 85.6 5.8 0.194
3 241.0 1.0 64.0 53.4 7.2 0.0
3 2245.0 1.0 69.6 56.8 6.8 0.0
2 393.8 0.0 60.0 63.0 8.0 0.0
2 330.666666667 0.0 53.0 69.0 4.0 0.0
2 349.0 3.0 50.4 66.2 1.4 0.0
1 553.5 0.0 52.2 52.8 1.8 0.0
3 330.0 0.0 59.4 47.4 4.0 0.0
1 858.0 1.0 68.0 70.8 7.4 0.0
1 419.666666667 2.0 60.4 62.6 4.4 0.0
3 418.5 0.0 57.0 59.8 6.2 0.0
2 1626.2 0.0 56.8 54.4 1.8 0.0
2 4066.5 2.0 71.0 57.0 0.0 0.0
2 523.5 2.0 67.4 74.0 6.8 0.0
3 283.5 0.0 58.4 81.4 4.2 0.0
2 2032.33333333 0.0 60.4 55.0 10.6 0.0
1 335.625 0.0 64.8 68.8 7.6 0.0
1 283.75 0.0 60.0 74.0 9.6 0.0
2 1286.0 2.0 58.4 78.2 3.8 0.0
3 371.5 1.0 71.4 69.4 5.8 0.0
1 264.5 2.0 60.6 68.2 3.8 0.0
1 1875.0 2.0 61.4 68.4 4.2 0.0
1 284.5 3.0 56.0 84.0 3.0 0.0
1 274.2 0.0 69.4 45.4 3.8 0.0
2 3515.0 0.0 62.0 60.0 3.0 0.0
2 3551.0 1.0 68.4 65.0 6.0 0.0
1 346.0 0.0 52.4 60.8 2.2 0.0
1 292.333333333 0.0 62.0 66.0 8.0 0.0
2 382.333333333 0.0 56.0 53.4 8.0 0.0
1 357.625 0.0 65.0 68.0 5.0 0.0
2 457.666666667 0.0 61.4 55.0 10.0 0.0
2 387.833333333 1.0 68.6 58.8 7.0 0.0
2 352.2 0.0 61.0 56.4 6.0 0.0
1 424.666666667 0.0 61.0 44.0 3.0 0.0
0 492.0 0.0 65.6 60.0 4.0 0.0
2 500.0 0.0 76.0 34.0 4.0 0.0
1 9907.0 2.0 52.2 67.0 2.0 0.0
0 292.0 0.0 53.4 81.8 4.6 0.004
1 354.5 0.0 66.4 57.6 5.6 0.0
1 265.4 0.0 54.0 69.0 8.0 0.0
1 388.0 2.0 71.6 65.2 6.4 0.0
3 501.0 0.0 57.0 48.0 7.0 0.0
3 240.0 0.0 59.6 71.2 8.4 0.0
1 258.6 0.0 53.4 81.8 4.6 0.004
1 288.333333333 2.0 63.0 60.2 6.4 0.0
0 270.0 2.0 62.8 61.0 6.2 0.0
1 3309.0 3.0 58.0 83.0 2.2 0.004
2 471.8 0.0 63.0 60.4 4.2 0.0
1 359.0 1.0 68.8 70.2 7.2 0.0
1 307.6 0.0 64.6 67.0 8.2 0.0
1 238.25 2.0 56.2 69.6 4.2 0.0
1 307.75 0.0 61.6 42.8 10.6 0.0
2 430.25 1.0 63.2 70.4 9.6 0.0
1 276.333333333 0.0 61.8 48.6 4.6 0.0
2 7751.5 2.0 60.0 73.6 3.2 0.0
3 337.0 0.0 66.6 64.0 3.6 0.0
1 1914.0 0.0 58.8 65.8 6.2 0.006
2 397.5 2.0 60.0 60.0 2.0 0.0
0 258.0 2.0 58.4 70.0 2.8 0.0
3 254.0 0.0 53.0 83.0 2.6 0.0
1 17178.0 1.0 68.6 66.4 7.4 0.0
1 290.4 1.0 68.6 70.4 7.0 0.0
2 585.75 0.0 47.6 69.0 2.0 0.0
2 1078.5 2.0 68.0 46.0 9.0 0.0
1 524.75 0.0 65.4 31.2 10.6 0.0
2 1548.5 0.0 58.8 65.8 6.2 0.006
2 301.333333333 0.0 57.8 47.8 6.8 0.0
3 430.0 2.0 69.2 53.0 4.8 0.0
0 2814.0 2.0 62.0 62.0 2.0 0.0
3 212.0 1.0 69.8 71.2 6.6 0.0
0 246.0 0.0 65.4 31.2 10.6 0.0
2 309.666666667 3.0 55.8 80.6 9.4 0.114
3 563.0 0.0 61.0 73.2 6.0 0.04
2 607.5 0.0 60.0 68.0 7.0 0.0
1 5436.5 1.0 65.0 66.4 6.6 0.0
2 757.5 1.0 68.8 70.2 7.2 0.0
2 632.333333333 0.0 57.6 55.8 14.2 0.0
3 300.0 1.0 69.0 73.0 6.8 0.0
2 400.6 2.0 55.0 72.0 2.0 0.0
1 256.833333333 2.0 55.6 64.6 6.4 0.002
1 746.0 3.0 54.6 69.6 2.0 0.0
1 333.125 1.0 68.0 66.0 7.4 0.0
1 4326.2 2.0 58.8 46.6 3.0 0.0
1 9370.57142857 0.0 65.6 60.0 4.0 0.0
1 279.571428571 1.0 61.2 63.2 9.4 0.0
1 444.111111111 0.0 72.8 36.6 5.0 0.0
2 427.0 2.0 60.0 62.0 2.0 0.0
0 211.0 0.0 61.6 42.8 10.6 0.0
3 410.0 2.0 66.0 67.0 7.0 0.0
3 640.0 3.0 52.8 78.2 5.0 0.0
1 431.3 0.0 59.6 71.2 8.4 0.0
3 1129.0 0.0 60.0 66.4 7.4 0.0
2 514.0 0.0 57.6 83.4 3.0 0.0
2 651.666666667 1.0 69.0 73.0 6.8 0.0
2 671.0 0.0 56.0 73.0 7.0 0.036
1 299.6 2.0 69.6 68.4 7.0 0.0
2 4335.25 1.0 69.0 71.2 7.6 0.0
1 10380.8571429 0.0 59.8 65.2 3.4 0.0
3 203.0 2.0 51.6 69.0 1.4 0.0
3 347.5 0.0 66.4 59.8 4.0 0.0
1 337.333333333 0.0 74.8 35.2 4.2 0.0
3 387.0 0.0 58.2 62.0 6.8 0.0
2 328.0 0.0 60.8 74.8 3.2 0.0
1 369.444444444 0.0 56.8 47.4 11.6 0.0
1 448.5 2.0 68.6 71.2 7.2 0.0
2 1572.8 0.0 56.0 65.6 5.8 0.014
3 352.0 2.0 67.4 74.0 6.8 0.0
3 410.0 2.0 68.8 66.6 6.8 0.0
1 270.0 0.0 56.6 46.2 3.6 0.0
1 318.444444444 0.0 62.2 60.0 5.8 0.0
3 782.0 1.0 69.6 66.0 7.0 0.0
1 1021.5 2.0 68.0 70.0 4.0 0.0
2 1580.0 0.0 52.2 52.8 1.8 0.0
1 258.0 2.0 57.0 66.0 7.0 0.0
3 777.0 1.0 66.0 69.4 7.6 0.0
2 751.333333333 0.0 59.8 67.2 8.2 0.0
2 987.5 0.0 52.8 65.8 4.4 0.0
3 443.0 1.0 70.6 67.2 7.0 0.0
2 590.5 0.0 53.6 70.2 3.0 0.0
3 364.5 0.0 60.4 60.0 12.8 0.0
2 248.0 2.0 60.0 52.0 4.0 0.0
2 373.0 0.0 54.0 69.0 10.0 0.0
1 276.8 2.0 72.2 70.0 7.6 0.0
1 255.625 0.0 55.0 65.0 8.0 0.01
2 552.75 0.0 58.4 58.2 8.2 0.0
2 356.0 3.0 44.4 59.4 1.4 0.0
3 387.0 2.0 60.0 54.0 3.0 0.0
3 293.0 0.0 52.0 68.2 4.6 0.02
3 521.0 2.0 66.8 70.0 6.8 0.0
1 256.428571429 0.0 54.6 71.4 10.2 0.23
1 1335.0 1.0 67.2 69.0 6.2 0.0
2 286.0 3.0 55.0 78.2 7.2 0.024
2 441.666666667 0.0 61.8 48.6 4.6 0.0
2 297.666666667 1.0 72.4 64.6 6.6 0.0
2 552.333333333 0.0 51.8 84.6 2.0 0.004
1 247.0 2.0 57.0 73.0 9.0 0.0
2 314.25 2.0 55.6 64.6 6.4 0.002
3 330.0 0.0 60.8 67.4 6.6 0.0
2 348.0 2.0 56.4 79.2 4.6 0.208
2 1244.4 1.0 68.6 70.2 8.2 0.0
1 244.666666667 0.0 59.6 66.8 6.2 0.0
1 242.666666667 2.0 55.8 67.0 1.8 0.0
2 252.0 1.0 67.8 68.8 6.8 0.0
2 1661.0 0.0 63.2 62.4 6.4 0.0
2 22111.6666667 2.0 63.0 60.2 6.4 0.0
1 287.5 0.0 53.8 57.8 9.0 0.0
0 213.0 3.0 43.6 65.4 5.4 0.122
1 389.666666667 0.0 67.8 42.8 4.8 0.0
3 267.0 0.0 58.2 73.4 1.8 0.0
2 2802.4 2.0 75.0 62.0 7.0 0.0
2 338.0 2.0 68.6 67.2 7.8 0.0
3 327.5 1.0 67.2 69.8 9.4 0.004
3 353.5 2.0 68.6 68.8 5.8 0.0
1 275.0 0.0 59.4 69.8 10.0 0.054
1 197.0 0.0 49.2 58.0 1.6 0.0
1 405.2 0.0 60.0 61.0 8.0 0.0
1 310.25 1.0 68.6 58.8 7.0 0.0
3 39559.0 2.0 62.0 62.0 2.0 0.0
2 513.333333333 2.0 53.8 70.8 1.2 0.0
3 278.5 2.0 52.2 73.6 3.2 0.0
3 286.0 0.0 61.8 48.6 4.6 0.0
3 223.0 0.0 67.2 36.4 7.4 0.0
2 386.5 0.0 58.0 52.0 2.0 0.0
3 472.0 0.0 62.0 63.0 5.0 0.0
2 512.333333333 0.0 60.2 60.0 5.4 0.0
1 412.666666667 3.0 53.0 80.4 6.0 0.104
1 362.3 2.0 62.6 74.2 6.0 0.006
3 427.0 0.0 55.8 76.6 2.2 0.0
1 343.0 0.0 54.4 66.8 4.8 0.0
2 270.5 2.0 60.6 68.2 3.8 0.0
2 720.166666667 1.0 61.4 66.2 8.8 0.0
2 487.4 0.0 60.0 74.0 9.6 0.0
2 285.75 0.0 54.0 68.6 5.8 0.0
2 498.5 1.0 69.0 68.0 9.0 0.0
1 263.0 0.0 61.4 72.8 6.2 0.0
3 309.0 0.0 61.0 65.2 7.0 0.002
3 418.0 1.0 68.8 70.2 7.2 0.0
1 13025.3333333 1.0 69.0 71.2 7.6 0.0
1 374.4 0.0 58.8 75.6 6.4 0.004
3 417.0 0.0 59.0 76.6 7.0 0.0
1 411.7 1.0 66.0 71.0 9.0 0.0
2 1596.5 0.0 49.0 89.0 1.0 0.0
1 318.0 0.0 58.2 65.2 4.4 0.0
3 305.0 2.0 69.0 32.0 6.6 0.0
2 724.0 1.0 73.0 68.8 5.6 0.0
3 452.0 0.0 53.0 64.2 7.4 0.028
2 760.25 0.0 20.0 60.0 6.0 0.0
0 23270.0 0.0 57.4 67.2 5.6 0.0
2 299.5 0.0 56.6 46.2 3.6 0.0
1 522.5 2.0 71.4 67.6 4.6 0.0
2 289.0 2.0 67.0 71.0 2.0 0.0
3 372.0 2.0 68.6 73.6 6.2 0.0
2 759.0 1.0 66.0 69.4 7.6 0.0
3 490.0 0.0 59.2 62.2 6.2 0.0
1 276.125 0.0 60.8 67.4 6.6 0.0
3 554.0 0.0 42.8 69.4 2.0 0.0
3 327.0 2.0 62.6 74.2 6.0 0.006
2 1347.0 2.0 54.0 69.2 6.0 0.0
2 998.6 1.0 65.8 72.0 9.0 0.0
3 630.5 1.0 67.2 67.6 9.0 0.0
3 490.25 0.0 61.0 75.0 4.0 0.0
2 266.5 2.0 59.0 50.6 1.2 0.0
2 597.25 1.0 77.2 53.0 6.0 0.0
3 463.0 2.0 69.8 54.2 4.2 0.0
2 358.0 2.0 68.6 56.8 5.0 0.0
0 264.0 2.0 69.2 53.0 4.8 0.0
2 712.0 0.0 58.8 75.6 6.4 0.004
2 421.0 2.0 62.6 74.2 6.0 0.006
0 240.0 0.0 56.4 45.6 2.4 0.0
1 6458.0 2.0 60.0 65.0 1.0 0.0
2 493.2 0.0 72.8 36.6 5.0 0.0
3 1224.0 0.0 61.8 67.6 10.8 0.0
1 296.1 0.0 58.0 68.4 9.0 0.0
1 357.444444444 0.0 56.2 47.0 1.8 0.0
1 381.5 0.0 63.2 62.4 6.4 0.0
1 95.0 3.0 47.4 65.4 1.0 0.0
1 260.714285714 1.0 63.2 70.4 9.6 0.0
3 320.8 0.0 60.2 65.0 8.6 0.0
1 330.714285714 2.0 69.8 54.2 4.2 0.0
1 816.0 0.0 59.4 67.6 8.2 0.0
2 15091.5 3.0 54.6 69.6 2.0 0.0
2 493.0 0.0 64.6 67.0 8.2 0.0
1 286.375 0.0 59.8 57.8 6.2 0.0
3 667.0 2.0 62.0 60.2 11.8 0.0
2 548.0 0.0 59.4 67.6 8.2 0.0
1 288.5 1.0 68.4 75.0 6.2 0.0
3 288.0 0.0 52.6 66.8 2.6 0.0
1 305.111111111 1.0 65.0 70.0 5.8 0.0
1 353.916666667 2.0 70.6 65.6 4.4 0.0
2 472.0 0.0 57.4 75.6 7.0 0.014
1 266.0 0.0 54.0 69.0 10.0 0.0
2 433.5 2.0 53.4 63.6 3.2 0.0
3 445.0 1.0 71.0 68.0 6.2 0.0
1 4789.22222222 0.0 59.8 67.2 8.2 0.0
2 286.0 0.0 53.6 82.6 3.0 0.0
1 628.5 2.0 68.4 73.0 8.4 0.0
2 751.5 2.0 56.0 69.6 4.0 0.0
3 458.0 1.0 72.6 70.4 7.2 0.0
3 258.333333333 0.0 57.0 63.0 12.0 0.0
2 270.333333333 0.0 50.8 69.2 1.4 0.0
2 525.666666667 2.0 62.8 51.0 3.2 0.0
3 294.0 0.0 62.2 60.0 5.8 0.0
1 295.333333333 2.0 56.0 80.2 3.0 0.002
3 484.0 0.0 56.0 84.6 5.2 0.0
1 280.9 1.0 72.4 64.6 6.6 0.0
2 590.333333333 0.0 60.0 75.0 8.0 0.0
3 1680.0 0.0 58.4 68.8 5.0 0.0
1 238.333333333 2.0 67.2 73.2 5.6 0.0
3 797.0 0.0 62.2 64.0 11.6 0.0
3 354.5 1.0 64.0 71.0 7.0 0.0
2 6869.0 1.0 68.0 70.8 7.4 0.0
3 310.5 3.0 58.8 83.0 2.8 0.0
1 307.8 0.0 56.0 71.0 9.0 0.0
1 373.714285714 0.0 53.6 46.8 4.2 0.0
1 275.75 0.0 54.6 34.4 9.4 0.0
3 298.0 2.0 57.4 81.8 4.0 0.0
2 734.8 0.0 61.6 64.8 8.2 0.004
2 250.333333333 0.0 69.4 45.4 3.8 0.0
2 2250.33333333 0.0 58.0 66.0 6.0 0.0
3 1050.0 0.0 61.4 55.0 10.0 0.0
2 1456.0 0.0 52.8 70.0 1.8 0.0
3 516.333333333 0.0 57.0 55.4 3.2 0.0
2 8369.0 3.0 57.6 81.4 2.0 0.014
3 514.0 3.0 43.2 51.0 3.4 0.0
2 1095.4 2.0 60.6 58.2 2.0 0.0
1 336.2 0.0 57.2 73.6 2.8 0.0
2 20235.8 0.0 68.6 59.6 3.6 0.0
2 621.75 0.0 51.0 60.8 1.8 0.0
2 583.25 2.0 70.0 68.0 0.0 0.0
2 355.333333333 1.0 71.0 66.0 9.0 0.0
1 288.333333333 2.0 56.8 88.4 5.4 0.348
2 387.333333333 0.0 53.0 43.0 3.0 0.0
1 362.166666667 1.0 68.0 71.2 8.4 0.0
3 286.0 0.0 61.4 72.8 6.2 0.0
1 3911.28571429 3.0 44.0 49.0 8.0 0.0
1 269.0 0.0 53.6 82.6 3.0 0.0
2 284.0 0.0 60.0 66.4 7.4 0.0
3 3348.0 0.0 68.6 59.6 3.6 0.0
2 886.333333333 2.0 67.2 40.2 2.8 0.002
3 296.0 2.0 58.8 46.6 3.0 0.0
2 315.333333333 0.0 55.0 64.0 5.0 0.0
1 2881.0 1.0 69.0 70.0 13.0 0.0
1 387.1 2.0 67.8 68.6 4.0 0.0
3 373.0 0.0 45.8 74.0 2.4 0.0
0 318.0 2.0 57.0 73.0 4.4 0.0
2 6968.0 0.0 59.6 63.6 2.0 0.0
1 1042.85714286 0.0 56.0 75.0 8.0 0.0
3 797.0 2.0 60.0 66.8 5.2 0.0
2 750.0 2.0 60.2 70.2 6.8 0.042
1 247.625 0.0 60.0 45.0 7.8 0.0
3 442.0 0.0 65.6 60.0 4.0 0.0
3 461.0 0.0 52.4 81.0 2.6 0.0
2 9953.0 2.0 69.0 70.0 6.0 0.0
1 286.2 0.0 58.2 73.4 1.8 0.0
3 485.0 2.0 65.2 72.6 5.0 0.0
1 295.142857143 3.0 44.4 59.4 1.4 0.0
2 2463.75 0.0 54.6 60.6 3.4 0.0
3 352.0 0.0 60.0 72.0 7.0 0.0
1 545.25 2.0 67.0 58.0 10.0 0.0
2 289.0 0.0 75.4 45.6 4.4 0.0
2 1734.0 2.0 70.0 67.0 4.0 0.0
1 740.0 2.0 74.0 41.4 3.6 0.0
2 659.571428571 0.0 59.2 77.0 6.4 0.008
1 318.166666667 0.0 63.8 72.2 7.8 0.0
2 2030.0 0.0 59.8 57.8 6.2 0.0
3 277.0 0.0 57.0 76.0 4.0 0.0
1 270.0 2.0 58.0 66.0 12.0 0.0
2 250.0 2.0 55.2 78.6 4.0 0.0
2 25768.3333333 2.0 66.0 69.0 3.0 0.0
1 336.25 0.0 57.4 71.2 5.6 0.0
2 395.857142857 1.0 70.8 58.2 8.2 0.0
3 456.0 2.0 56.0 69.6 4.0 0.0
3 341.333333333 1.0 69.8 67.8 7.6 0.0
1 316.857142857 0.0 67.2 36.4 7.4 0.0
2 364.0 2.0 56.2 69.6 4.2 0.0
3 291.0 1.0 63.6 62.8 9.0 0.0
2 345.0 2.0 53.0 69.0 2.0 0.0
2 367.5 2.0 51.0 74.0 1.0 0.0
2 491.0 0.0 56.2 47.0 1.8 0.0
2 346.0 0.0 55.4 72.6 2.8 0.0
3 287.0 0.0 65.4 31.2 10.6 0.0
3 354.0 0.0 61.4 73.0 8.2 0.0
1 326.714285714 2.0 64.0 73.6 6.2 0.0
3 310.0 3.0 60.6 76.8 3.6 0.002
1 3782.66666667 2.0 60.0 66.0 10.0 0.0
3 267.0 2.0 53.0 69.2 1.0 0.0
1 26984.0 3.0 47.8 64.8 1.0 0.0
2 315.75 1.0 72.0 64.0 7.0 0.0
1 332.6 0.0 67.0 49.6 6.0 0.0
3 615.0 2.0 72.0 57.2 3.6 0.0
3 298.0 2.0 63.2 68.8 8.8 0.0
2 795.0 0.0 67.8 57.8 6.6 0.0
1 248.333333333 0.0 57.6 83.4 3.0 0.0
1 304.0 2.0 63.4 62.4 4.0 0.0
1 214.5 0.0 57.0 57.0 13.0 0.0
1 364.090909091 1.0 68.6 68.4 7.0 0.0
2 301.5 0.0 60.0 80.0 2.0 0.0
2 422.0 0.0 65.4 31.2 10.6 0.0
1 287.111111111 2.0 63.6 79.6 5.0 0.0
1 4640.0 0.0 52.6 72.0 3.2 0.0
1 264.0 2.0 57.8 61.4 2.4 0.0
2 5236.5 2.0 69.0 79.0 6.0 0.0
2 473.142857143 1.0 70.2 73.6 8.4 0.0
2 1206.83333333 1.0 68.6 70.4 7.0 0.0
3 273.333333333 1.0 69.8 70.8 6.6 0.0
1 275.666666667 1.0 67.8 72.0 8.6 0.0
2 619.0 0.0 60.2 76.8 6.4 0.0
2 612.0 3.0 48.0 71.2 2.2 0.0
2 735.333333333 1.0 68.0 66.0 7.4 0.0
3 429.0 2.0 72.2 63.6 5.0 0.0
1 336.166666667 1.0 61.4 66.2 8.8 0.0
2 1844.0 3.0 52.0 64.0 1.2 0.0
1 370.142857143 0.0 55.0 86.0 5.0 0.0
1 249.0 2.0 59.2 62.4 4.2 0.0
2 245.0 0.0 51.2 78.0 9.0 0.302
0 263.0 2.0 56.2 69.6 4.2 0.0
1 257.285714286 0.0 60.6 79.8 5.0 0.0
3 401.0 0.0 58.2 57.0 3.0 0.0
1 6848.2 0.0 59.4 47.4 4.0 0.0
1 250.25 1.0 65.0 74.0 9.0 0.0
3 340.0 1.0 72.0 72.0 6.0 0.0
2 368.5 1.0 67.2 69.0 6.2 0.0
1 5452.5 0.0 60.2 72.8 2.4 0.0
1 2463.5 0.0 61.8 67.6 10.8 0.0
1 524.5 0.0 55.6 85.8 5.0 0.006
2 454.5 1.0 69.8 71.2 6.6 0.0
2 2158.33333333 1.0 67.6 72.0 7.6 0.0
3 414.0 1.0 77.2 53.0 6.0 0.0
3 488.0 2.0 61.4 61.0 3.6 0.0
0 444.0 0.0 57.6 82.4 11.0 0.104
2 5919.0 0.0 59.0 76.6 7.0 0.0
0 248.0 0.0 52.4 62.2 7.0 0.002
1 274.8 0.0 60.4 62.0 10.8 0.0
2 49245.5 1.0 70.4 73.2 7.4 0.0
1 277.0 3.0 43.6 65.4 5.4 0.122
1 615.333333333 3.0 43.2 51.0 3.4 0.0
0 270.5 2.0 60.0 73.6 3.2 0.0
3 370.5 1.0 65.0 63.2 6.2 0.0
1 217.5 1.0 67.8 73.0 7.2 0.0
1 661.5 2.0 56.2 82.2 4.8 0.0
1 276.181818182 2.0 69.8 67.6 6.6 0.0
3 452.333333333 1.0 66.0 50.0 6.0 0.0
1 295.8 0.0 61.0 58.0 11.0 0.0
2 450.0 0.0 58.0 78.2 4.4 0.0
2 657.0 1.0 64.6 71.4 6.4 0.0
2 442.75 1.0 64.2 69.0 7.8 0.0
3 515.333333333 1.0 71.0 51.0 7.0 0.0
3 643.0 2.0 60.6 68.2 3.8 0.0
1 387.555555556 0.0 57.0 59.8 6.2 0.0
3 510.5 2.0 59.2 62.4 4.2 0.0
2 695.571428571 2.0 53.0 69.2 1.0 0.0
2 378.0 2.0 61.4 68.4 4.2 0.0
2 4740.33333333 0.0 59.4 60.4 3.6 0.0
2 543.0 3.0 43.8 63.8 8.6 0.064
2 334.2 2.0 69.6 68.4 7.0 0.0
3 372.0 0.0 58.4 71.0 2.2 0.0
3 446.0 0.0 41.8 64.6 2.0 0.0
1 394.0 0.0 60.6 85.0 4.2 0.004
1 373.444444444 0.0 55.0 69.0 3.0 0.0
1 458.833333333 0.0 50.0 75.2 4.8 0.0
0 300.0 2.0 67.2 73.2 5.6 0.0
2 741.0 1.0 66.8 68.8 7.4 0.0
1 303.5 1.0 64.4 66.2 7.8 0.0
0 255.0 2.0 56.8 88.4 5.4 0.348
2 329.0 0.0 62.2 60.0 5.8 0.0
1 2713.2 2.0 62.8 50.8 6.4 0.0
3 326.0 0.0 50.8 69.2 1.4 0.0
1 301.333333333 3.0 56.0 76.6 8.6 0.306
1 402.8 1.0 68.0 68.0 13.0 0.0
0 233.0 2.0 53.8 54.2 2.2 0.0
3 290.0 0.0 50.0 61.0 6.0 0.0
2 279.5 0.0 51.4 71.6 3.0 0.0
1 283.888888889 2.0 61.8 69.2 3.4 0.0
2 239.5 2.0 55.0 74.0 1.0 0.0
2 448.0 0.0 59.2 68.6 8.2 0.02
3 437.0 3.0 55.8 80.6 9.4 0.114
3 352.0 2.0 68.6 56.8 5.0 0.0
2 1704.0 0.0 47.8 69.0 1.0 0.0
3 306.0 1.0 63.2 70.4 9.6 0.0
2 313.0 0.0 53.0 76.6 5.0 0.004
1 347.428571429 0.0 55.0 74.0 4.0 0.0
2 369.0 2.0 62.0 48.0 2.0 0.0
2 482.0 1.0 69.8 70.8 6.6 0.0
2 411.666666667 0.0 66.0 61.0 8.0 0.0
3 522.0 2.0 67.8 68.6 4.0 0.0
2 281.0 0.0 56.0 61.0 4.4 0.0
1 300.0 2.0 62.0 61.0 14.0 0.0
2 38638.3333333 0.0 48.2 76.0 1.6 0.0
1 985.0 1.0 67.4 63.8 8.4 0.0
2 406.0 2.0 64.8 78.0 6.2 0.0
1 302.571428571 0.0 57.8 47.8 6.8 0.0
0 236.0 2.0 56.4 79.2 4.6 0.208
1 872.5 0.0 63.0 70.0 6.0 0.0
1 280.666666667 2.0 67.0 43.6 4.4 0.0
2 1716.0 1.0 66.0 71.0 6.0 0.0
3 456.0 0.0 55.4 74.8 4.8 0.0
3 48137.3333333 2.0 67.6 72.2 7.0 0.0
2 239.0 0.0 70.0 48.0 5.2 0.0
2 321.75 1.0 63.0 59.0 7.0 0.0
2 325.333333333 0.0 59.0 84.0 4.0 0.0
1 295.2 2.0 68.2 75.2 5.8 0.0
3 454.0 1.0 70.0 73.2 9.0 0.0
1 274.0 3.0 60.8 84.2 10.8 0.93
3 367.5 2.0 65.8 66.2 4.6 0.0
1 271.0 0.0 57.0 72.0 14.0 0.0
1 345.625 0.0 63.0 57.2 7.8 0.0
3 328.0 1.0 61.2 63.2 9.4 0.0
2 7003.0 1.0 62.2 65.6 6.4 0.0
1 350.3 1.0 66.2 73.2 7.8 0.0
2 316.0 2.0 74.6 41.8 3.4 0.0
2 8196.0 2.0 64.0 74.0 2.0 0.37
2 305.333333333 0.0 53.0 83.0 2.6 0.0
1 277.6 0.0 60.0 73.0 6.0 0.26
1 264.090909091 0.0 75.4 45.6 4.4 0.0
3 709.0 1.0 65.0 70.0 5.8 0.0
2 10385.0 1.0 65.6 72.4 6.8 0.0
1 636.666666667 2.0 67.2 35.6 2.4 0.0
1 366.0 3.0 39.2 60.2 4.6 0.0
2 434.25 1.0 68.6 68.4 7.0 0.0
2 472.0 0.0 59.6 70.2 7.8 0.004
3 257.0 0.0 57.0 66.0 2.0 0.0
2 519.75 0.0 67.8 42.8 4.8 0.0
3 1003.0 0.0 72.8 36.6 5.0 0.0
2 1270.5 1.0 68.6 66.4 7.4 0.0
3 503.0 0.0 58.4 50.0 4.4 0.0
1 475.8 1.0 68.0 69.0 9.0 0.0
3 1035.0 2.0 66.0 64.0 9.6 0.0
1 1690.5 2.0 60.6 63.0 4.2 0.0
3 430.0 2.0 70.6 65.6 4.4 0.0
3 342.0 2.0 57.4 72.2 3.0 0.0
0 394.0 0.0 55.8 81.4 3.4 0.006
1 820.5 0.0 60.8 56.6 8.4 0.0
3 1044.0 2.0 56.8 88.4 5.4 0.348
2 556.0 0.0 57.2 59.0 3.4 0.0
2 4412.0 0.0 58.0 51.0 10.0 0.0
0 270.0 2.0 55.2 78.6 4.0 0.0
2 697.666666667 2.0 74.0 63.0 6.0 0.0
1 320.0 0.0 53.2 55.0 1.8 0.0
1 414.545454545 2.0 57.0 69.0 4.0 0.0
2 296.0 1.0 68.0 70.4 8.0 0.0
3 437.666666667 0.0 57.4 71.2 5.6 0.0
3 388.5 0.0 55.8 62.0 6.6 0.002
1 320.4 0.0 75.4 35.6 5.2 0.0
3 490.0 2.0 71.6 65.2 6.4 0.0
2 1609.0 0.0 61.4 71.8 6.4 0.012
3 634.0 0.0 57.4 53.0 6.2 0.0
1 305.125 2.0 58.4 70.0 2.8 0.0
3 591.5 0.0 55.6 85.8 5.0 0.006
1 416.5 1.0 67.6 75.4 7.2 0.0
3 378.0 2.0 58.2 70.0 4.0 0.0
2 749.25 0.0 66.6 64.0 3.6 0.0
2 365.5 0.0 63.0 63.6 7.6 0.0
1 255.666666667 2.0 66.4 71.8 6.0 0.0
2 2365.5 1.0 66.0 69.6 6.8 0.0
2 269.4 0.0 57.2 73.6 2.8 0.0
2 419.0 2.0 57.0 60.0 2.0 0.0
2 297.0 3.0 58.0 76.2 2.8 0.004
3 265.0 0.0 51.0 46.0 1.0 0.0
0 263.0 0.0 57.8 47.8 6.8 0.0
2 478.0 2.0 65.4 73.2 5.2 0.0
3 301.0 1.0 67.6 71.8 6.0 0.0
0 263.0 2.0 61.4 61.0 3.6 0.0
3 1364.0 0.0 59.8 69.0 6.0 0.214
1 18374.0 3.0 50.4 66.2 1.4 0.0
3 332.0 0.0 63.0 63.6 7.6 0.0
3 333.0 0.0 58.0 65.8 7.8 0.0
1 256.8 1.0 68.0 70.4 8.0 0.0
1 345.0 0.0 60.2 60.6 9.2 0.0
3 406.0 1.0 69.2 68.4 6.2 0.0
1 294.875 1.0 75.2 63.0 6.4 0.0
3 559.0 1.0 66.6 73.2 7.4 0.0
3 566.0 0.0 64.8 46.8 8.4 0.0
0 202.0 3.0 50.6 72.8 4.2 0.0
1 306.8 2.0 68.6 64.0 5.8 0.0
3 540.0 0.0 50.0 82.0 2.0 0.0
2 331.0 1.0 67.2 69.8 9.4 0.004
3 677.0 1.0 67.6 71.0 8.0 0.0
1 11397.0 2.0 60.8 76.4 3.0 0.0
3 327.0 2.0 65.4 73.2 5.2 0.0
1 444.0 1.0 71.0 68.0 6.2 0.0
3 333.0 3.0 59.6 79.4 7.4 0.002
3 458.0 2.0 60.2 78.4 3.2 0.004
3 11317.3333333 1.0 68.0 70.4 8.0 0.0
2 345.0 0.0 56.8 47.4 11.6 0.0
1 282.666666667 0.0 66.0 64.0 9.0 0.0
1 431.0 2.0 69.0 76.8 6.4 0.0
3 20161.5 0.0 55.6 61.4 3.8 0.0
3 449.333333333 0.0 52.8 70.0 1.8 0.0
2 830.2 2.0 69.0 76.8 6.4 0.0
1 262.714285714 0.0 54.0 72.0 4.4 0.0
1 1704.5 2.0 56.0 64.8 3.4 0.0
2 374.666666667 3.0 57.8 82.0 3.2 0.0
1 385.666666667 2.0 60.4 64.8 5.6 0.0
2 438.0 1.0 66.4 74.8 8.0 0.0
2 5471.33333333 0.0 61.4 65.8 4.2 0.0
2 398.8 0.0 59.4 69.8 10.0 0.054
1 421.5 2.0 65.6 75.0 8.0 0.0
2 488.0 1.0 64.0 53.4 7.2 0.0
2 290.5 0.0 60.2 70.0 6.6 0.0
2 1353.5 1.0 67.0 63.0 10.0 0.0
3 602.0 2.0 57.0 73.0 4.4 0.0
2 4405.66666667 1.0 70.0 73.2 9.0 0.0
2 576.0 1.0 69.0 69.0 8.0 0.0
1 401.2 0.0 63.0 60.4 4.2 0.0
1 5893.25 2.0 62.0 60.2 11.8 0.0
2 597.0 0.0 61.6 77.2 18.0 0.696
2 292.5 0.0 69.4 63.8 5.0 0.0
2 487.666666667 3.0 54.0 54.0 2.0 0.0
1 1066.8 1.0 64.6 71.4 6.4 0.0
2 780.5 0.0 59.8 69.0 6.0 0.214
3 375.0 0.0 61.0 71.0 6.0 0.0
2 64.0 2.0 53.2 73.8 3.0 0.0
2 6805.16666667 1.0 69.6 56.8 6.8 0.0
2 463.5 0.0 54.6 71.4 10.2 0.23
2 320.0 3.0 52.6 82.2 3.0 0.172
2 7806.0 0.0 60.8 56.6 8.4 0.0
1 274.222222222 3.0 59.8 81.2 3.0 0.028
0 251.0 2.0 58.8 46.6 3.0 0.0
1 335.75 0.0 55.2 73.8 2.0 0.0
1 272.75 2.0 68.6 73.6 6.2 0.0
2 3975.5 2.0 60.4 62.6 4.4 0.0
1 255.25 0.0 55.6 61.4 3.8 0.0
2 611.0 2.0 65.4 76.0 6.2 0.32
3 384.0 2.0 72.2 70.0 7.6 0.0
2 1075.5 2.0 68.4 65.0 4.8 0.0
2 283.0 0.0 64.0 61.2 11.6 0.0
2 547.4 0.0 60.0 64.0 8.0 0.0
1 268.2 1.0 64.2 69.0 7.8 0.0
1 1056.66666667 2.0 68.6 67.2 7.8 0.0
2 533.6 0.0 58.0 71.0 6.0 0.24
2 293.0 3.0 50.6 72.8 4.2 0.0
2 644.0 2.0 59.6 78.8 3.6 0.004
2 435.333333333 0.0 62.2 68.4 5.6 0.0
1 276.142857143 0.0 73.0 42.8 5.2 0.0
1 721.0 2.0 68.8 64.2 7.2 0.342
3 403.0 0.0 59.0 84.0 4.0 0.0
3 1457.0 2.0 74.6 41.8 3.4 0.0
2 385.0 0.0 57.4 67.2 5.6 0.0
3 299.0 1.0 71.0 52.0 6.0 0.0
1 5546.8 2.0 72.0 57.2 3.6 0.0
2 2900.33333333 2.0 76.2 52.8 4.2 0.0
2 382.0 1.0 63.2 65.0 7.2 0.0
1 281.0 0.0 52.4 69.2 1.2 0.0
2 301.5 2.0 65.6 70.6 4.8 0.0
2 266.4 1.0 64.8 74.6 8.4 0.0
1 214.0 2.0 53.8 70.8 1.2 0.0
2 511.4 0.0 64.0 68.6 5.0 0.0
1 296.666666667 1.0 65.2 63.8 10.2 0.0
2 5789.25 2.0 67.4 64.2 5.6 0.0
1 318.0 1.0 67.6 71.8 6.0 0.0
2 225.0 1.0 65.2 65.6 9.8 0.0
1 9678.0 0.0 65.4 49.4 6.4 0.0
3 479.0 2.0 60.0 73.6 3.2 0.0
3 1846.0 1.0 66.2 71.4 8.4 0.0
1 278.375 0.0 58.0 69.0 19.0 0.08
0 1026.0 1.0 68.0 71.2 8.4 0.0
3 464.0 0.0 61.2 70.0 6.0 0.0
3 544.5 2.0 56.2 82.2 4.8 0.0
1 283.1 1.0 69.6 66.0 7.0 0.0
3 672.0 1.0 72.8 64.2 7.4 0.0
3 392.75 1.0 74.2 60.2 6.0 0.0
3 220.0 0.0 56.6 71.0 8.2 0.01
3 290.0 2.0 59.0 50.6 1.2 0.0
3 621.0 0.0 64.8 68.8 7.6 0.0
0 227.0 0.0 60.2 65.0 8.6 0.0
1 400.5 3.0 58.2 86.0 7.0 0.94
3 333.0 1.0 65.2 65.6 9.8 0.0
2 552.333333333 0.0 57.0 55.4 3.2 0.0
2 241.0 2.0 57.0 78.0 1.0 0.0
2 431.0 1.0 66.2 62.2 7.6 0.0
2 1624.0 0.0 55.2 74.6 3.6 0.002
2 28251.6666667 2.0 64.2 43.4 3.2 0.0
1 991.0 0.0 50.8 80.8 2.8 0.0
3 414.0 0.0 57.2 59.0 3.4 0.0
1 962.4 0.0 59.0 68.0 7.0 0.0
2 769.0 0.0 47.0 70.0 4.2 0.0
3 475.666666667 0.0 67.0 49.6 6.0 0.0
2 604.75 0.0 52.0 74.2 2.6 0.0
3 499.5 0.0 58.0 46.0 5.0 0.0
1 260.6 0.0 48.0 64.0 1.0 0.0
2 474.5 0.0 61.0 65.2 7.0 0.002
1 453.4 0.0 59.8 69.0 9.0 0.0
1 339.714285714 1.0 69.8 67.8 7.6 0.0
1 965.75 0.0 58.4 68.8 5.0 0.0
1 248.666666667 0.0 60.4 70.4 2.0 0.0
2 5478.8 3.0 46.2 70.8 2.2 0.0
3 261.0 0.0 69.4 45.4 3.8 0.0
1 507.4 2.0 67.4 74.0 6.8 0.0
2 1310.0 0.0 47.4 70.4 4.6 0.022
3 301.0 2.0 56.0 69.0 1.0 0.0
2 433.25 2.0 64.0 73.6 6.2 0.0
1 375.125 0.0 52.0 68.2 4.6 0.02
2 3557.5 2.0 60.6 66.4 6.6 0.0
2 3243.4 0.0 65.0 46.0 7.0 0.0
3 414.0 0.0 54.2 59.2 7.8 0.0
1 425.5 0.0 52.8 67.2 3.2 0.0
3 857.0 1.0 69.6 73.6 6.0 0.0
2 391.2 2.0 57.0 65.0 4.0 0.0
3 539.5 0.0 62.4 62.8 4.4 0.0
3 413.0 0.0 60.4 78.8 7.2 0.0
2 414.2 3.0 50.6 61.4 7.4 0.0
1 276.222222222 3.0 53.2 82.6 12.2 0.564
2 724.857142857 2.0 69.6 68.8 4.8 0.0
1 650.0 0.0 57.0 60.6 3.8 0.0
3 375.0 0.0 52.8 62.6 2.4 0.0
1 366.909090909 0.0 57.0 48.0 7.0 0.0
2 719.5 3.0 40.6 50.8 2.2 0.0
1 472.444444444 1.0 68.0 67.0 11.0 0.0
3 287.0 0.0 52.4 62.2 7.0 0.002
3 364.0 0.0 57.6 82.4 11.0 0.104
2 442.333333333 2.0 61.0 52.0 1.0 0.0
1 1021.0 3.0 60.4 82.8 6.4 0.028
2 739.0 2.0 62.0 61.6 2.2 0.0
2 310.0 0.0 60.0 72.0 7.0 0.0
1 11048.0 3.0 50.4 63.0 1.8 0.0
2 342.0 0.0 56.0 77.0 6.0 0.88
