2 481.2 2.0 57.6 65.8 9.6 0.0
3 318.0 0.0 55.2 68.0 6.0 0.048
1 1850.0 3.0 50.2 54.2 8.2 0.0
1 1095.15384615 2.0 65.2 72.2 3.2 0.002
2 528.125 0.0 58.6 66.0 5.2 0.0
2 7489.25 1.0 69.0 72.2 6.8 0.0
3 446.2 2.0 55.2 52.2 3.6 0.0
1 467.75 0.0 53.2 55.0 1.8 0.0
1 432.5 1.0 63.2 70.4 9.6 0.0
3 310.25 0.0 52.0 76.0 2.0 0.0
2 532.789473684 2.0 65.4 46.8 3.6 0.0
3 373.0 0.0 53.8 76.8 3.4 0.0
1 698.75 3.0 61.6 80.6 4.6 0.006
3 439.666666667 3.0 59.8 81.2 3.0 0.028
3 714.0 1.0 61.0 74.0 9.0 0.0
3 421.0 0.0 65.6 60.0 4.0 0.0
0 283.5 0.0 57.0 74.0 14.0 0.0
2 1096.83333333 1.0 69.0 71.2 7.6 0.0
2 368.75 0.0 63.8 72.2 7.8 0.0
3 454.0 0.0 55.4 89.2 2.6 0.0
1 5155.4 2.0 69.6 68.4 7.0 0.0
1 590.0 1.0 72.4 64.6 6.6 0.0
2 549.272727273 0.0 58.0 78.2 4.4 0.0
1 486.428571429 1.0 64.4 66.2 7.8 0.0
3 818.0 0.0 58.0 63.0 7.0 0.0
1 452.2 1.0 68.6 58.8 7.0 0.0
2 525.333333333 0.0 59.0 73.0 9.0 0.0
3 363.0 3.0 61.0 86.0 12.0 1.43
2 462.5 0.0 65.6 60.0 4.0 0.0
2 529.933333333 0.0 55.4 72.6 2.8 0.0
3 357.5 0.0 57.2 74.2 7.8 0.19
2 495.6 0.0 60.0 64.0 6.0 0.0
2 531.833333333 2.0 60.8 58.6 3.2 0.0
3 424.0 3.0 46.2 70.8 2.2 0.0
1 49657.5 3.0 43.6 65.4 5.4 0.122
1 738.5 0.0 65.6 60.0 4.0 0.0
3 807.0 2.0 57.8 61.4 2.4 0.0
2 444.833333333 2.0 65.2 72.6 5.0 0.0
2 787.875 2.0 62.8 61.0 6.2 0.0
2 567.0 2.0 56.2 61.6 3.8 0.002
3 288.0 2.0 66.4 71.8 6.0 0.0
3 551.0 0.0 51.2 61.6 0.8 0.0
3 284.5 3.0 60.0 87.0 5.0 0.01
1 539.75 2.0 53.8 70.8 1.2 0.0
2 404.083333333 0.0 60.0 45.0 7.8 0.0
2 3994.0 0.0 58.6 57.6 3.4 0.0
0 313.5 0.0 61.4 55.0 10.0 0.0
1 461.0 1.0 65.0 70.0 5.8 0.0
2 733.142857143 0.0 62.4 55.4 5.8 0.0
3 371.5 3.0 40.6 50.8 2.2 0.0
1 470.692307692 2.0 61.8 69.2 3.4 0.0
2 3219.71428571 1.0 64.0 75.0 15.0 0.0
0 633.5 0.0 60.0 64.0 6.0 0.0
3 385.0 0.0 71.0 45.0 6.0 0.0
1 1519.75 0.0 66.4 57.6 5.6 0.0
2 448.588235294 1.0 63.2 65.0 7.2 0.0
1 421.166666667 2.0 56.8 88.4 5.4 0.348
3 443.333333333 2.0 62.0 64.2 3.4 0.0
1 463.666666667 2.0 67.2 71.2 7.2 0.0
1 365.571428571 0.0 53.0 76.6 5.0 0.004
0 317.0 0.0 53.0 62.0 3.0 0.0
3 964.0 3.0 57.0 89.0 4.0 0.0
3 298.333333333 0.0 52.6 66.8 2.6 0.0
3 475.0 3.0 44.8 62.4 2.4 0.0
2 392.6 1.0 68.6 70.4 7.0 0.0
2 593.307692308 1.0 68.2 68.8 8.0 0.0
0 477.0 2.0 57.8 77.2 3.4 0.0
3 519.25 0.0 58.2 65.2 4.4 0.0
0 554.0 1.0 62.6 66.8 8.0 0.0
3 662.0 2.0 62.0 77.0 16.0 0.0
2 636.647058824 1.0 77.2 53.0 6.0 0.0
0 437.0 2.0 54.6 66.8 1.6 0.0
1 462.0 0.0 52.0 74.2 2.6 0.0
2 5431.28571429 2.0 57.6 66.8 2.0 0.0
1 447.0 2.0 65.8 68.8 5.6 0.0
1 550.6 2.0 68.6 67.2 7.8 0.0
2 387.777777778 2.0 58.8 46.6 3.0 0.0
0 369.0 0.0 54.6 80.0 2.4 0.0
0 327.0 1.0 61.0 78.0 11.0 0.0
2 182.0 0.0 55.0 57.0 1.0 0.0
2 4785.41666667 3.0 60.4 82.8 6.4 0.028
3 297.0 1.0 68.2 68.8 8.0 0.0
2 540.733333333 1.0 66.2 62.2 7.6 0.0
1 399.6 1.0 67.6 72.0 7.6 0.0
2 594.8 1.0 67.6 75.4 7.2 0.0
3 417.5 1.0 68.0 70.4 8.0 0.0
3 386.4 2.0 72.0 47.0 5.0 0.0
1 746.8 1.0 65.0 73.0 7.0 0.0
1 2838.2 0.0 58.0 63.0 7.0 0.0
1 449.8 2.0 55.8 67.0 1.8 0.0
0 245.0 2.0 65.8 70.4 7.4 0.0
3 568.666666667 2.0 57.0 75.2 5.8 0.01
0 388.0 1.0 68.2 68.8 8.0 0.0
1 740.0 0.0 63.6 70.6 8.0 0.0
3 402.0 2.0 59.6 78.8 3.6 0.004
2 476.8 2.0 67.0 69.0 8.0 0.0
0 567.0 0.0 57.4 68.2 7.0 0.0
0 525.0 2.0 57.6 65.8 9.6 0.0
2 1103.4 2.0 59.8 80.6 8.6 0.056
2 587.428571429 0.0 51.0 60.8 1.8 0.0
2 499.2 1.0 61.0 74.0 9.0 0.0
1 514.0 1.0 66.4 74.8 8.0 0.0
3 377.666666667 0.0 53.0 54.6 1.4 0.0
3 495.0 0.0 55.8 81.4 3.4 0.006
3 291.0 0.0 55.0 65.0 2.0 0.0
2 373.625 1.0 67.6 71.0 8.0 0.0
1 3669.5 2.0 63.4 76.6 6.2 0.35
1 936.2 0.0 61.8 48.6 4.6 0.0
1 879.916666667 2.0 69.0 32.0 6.6 0.0
3 543.166666667 0.0 52.0 86.0 2.0 0.0
2 570.130434783 2.0 64.8 64.6 2.4 0.0
2 453.363636364 2.0 56.0 85.8 3.4 0.184
2 480.666666667 3.0 53.2 63.8 1.6 0.0
2 373.125 0.0 60.4 62.0 10.8 0.0
1 571.5 0.0 59.8 57.8 6.2 0.0
3 400.0 1.0 70.0 70.0 7.0 0.0
0 513.0 0.0 58.0 45.0 2.0 0.0
1 394.2 0.0 60.2 76.8 6.4 0.0
2 571.666666667 2.0 68.6 71.2 7.2 0.0
1 864.428571429 2.0 55.6 64.6 6.4 0.002
1 532.2 0.0 59.0 61.0 4.0 0.0
0 589.0 0.0 53.6 70.2 3.0 0.0
1 367.0 0.0 57.0 80.0 15.0 0.43
3 495.333333333 2.0 64.2 43.4 3.2 0.0
1 1439.875 2.0 68.2 75.2 5.8 0.0
2 357.909090909 3.0 43.2 51.0 3.4 0.0
2 1131.77777778 2.0 69.0 32.0 6.6 0.0
2 1274.08695652 1.0 69.0 68.6 8.0 0.0
2 293.0 0.0 47.8 69.0 1.0 0.0
2 477.0 0.0 57.6 65.4 6.0 0.0
0 441.5 0.0 74.8 35.2 4.2 0.0
1 457.6 0.0 69.4 63.8 5.0 0.0
3 437.5 0.0 60.0 68.0 7.0 0.0
1 537.3 0.0 61.0 72.0 10.0 0.0
2 699.0 0.0 57.4 81.4 8.6 0.296
0 444.0 0.0 53.4 85.8 3.0 0.0
1 430.0 3.0 48.8 71.8 3.8 0.0
0 462.0 0.0 57.0 59.8 6.2 0.0
3 511.0 0.0 61.0 70.0 6.0 0.0
1 1660.83333333 0.0 61.8 67.6 10.8 0.0
2 445.6 0.0 52.6 66.8 2.6 0.0
3 653.0 0.0 59.4 64.2 8.6 0.0
1 565.454545455 0.0 53.8 57.8 9.0 0.0
1 550.833333333 0.0 55.0 56.0 9.0 0.0
3 354.25 0.0 60.0 73.0 10.0 0.0
2 730.142857143 2.0 61.8 59.2 5.2 0.0
0 592.0 0.0 55.0 70.0 5.0 0.0
2 1608.0 0.0 74.8 35.2 4.2 0.0
2 346.0 0.0 53.6 82.6 3.0 0.0
0 302.0 2.0 64.0 73.0 5.0 0.0
3 387.0 1.0 65.0 70.0 5.8 0.0
3 299.5 1.0 67.2 67.6 9.0 0.0
0 342.0 1.0 65.0 68.0 10.0 0.0
2 582.5625 1.0 68.4 65.0 6.0 0.0
2 572.333333333 1.0 66.0 69.4 7.6 0.0
3 428.333333333 0.0 69.4 63.8 5.0 0.0
3 366.0 1.0 70.6 67.2 7.0 0.0
2 430.666666667 1.0 70.0 70.0 7.0 0.0
0 727.0 0.0 60.2 72.8 2.4 0.0
2 866.611111111 0.0 58.2 73.4 1.8 0.0
1 530.454545455 2.0 62.6 74.2 6.0 0.006
1 3258.0 0.0 63.0 64.0 16.0 0.0
1 532.363636364 0.0 60.0 74.0 9.6 0.0
3 338.0 2.0 65.6 75.0 8.0 0.0
1 546.666666667 0.0 58.0 77.0 12.0 0.63
0 234.0 1.0 62.4 67.4 8.0 0.0
2 477.583333333 0.0 59.6 71.2 8.4 0.0
3 454.0 2.0 65.2 42.4 2.4 0.0
2 498.666666667 0.0 54.2 54.4 3.0 0.0
0 436.0 0.0 61.6 77.2 18.0 0.696
1 801.0 2.0 66.0 64.0 9.6 0.0
3 498.5 0.0 53.0 71.0 5.0 0.0
2 419.666666667 2.0 52.0 84.0 6.0 0.0
3 563.333333333 0.0 58.4 50.0 4.4 0.0
1 5042.54545455 2.0 76.2 52.8 4.2 0.0
3 1380.33333333 0.0 58.4 81.4 4.2 0.0
3 933.0 2.0 56.0 80.2 3.0 0.002
1 539.666666667 2.0 62.0 46.6 8.4 0.0
2 501.285714286 2.0 57.4 81.8 4.0 0.0
2 640.909090909 0.0 58.2 57.0 3.0 0.0
3 401.666666667 2.0 65.8 66.2 4.6 0.0
2 452.0 2.0 67.6 72.2 7.0 0.0
3 720.25 0.0 51.8 84.6 2.0 0.004
2 525.777777778 2.0 72.2 70.0 7.6 0.0
1 3535.08333333 2.0 60.8 76.4 3.0 0.0
2 637.5 2.0 67.0 43.6 4.4 0.0
0 595.0 0.0 41.8 64.6 2.0 0.0
0 5138.0 0.0 59.6 66.8 6.2 0.0
2 1385.57142857 0.0 58.4 81.4 4.2 0.0
3 617.0 0.0 59.0 69.0 12.0 0.0
3 644.5 1.0 70.0 67.0 11.0 0.0
2 398.5 3.0 53.0 80.4 6.0 0.104
0 537.0 1.0 68.0 69.8 7.2 0.0
2 424.5 2.0 53.2 73.8 3.0 0.0
2 523.8 0.0 57.0 59.8 6.2 0.0
1 531.571428571 2.0 69.0 66.0 9.0 0.0
1 4277.81818182 0.0 56.8 69.0 8.6 0.0
1 481.642857143 0.0 52.4 69.2 1.2 0.0
3 345.0 1.0 68.0 71.0 10.0 0.0
3 1518.0 2.0 60.0 73.6 3.2 0.0
3 656.5 2.0 56.2 61.6 3.8 0.002
2 509.692307692 1.0 67.8 72.0 8.6 0.0
1 417.0 0.0 52.4 60.8 2.2 0.0
3 439.5 0.0 58.8 61.6 12.2 0.016
0 439.0 0.0 56.2 47.0 1.8 0.0
2 482.333333333 2.0 64.2 43.4 3.2 0.0
3 1080.5 2.0 70.0 66.8 7.2 0.0
3 355.0 0.0 68.0 56.0 7.0 0.0
2 482.0 0.0 66.4 57.6 5.6 0.0
2 424.384615385 1.0 67.0 75.0 7.0 0.0
2 558.052631579 0.0 50.0 75.2 4.8 0.0
1 402.428571429 0.0 63.0 57.2 7.8 0.0
1 427.909090909 3.0 59.8 81.2 3.0 0.028
1 193.0 1.0 72.6 66.6 7.4 0.0
2 510.5 2.0 63.0 60.2 6.4 0.0
2 1023.89473684 0.0 54.6 80.0 2.4 0.0
2 438.25 3.0 50.4 66.2 1.4 0.0
3 474.0 0.0 47.0 53.0 17.0 0.0
2 461.083333333 0.0 47.4 70.4 4.6 0.022
2 1043.0 0.0 58.6 71.0 8.6 0.0
1 347.666666667 1.0 68.0 71.0 7.0 0.0
1 560.5 2.0 70.6 65.6 4.4 0.0
1 510.333333333 0.0 62.4 71.8 6.0 0.056
1 6472.0 1.0 70.6 60.2 6.2 0.0
2 497.266666667 2.0 69.2 70.4 6.8 0.0
2 480.857142857 2.0 65.2 72.2 3.2 0.002
1 410.333333333 0.0 60.2 70.0 6.6 0.0
1 2318.25 2.0 62.0 60.0 7.0 0.0
2 1747.46153846 0.0 60.0 69.2 13.0 0.0
1 400.8 1.0 68.0 71.0 10.0 0.0
1 422.285714286 0.0 60.0 61.0 8.0 0.0
1 399.8 3.0 51.4 60.0 1.0 0.0
3 408.5 0.0 56.0 53.4 8.0 0.0
2 401.066666667 0.0 60.0 74.0 9.6 0.0
2 1611.5 0.0 58.0 68.0 11.0 0.0
1 971.692307692 0.0 66.0 61.0 8.0 0.0
0 542.0 0.0 57.4 71.2 5.6 0.0
2 686.666666667 1.0 64.2 69.0 7.8 0.0
2 362.5 0.0 56.6 73.2 3.4 0.0
3 578.0 1.0 61.4 66.2 8.8 0.0
0 527.0 0.0 51.8 77.6 1.6 0.0
3 431.0 1.0 67.6 66.8 6.2 0.0
2 792.214285714 0.0 59.0 71.0 10.0 0.05
2 466.9375 0.0 56.0 71.0 9.0 0.0
1 686.333333333 2.0 67.2 35.6 2.4 0.0
2 385.0 1.0 65.0 66.4 6.6 0.0
3 336.75 0.0 57.8 78.6 3.6 0.0
1 502.4 2.0 71.4 67.6 4.6 0.0
0 344.0 0.0 55.2 73.8 2.0 0.0
1 880.0 0.0 62.8 67.0 6.4 0.0
1 1221.25 0.0 57.0 77.0 15.0 0.14
1 459.571428571 2.0 58.8 46.6 3.0 0.0
1 458.857142857 3.0 53.0 80.4 6.0 0.104
0 453.0 0.0 72.8 36.6 5.0 0.0
1 419.625 0.0 58.0 68.0 9.0 0.0
1 1678.83333333 0.0 54.0 64.0 7.0 0.0
2 448.933333333 2.0 59.0 54.0 4.0 0.0
0 520.0 3.0 51.4 60.0 1.0 0.0
0 634.0 0.0 56.0 65.6 5.8 0.014
0 414.0 2.0 66.0 79.0 7.0 0.0
3 2243.33333333 3.0 50.4 63.0 1.8 0.0
0 439.0 0.0 67.8 42.8 4.8 0.0
2 2498.6 1.0 68.6 68.4 7.0 0.0
1 462.444444444 0.0 53.6 70.2 3.0 0.0
1 531.333333333 0.0 60.4 55.0 10.6 0.0
3 385.333333333 1.0 71.4 69.4 5.8 0.0
2 4518.25 2.0 69.2 72.8 5.2 0.0
2 741.0 2.0 65.6 70.6 4.8 0.0
1 716.75 0.0 67.4 59.0 6.8 0.0
1 598.923076923 2.0 55.4 68.6 3.6 0.0
1 5507.06666667 2.0 64.0 48.6 3.4 0.0
1 435.25 0.0 53.4 52.6 2.2 0.0
2 347.0 3.0 54.6 69.6 2.0 0.0
3 302.4 0.0 51.0 73.0 6.0 0.0
2 1131.5 1.0 69.2 68.4 6.2 0.0
3 446.0 1.0 64.8 65.8 7.2 0.0
0 410.0 0.0 64.6 67.0 8.2 0.0
3 484.0 2.0 65.8 55.4 5.0 0.0
3 326.333333333 2.0 53.8 70.8 1.2 0.0
3 1293.0 0.0 58.4 68.8 5.0 0.0
1 523.0 0.0 57.4 67.2 5.6 0.0
2 502.5 0.0 53.0 84.0 5.0 0.0
2 433.666666667 0.0 61.0 56.4 6.0 0.0
0 246.0 0.0 62.8 65.8 9.0 0.0
3 403.5 2.0 56.0 85.8 3.4 0.184
3 794.0 3.0 41.0 60.2 1.2 0.0
2 432.857142857 0.0 56.6 71.0 8.2 0.01
3 366.5 1.0 64.2 69.0 7.8 0.0
1 456.0 1.0 68.8 70.2 7.2 0.0
3 443.0 0.0 64.8 68.8 7.6 0.0
0 568.0 2.0 64.2 43.4 3.2 0.0
0 1139.42857143 3.0 51.4 63.4 1.2 0.0
2 2686.66666667 0.0 53.0 76.6 5.0 0.004
2 718.571428571 3.0 60.0 83.4 4.4 0.018
3 527.285714286 0.0 56.0 80.0 6.0 0.0
2 533.375 0.0 53.0 78.0 3.0 0.0
1 451.166666667 0.0 69.4 45.4 3.8 0.0
1 506.25 0.0 52.8 70.2 6.6 0.008
3 543.0 3.0 56.0 85.0 12.0 0.25
3 390.0 2.0 68.0 65.8 9.0 0.0
2 344.2 0.0 57.8 75.4 10.6 0.762
0 411.5 2.0 67.0 43.6 4.4 0.0
1 545.5 0.0 61.4 71.8 6.4 0.012
0 467.0 2.0 59.2 62.4 4.2 0.0
1 723.2 2.0 60.4 62.6 4.4 0.0
0 381.5 3.0 50.0 66.6 8.4 0.0
1 505.076923077 2.0 59.8 85.6 5.8 0.194
3 387.0 0.0 57.2 70.6 8.0 0.0
2 453.2 0.0 58.0 74.0 8.0 0.0
3 326.75 1.0 64.4 66.2 7.8 0.0
3 329.0 0.0 59.0 84.0 4.0 0.0
1 637.75 1.0 64.0 69.0 12.0 0.0
3 382.0 2.0 54.8 63.2 2.4 0.0
3 393.0 0.0 57.0 74.4 5.6 0.0
0 327.0 0.0 50.8 48.6 1.8 0.0
1 451.857142857 2.0 63.4 62.4 4.0 0.0
3 429.166666667 1.0 71.0 69.0 7.6 0.0
1 652.6 2.0 55.2 78.6 4.0 0.0
0 21481.5 2.0 57.4 72.2 3.0 0.0
3 10565.2 0.0 55.6 61.4 3.8 0.0
3 444.5 1.0 66.2 62.2 7.6 0.0
1 679.714285714 0.0 67.8 42.8 4.8 0.0
1 341.0 2.0 67.0 71.0 8.0 0.0
1 4620.0 2.0 56.6 69.0 5.2 0.0
2 445.0 0.0 52.6 72.0 3.2 0.0
2 399.0 0.0 50.6 85.6 7.2 0.458
0 502.0 0.0 44.6 45.4 3.8 0.0
1 495.4 1.0 75.2 63.0 6.4 0.0
0 1679.0 0.0 58.0 63.0 7.0 0.0
2 4323.25 3.0 56.0 76.6 8.6 0.306
3 374.666666667 2.0 63.6 79.6 5.0 0.0
3 381.0 0.0 53.0 92.0 9.0 0.0
0 417.0 3.0 40.6 50.8 2.2 0.0
2 466.833333333 0.0 60.0 70.0 7.0 0.0
1 688.0 2.0 56.0 88.0 4.0 0.32
1 618.0 2.0 67.0 43.6 4.4 0.0
2 468.714285714 0.0 72.0 43.0 6.0 0.0
3 414.666666667 2.0 63.4 62.4 4.0 0.0
1 435.166666667 3.0 44.4 63.8 1.4 0.0
2 562.7 2.0 54.8 53.8 4.8 0.0
1 493.0 1.0 67.0 63.0 9.0 0.0
3 509.0 0.0 55.0 77.0 5.0 0.0
3 488.0 2.0 57.8 36.0 6.0 0.0
2 604.0 2.0 62.0 60.2 11.8 0.0
2 1463.08333333 0.0 56.2 47.0 1.8 0.0
3 270.25 1.0 65.6 57.4 6.6 0.0
0 358.0 2.0 67.2 40.2 2.8 0.002
2 443.0 0.0 56.0 77.0 9.0 0.0
1 468.857142857 1.0 67.6 71.0 8.0 0.0
2 559.117647059 3.0 60.6 76.8 3.6 0.002
3 417.5 0.0 50.0 84.0 4.0 0.0
3 404.25 0.0 55.4 74.8 4.8 0.0
3 418.0 0.0 56.0 61.0 4.4 0.0
0 561.5 0.0 60.0 67.0 9.0 0.0
0 250.0 3.0 43.8 63.8 8.6 0.064
2 381.666666667 0.0 62.2 64.0 11.6 0.0
3 402.333333333 3.0 58.0 90.0 9.0 1.18
0 387.5 2.0 55.6 64.6 6.4 0.002
3 480.333333333 0.0 57.4 57.6 8.6 0.0
0 392.5 0.0 60.4 60.0 12.8 0.0
2 451.875 0.0 58.0 68.4 9.0 0.0
2 561.166666667 0.0 57.8 47.8 6.8 0.0
3 382.5 0.0 50.0 87.0 3.0 0.0
1 468.4 0.0 66.0 26.0 16.0 0.0
3 636.0 2.0 62.8 50.8 6.4 0.0
1 7608.0 3.0 58.0 76.2 2.8 0.004
2 336.333333333 0.0 52.4 60.8 2.2 0.0
3 596.5 1.0 68.4 65.0 6.0 0.0
1 502.333333333 0.0 57.0 60.6 3.8 0.0
1 388.444444444 1.0 70.4 48.2 6.0 0.0
3 347.0 0.0 47.0 70.0 4.2 0.0
0 368.333333333 0.0 59.0 66.8 7.6 0.0
0 447.0 0.0 60.4 62.0 10.8 0.0
2 495.8 2.0 68.8 64.2 7.2 0.342
1 488.6 1.0 68.0 63.0 11.0 0.0
3 411.5 3.0 56.0 76.6 8.6 0.306
2 442.166666667 2.0 66.8 70.0 6.8 0.0
2 381.333333333 0.0 58.4 65.8 3.2 0.0
1 390.0 2.0 61.2 59.0 3.6 0.032
0 345.0 0.0 57.4 57.6 8.6 0.0
3 307.5 2.0 62.0 60.2 11.8 0.0
1 3337.2 0.0 74.8 35.2 4.2 0.0
2 623.2 0.0 67.2 36.4 7.4 0.0
3 530.0 1.0 67.4 63.8 8.4 0.0
2 818.6 2.0 63.8 75.4 8.2 0.0
0 516.0 0.0 49.0 72.0 2.0 0.0
1 554.4 2.0 63.0 79.6 6.4 0.0
3 363.5 0.0 57.0 57.0 13.0 0.0
3 436.0 1.0 62.0 76.0 9.0 0.0
2 957.071428571 2.0 61.2 59.0 3.6 0.032
2 875.0 0.0 50.8 80.8 2.8 0.0
2 511.714285714 2.0 60.4 64.8 5.6 0.0
3 548.0 0.0 60.2 70.0 6.6 0.0
2 435.8 0.0 52.0 68.2 4.6 0.02
1 947.0 0.0 44.6 45.4 3.8 0.0
2 415.611111111 2.0 74.6 41.8 3.4 0.0
0 508.0 0.0 75.4 45.6 4.4 0.0
3 469.0 2.0 60.0 66.8 5.2 0.0
1 491.666666667 1.0 64.8 74.6 8.4 0.0
1 335.666666667 0.0 50.0 87.0 3.0 0.0
1 428.0 1.0 68.4 75.0 6.2 0.0
0 255.0 1.0 63.6 62.8 9.0 0.0
3 692.0 0.0 61.0 77.0 22.0 0.91
2 2505.83333333 2.0 68.0 65.8 9.0 0.0
2 506.333333333 1.0 67.0 62.0 8.0 0.0
0 537.0 1.0 64.0 76.0 9.0 0.0
1 556.75 2.0 64.8 71.0 7.6 0.0
3 454.0 0.0 58.2 71.2 8.6 0.0
3 437.333333333 0.0 59.0 89.0 6.0 0.03
1 394.125 2.0 60.0 70.0 6.0 0.0
2 385.928571429 0.0 47.6 69.0 2.0 0.0
1 4212.33333333 1.0 69.0 68.6 8.0 0.0
1 422.0 2.0 71.6 65.2 6.4 0.0
0 521.0 1.0 70.0 68.0 9.0 0.0
1 440.0 2.0 51.6 69.0 1.4 0.0
1 387.545454545 0.0 50.8 69.2 1.4 0.0
1 502.75 0.0 59.2 77.0 6.4 0.008
0 924.0 2.0 65.6 75.0 8.0 0.0
3 423.0 0.0 62.4 66.2 5.8 0.0
3 557.5 2.0 60.0 60.0 2.0 0.0
2 395.666666667 0.0 55.6 81.2 3.2 0.0
3 361.0 1.0 68.6 58.8 7.0 0.0
1 425.142857143 3.0 60.8 84.2 10.8 0.93
2 394.125 0.0 55.4 74.8 4.8 0.0
2 300.333333333 0.0 51.2 78.0 9.0 0.302
3 444.666666667 0.0 58.0 63.0 7.0 0.0
2 371.416666667 0.0 56.0 79.0 9.0 0.01
0 268.0 0.0 63.0 66.2 7.2 0.0
1 520.818181818 0.0 57.0 79.0 5.0 0.0
0 421.0 0.0 66.0 64.0 9.0 0.0
1 426.8 0.0 62.2 64.0 11.6 0.0
2 372.0 1.0 67.2 69.0 6.2 0.0
2 266.0 2.0 54.0 79.0 4.0 0.0
2 488.6 2.0 69.8 67.6 6.6 0.0
3 380.0 2.0 64.0 49.0 5.0 0.0
2 903.75 2.0 69.8 54.2 4.2 0.0
1 1501.16666667 3.0 40.2 49.2 4.2 0.0
2 741.454545455 0.0 58.8 75.6 6.4 0.004
3 445.0 2.0 54.8 53.8 4.8 0.0
0 565.0 0.0 58.4 71.0 2.2 0.0
1 483.5 3.0 43.8 63.8 8.6 0.064
2 350.181818182 0.0 57.4 57.6 8.6 0.0
3 327.0 0.0 60.0 70.0 7.0 0.0
2 442.75 0.0 74.0 38.0 5.0 0.0
1 426.75 1.0 64.8 65.8 7.2 0.0
3 582.333333333 0.0 57.6 67.8 5.2 0.0
0 409.0 3.0 50.6 72.8 4.2 0.0
1 7048.66666667 2.0 53.2 73.8 3.0 0.0
2 492.0 2.0 64.0 80.0 8.0 0.0
2 462.615384615 0.0 50.4 78.8 2.6 0.0
0 996.0 2.0 61.0 80.0 8.0 0.32
1 366.333333333 0.0 51.2 61.6 0.8 0.0
2 525.333333333 1.0 69.6 56.8 6.8 0.0
3 745.333333333 0.0 64.8 46.8 8.4 0.0
2 1303.5 0.0 55.0 65.0 2.0 0.0
0 3584.25 3.0 52.0 64.0 1.2 0.0
3 522.666666667 2.0 71.6 43.0 3.6 0.0
3 283.0 0.0 61.6 69.6 5.8 0.0
3 798.0 2.0 66.8 70.6 6.2 0.0
3 369.0 3.0 50.0 64.0 2.0 0.0
1 471.333333333 3.0 57.0 89.0 3.0 0.0
1 458.333333333 0.0 48.8 70.8 5.8 0.0
2 800.428571429 0.0 62.4 66.2 5.8 0.0
3 510.0 2.0 69.2 70.4 5.0 0.0
2 760.0 2.0 55.2 76.6 2.6 0.0
0 1352.5 2.0 56.2 61.6 3.8 0.002
0 446.0 0.0 57.0 60.6 3.8 0.0
2 8849.0 0.0 61.4 65.8 4.2 0.0
2 728.0 2.0 64.0 73.6 6.2 0.0
3 412.333333333 0.0 60.0 67.0 9.0 0.0
3 457.5 1.0 62.0 68.4 8.0 0.0
1 346.4 0.0 57.4 57.6 8.6 0.0
2 443.416666667 1.0 68.6 70.2 8.2 0.0
2 1198.5 2.0 59.8 85.6 5.8 0.194
1 722.444444444 0.0 72.8 36.6 5.0 0.0
1 789.0 2.0 69.0 53.0 4.0 0.0
2 3850.0 1.0 70.0 67.0 11.0 0.0
1 484.2 0.0 60.0 70.0 6.0 0.0
3 364.8 2.0 57.6 71.6 5.6 0.0
2 2149.0 2.0 58.4 78.2 3.8 0.0
2 528.5 0.0 50.8 69.2 1.4 0.0
2 635.333333333 0.0 59.0 73.0 6.0 0.0
1 458.4 0.0 56.6 46.2 3.6 0.0
1 539.428571429 0.0 60.6 85.0 4.2 0.004
0 474.0 2.0 65.2 42.4 2.4 0.0
2 528.25 0.0 62.4 85.8 6.6 0.086
0 296.0 2.0 60.6 63.0 4.2 0.0
1 250.0 1.0 65.0 66.4 6.6 0.0
0 265.5 2.0 55.0 76.0 18.0 0.0
2 543.0 2.0 64.8 78.0 6.2 0.0
3 686.0 1.0 62.6 66.8 8.0 0.0
1 1562.85714286 2.0 67.2 73.2 5.6 0.0
2 433.285714286 0.0 59.8 57.8 6.2 0.0
1 415.0 2.0 70.2 64.4 4.2 0.0
0 477.75 0.0 57.0 71.0 6.0 0.0
3 384.0 0.0 54.2 54.4 3.0 0.0
2 2972.94736842 1.0 67.8 68.8 6.8 0.0
1 604.941176471 0.0 60.0 68.0 7.0 0.0
2 1030.5 1.0 65.6 71.4 9.4 0.0
2 1169.75 0.0 60.8 56.6 8.4 0.0
0 367.0 0.0 58.0 77.0 9.0 0.0
0 446.0 0.0 60.2 76.8 6.4 0.0
2 671.0 3.0 58.2 86.0 7.0 0.94
3 717.5 0.0 52.0 74.2 2.6 0.0
2 397.846153846 2.0 66.0 67.0 7.0 0.0
3 515.666666667 0.0 60.2 60.6 9.2 0.0
1 673.5 0.0 55.6 81.2 3.2 0.0
3 418.285714286 1.0 69.8 71.2 6.6 0.0
3 214.5 0.0 60.0 69.2 13.0 0.0
1 457.666666667 0.0 60.8 67.4 6.6 0.0
2 1073.33333333 3.0 54.0 72.0 6.0 0.19
0 310.0 2.0 62.8 64.0 3.0 0.0
0 551.0 0.0 52.6 72.0 3.2 0.0
2 928.0 2.0 59.0 50.6 1.2 0.0
2 673.0 2.0 65.4 76.0 6.2 0.32
2 615.5 2.0 70.6 65.6 4.4 0.0
3 430.0 0.0 57.8 75.4 10.6 0.762
1 473.166666667 1.0 60.0 74.0 11.0 0.0
1 498.5 0.0 54.6 34.4 9.4 0.0
1 447.375 0.0 60.8 68.2 6.8 0.0
1 540.5 1.0 65.6 69.8 8.6 0.0
1 463.333333333 2.0 64.0 71.0 9.0 0.0
3 353.0 2.0 69.2 70.4 6.8 0.0
3 394.0 0.0 61.0 40.0 11.0 0.0
3 461.5 3.0 53.0 80.4 6.0 0.104
2 898.0 0.0 59.0 71.8 8.2 0.0
2 6155.46153846 1.0 70.4 48.2 6.0 0.0
1 545.142857143 2.0 57.8 61.4 2.4 0.0
1 728.5 3.0 58.0 86.0 3.0 0.01
2 805.0 0.0 45.0 72.0 3.0 0.0
2 1820.6 0.0 54.0 83.0 3.0 0.0
1 3880.75 0.0 58.4 81.6 3.2 0.0
1 413.5 0.0 57.2 59.0 3.4 0.0
0 295.0 1.0 73.4 60.8 5.4 0.0
1 453.4 0.0 59.4 69.8 10.0 0.054
2 450.833333333 0.0 56.0 65.6 5.8 0.014
2 383.555555556 0.0 55.6 85.8 5.0 0.006
3 398.666666667 2.0 67.4 64.2 5.6 0.0
1 660.571428571 2.0 53.0 69.2 1.0 0.0
1 945.25 2.0 67.0 73.0 7.0 0.0
1 3037.0 0.0 62.0 65.4 9.4 0.0
2 473.9 2.0 60.2 70.2 6.8 0.042
1 979.4 0.0 56.6 57.2 7.0 0.0
3 311.0 0.0 59.0 75.0 9.0 0.0
1 463.785714286 0.0 70.0 48.0 5.2 0.0
1 489.333333333 0.0 75.4 45.6 4.4 0.0
1 381.0 0.0 63.2 62.4 6.4 0.0
3 435.25 0.0 63.0 71.0 7.0 0.0
0 423.0 1.0 70.4 48.2 6.0 0.0
2 506.5 3.0 50.2 54.2 8.2 0.0
3 522.333333333 2.0 53.0 69.0 5.0 0.0
2 416.090909091 1.0 69.6 66.0 7.0 0.0
0 385.0 0.0 53.0 74.0 12.0 0.85
3 487.333333333 0.0 54.6 52.0 3.4 0.0
2 646.5 1.0 68.0 70.0 7.8 0.0
2 391.909090909 2.0 56.2 82.2 4.8 0.0
2 316.0 0.0 50.0 87.0 3.0 0.0
2 306.0 0.0 48.8 60.2 4.6 0.0
1 333.0 0.0 58.4 68.8 5.0 0.0
2 559.090909091 3.0 57.8 82.0 3.2 0.0
1 695.5 0.0 62.8 65.8 9.0 0.0
0 265.0 1.0 67.4 63.8 8.4 0.0
1 538.0 1.0 68.6 68.4 7.0 0.0
3 1490.0 0.0 60.0 64.0 6.0 0.0
0 613.0 2.0 60.0 66.8 5.2 0.0
2 441.230769231 3.0 61.6 80.6 4.6 0.006
2 351.0 3.0 57.0 76.6 12.4 1.982
2 463.909090909 0.0 56.0 61.0 4.4 0.0
3 365.0 0.0 51.4 77.6 9.6 0.268
1 415.5 0.0 60.4 78.8 7.2 0.0
1 546.111111111 0.0 58.8 75.6 6.4 0.004
3 2078.0 0.0 48.8 60.2 4.6 0.0
2 478.8 0.0 58.8 70.0 6.8 0.0
2 381.25 0.0 63.0 63.0 9.0 0.01
0 484.0 0.0 73.0 42.8 5.2 0.0
3 293.333333333 1.0 70.4 48.2 6.0 0.0
3 488.0 0.0 57.0 74.0 12.0 0.0
1 430.333333333 0.0 60.6 79.8 5.0 0.0
2 11040.875 3.0 50.4 63.0 1.8 0.0
2 418.75 2.0 67.8 68.6 4.0 0.0
0 246.0 0.0 53.2 55.0 1.8 0.0
1 3840.8 2.0 70.0 66.8 7.2 0.0
3 352.0 2.0 61.4 68.4 4.2 0.0
2 426.363636364 2.0 67.6 59.4 5.4 0.0
2 545.166666667 0.0 61.8 48.6 4.6 0.0
2 919.625 0.0 58.4 50.0 4.4 0.0
0 452.75 0.0 59.6 71.6 7.0 0.0
2 283.75 0.0 41.0 64.0 4.0 0.0
2 571.666666667 0.0 57.4 60.6 4.4 0.0
2 497.363636364 0.0 46.4 51.4 13.6 0.0
3 1123.0 0.0 56.6 73.2 3.4 0.0
2 404.473684211 2.0 61.0 84.6 6.6 0.088
1 383.666666667 0.0 53.8 76.8 3.4 0.0
3 421.0 0.0 58.0 78.2 4.4 0.0
1 1154.42857143 2.0 61.4 61.0 3.6 0.0
2 630.083333333 1.0 68.8 70.2 7.2 0.0
0 231.0 2.0 53.0 72.2 2.0 0.0
3 280.333333333 0.0 57.0 50.0 1.0 0.0
3 388.5 1.0 61.0 70.0 14.0 0.0
1 456.6 0.0 58.4 81.4 4.2 0.0
3 421.25 2.0 69.8 67.6 6.6 0.0
2 399.0 0.0 59.8 69.0 9.0 0.0
3 386.5 3.0 44.4 63.8 1.4 0.0
3 435.8 0.0 56.0 73.0 7.0 0.036
1 754.75 2.0 55.2 57.6 3.0 0.0
0 417.5 0.0 63.2 62.4 6.4 0.0
0 495.0 0.0 60.0 74.0 9.6 0.0
0 379.0 2.0 57.0 82.0 6.0 0.0
0 554.0 3.0 52.6 82.2 3.0 0.172
2 394.0 0.0 65.4 49.4 6.4 0.0
1 678.625 2.0 65.4 73.2 5.2 0.0
2 447.583333333 0.0 55.8 62.0 6.6 0.002
3 496.0 0.0 53.0 76.0 13.0 0.57
3 352.0 2.0 62.0 77.0 7.0 0.0
2 4563.33333333 2.0 68.6 68.8 5.8 0.0
1 489.125 0.0 55.6 61.4 3.8 0.0
1 638.294117647 0.0 56.0 75.0 6.0 0.0
3 638.0 0.0 56.8 54.4 1.8 0.0
1 465.833333333 2.0 56.0 64.8 3.4 0.0
2 461.0 2.0 70.6 73.4 6.6 0.002
3 341.333333333 0.0 58.0 64.0 12.0 0.0
0 498.0 2.0 55.2 78.6 4.0 0.0
3 323.0 0.0 50.8 48.6 1.8 0.0
1 525.875 2.0 54.8 63.2 2.4 0.0
3 705.5 1.0 73.4 60.8 5.4 0.0
1 408.5 3.0 50.6 61.4 7.4 0.0
1 700.555555556 2.0 58.6 73.2 3.4 0.0
1 567.0 1.0 69.0 72.2 6.8 0.0
3 302.6 1.0 69.8 70.8 6.6 0.0
2 321.25 2.0 58.0 66.0 12.0 0.0
3 349.666666667 0.0 56.8 79.6 10.8 0.544
0 271.0 0.0 61.0 53.0 12.0 0.0
2 491.785714286 0.0 51.0 72.0 3.0 0.0
3 380.5 0.0 74.8 35.2 4.2 0.0
1 709.5 3.0 60.0 92.0 6.0 0.09
3 243.0 1.0 65.6 71.4 9.4 0.0
3 987.4 2.0 54.6 66.8 1.6 0.0
2 538.5 0.0 54.2 59.2 7.8 0.0
3 561.333333333 0.0 52.8 70.2 6.6 0.008
2 934.833333333 2.0 57.4 72.2 3.0 0.0
2 644.571428571 3.0 59.6 79.4 7.4 0.002
3 425.0 1.0 68.0 67.0 10.0 0.0
2 413.8 0.0 58.8 65.8 6.2 0.006
1 494.444444444 0.0 58.0 70.0 3.0 0.0
2 419.714285714 1.0 66.2 73.2 7.8 0.0
0 490.0 0.0 51.8 84.6 2.0 0.004
0 715.0 1.0 67.6 71.8 6.0 0.0
3 487.0 0.0 65.4 31.2 10.6 0.0
0 310.0 0.0 58.2 71.2 8.6 0.0
0 960.0 2.0 71.6 43.0 3.6 0.0
3 428.5 0.0 59.0 52.0 6.0 0.0
3 369.0 3.0 45.0 65.0 9.0 0.29
3 416.5 0.0 67.0 55.0 6.0 0.0
3 476.75 2.0 65.0 70.0 9.0 0.0
3 213.0 0.0 58.4 65.8 3.2 0.0
0 290.0 0.0 63.6 70.6 8.0 0.0
2 971.4 0.0 59.0 75.0 4.0 0.0
3 667.5 0.0 53.8 57.8 9.0 0.0
2 433.625 0.0 51.0 65.0 3.0 0.0
1 407.2 0.0 55.4 74.8 4.8 0.0
0 325.0 2.0 65.8 55.4 5.0 0.0
3 569.25 2.0 67.2 73.2 5.6 0.0
0 319.5 2.0 63.0 79.6 6.4 0.0
1 582.375 2.0 61.0 84.6 6.6 0.088
0 457.0 0.0 59.8 65.2 3.4 0.0
1 415.75 0.0 53.6 82.6 3.0 0.0
3 350.0 1.0 67.2 69.0 6.2 0.0
3 489.0 1.0 69.6 56.8 6.8 0.0
3 395.0 2.0 58.6 73.2 3.4 0.0
1 485.428571429 1.0 67.2 67.6 9.0 0.0
3 487.833333333 2.0 63.0 77.0 8.0 0.0
2 518.428571429 1.0 66.8 72.4 7.2 0.0
1 1010.66666667 2.0 70.8 74.0 7.4 0.0
2 1526.57142857 0.0 55.2 76.8 8.4 0.22
1 2514.5 1.0 65.6 72.4 6.8 0.0
0 442.0 3.0 48.0 43.6 2.4 0.0
1 827.928571429 2.0 64.2 43.4 3.2 0.0
3 378.5 0.0 64.6 67.0 8.2 0.0
1 484.444444444 2.0 67.6 59.4 5.4 0.0
1 1047.0 1.0 68.0 64.0 9.0 0.0
1 419.333333333 2.0 67.4 74.0 6.8 0.0
0 250.0 2.0 67.0 72.0 9.0 0.0
1 4341.28571429 2.0 66.0 66.0 10.0 0.0
1 635.0 2.0 61.8 59.2 5.2 0.0
3 536.0 1.0 67.0 75.0 7.0 0.0
2 355.444444444 1.0 72.6 70.4 7.2 0.0
1 530.166666667 0.0 56.0 65.0 4.0 0.04
1 426.0 2.0 52.0 66.0 2.0 0.0
0 1062.0 2.0 66.4 71.8 6.0 0.0
1 2430.5 0.0 59.8 65.2 3.4 0.0
3 1113.5 1.0 70.2 73.6 8.4 0.0
1 1838.0 1.0 72.8 64.2 7.4 0.0
0 544.0 2.0 65.0 72.0 7.0 0.0
1 445.1 0.0 56.0 61.0 4.4 0.0
3 395.0 0.0 60.2 65.0 8.6 0.0
2 432.0625 1.0 65.2 63.8 10.2 0.0
1 595.25 1.0 65.0 68.0 10.0 0.0
3 931.0 0.0 60.2 72.0 11.0 0.092
1 442.25 2.0 58.0 66.0 12.0 0.0
2 593.1875 1.0 65.6 57.4 6.6 0.0
2 1261.42857143 1.0 71.4 69.4 5.8 0.0
1 445.333333333 0.0 51.2 78.0 9.0 0.302
3 380.0 1.0 67.6 71.0 8.0 0.0
1 482.2 3.0 50.6 72.8 4.2 0.0
2 550.3 2.0 63.0 72.0 22.0 0.0
1 471.222222222 1.0 67.2 69.8 9.4 0.004
1 311.25 3.0 55.0 78.2 7.2 0.024
1 502.428571429 0.0 56.2 47.0 1.8 0.0
2 530.125 0.0 66.4 59.8 4.0 0.0
2 522.333333333 0.0 55.6 80.4 5.4 0.082
2 438.416666667 1.0 69.0 73.0 6.8 0.0
3 542.25 0.0 58.0 80.0 8.0 0.01
1 654.5 0.0 63.0 68.0 4.8 0.0
1 2368.84615385 0.0 58.6 66.0 5.2 0.0
1 424.0 0.0 55.4 72.2 8.0 0.132
1 394.0 0.0 52.0 68.2 4.6 0.02
2 423.384615385 0.0 53.0 83.0 2.6 0.0
1 351.75 2.0 58.0 74.0 2.6 0.0
2 1529.125 2.0 65.6 75.0 8.0 0.0
3 741.25 2.0 68.2 75.2 5.8 0.0
2 581.0 3.0 52.8 78.2 5.0 0.0
2 438.1 3.0 50.6 72.8 4.2 0.0
3 891.444444444 2.0 65.0 64.6 9.6 0.0
3 377.0 0.0 61.4 71.8 6.4 0.012
3 459.142857143 0.0 49.0 78.0 3.0 0.0
2 447.25 2.0 67.4 74.0 6.8 0.0
3 480.0 1.0 61.0 66.0 13.0 0.0
2 418.8 2.0 63.4 62.4 4.0 0.0
3 441.0 0.0 63.0 63.6 7.6 0.0
0 643.5 2.0 56.2 69.6 4.2 0.0
2 464.384615385 2.0 71.6 43.0 3.6 0.0
2 755.416666667 0.0 62.2 60.0 5.8 0.0
0 413.0 0.0 60.2 70.0 6.6 0.0
2 617.0 0.0 56.0 64.0 6.0 0.0
2 588.625 0.0 59.6 70.2 7.8 0.004
1 420.285714286 3.0 43.2 51.0 3.4 0.0
3 541.5 2.0 59.0 50.6 1.2 0.0
2 305.0 1.0 65.6 69.8 8.6 0.0
2 413.75 0.0 59.2 60.6 9.4 0.0
2 1506.0 0.0 62.0 62.2 5.6 0.0
1 348.0 0.0 54.0 69.0 11.0 0.11
2 448.714285714 2.0 57.0 82.0 6.0 0.0
0 208.0 3.0 54.0 83.0 8.0 0.13
0 341.0 1.0 64.6 71.4 6.4 0.0
2 475.875 0.0 49.6 73.2 3.0 0.0
1 824.5 2.0 64.8 74.6 9.0 0.106
2 853.666666667 1.0 71.0 68.0 6.2 0.0
1 522.222222222 0.0 58.4 50.0 4.4 0.0
2 433.5 0.0 62.0 72.0 11.0 0.0
2 422.555555556 0.0 65.4 31.2 10.6 0.0
2 762.0 0.0 63.0 70.0 6.0 0.0
1 579.3 0.0 67.8 60.8 6.6 0.0
3 440.0 0.0 63.0 63.0 9.0 0.01
2 420.857142857 0.0 57.0 48.0 13.0 0.0
2 422.8 1.0 62.4 67.4 8.0 0.0
0 294.0 2.0 54.6 59.4 5.2 0.0
2 517.214285714 1.0 69.4 72.8 7.6 0.0
2 471.0 3.0 61.0 86.0 12.0 1.43
1 1112.25 0.0 56.8 54.4 1.8 0.0
1 604.5 2.0 64.0 73.0 5.0 0.0
1 541.333333333 0.0 50.0 90.0 7.0 0.64
0 465.0 0.0 60.8 68.2 6.8 0.0
2 476.0 3.0 52.6 46.0 2.0 0.0
2 452.4 0.0 55.0 77.0 5.0 0.0
0 606.0 0.0 58.8 61.6 12.2 0.016
1 1606.16666667 2.0 64.0 64.0 12.0 0.0
2 455.8 2.0 57.8 36.0 6.0 0.0
3 366.666666667 2.0 63.0 60.2 6.4 0.0
2 1060.85714286 0.0 62.0 63.0 10.0 0.03
2 1029.23076923 0.0 56.0 63.0 13.0 0.0
1 826.5 2.0 54.0 69.2 6.0 0.0
3 829.666666667 0.0 56.0 57.0 4.0 0.0
1 468.666666667 1.0 66.8 72.4 7.2 0.0
2 590.8 0.0 62.8 67.0 6.4 0.0
1 487.0 0.0 59.0 76.6 7.0 0.0
2 866.444444444 2.0 56.0 71.0 13.0 0.0
3 496.0 0.0 58.0 65.8 7.8 0.0
0 514.0 0.0 62.2 68.4 5.6 0.0
3 350.0 0.0 50.0 84.0 3.0 0.0
1 451.2 0.0 54.0 69.0 8.0 0.0
1 1609.5 0.0 50.0 84.0 3.0 0.0
2 474.941176471 0.0 60.4 70.4 2.0 0.0
3 743.0 2.0 70.8 74.0 7.4 0.0
2 535.5 2.0 72.0 57.2 3.6 0.0
1 653.909090909 2.0 71.4 65.6 5.8 0.0
2 510.428571429 0.0 59.8 65.2 3.4 0.0
3 589.0 0.0 51.0 72.0 3.0 0.0
1 542.076923077 0.0 58.0 65.8 7.8 0.0
2 1156.77777778 0.0 68.6 59.6 3.6 0.0
3 498.5 0.0 60.0 71.0 10.0 0.0
0 487.0 2.0 57.0 73.0 4.4 0.0
3 397.333333333 2.0 70.6 65.6 4.4 0.0
1 580.333333333 0.0 54.0 71.0 4.0 0.0
1 598.777777778 1.0 71.4 69.4 5.8 0.0
1 404.666666667 0.0 59.8 69.0 6.0 0.214
1 450.666666667 1.0 70.2 73.6 8.4 0.0
0 402.5 0.0 75.4 35.6 5.2 0.0
3 581.0 3.0 60.0 92.0 6.0 0.09
0 494.0 1.0 67.2 69.8 9.4 0.004
2 799.666666667 0.0 60.0 66.4 7.4 0.0
3 411.0 0.0 59.8 65.2 3.4 0.0
3 393.5 3.0 52.8 78.2 5.0 0.0
1 523.428571429 2.0 60.8 58.6 3.2 0.0
1 2264.0 3.0 39.2 60.2 4.6 0.0
1 428.4 0.0 54.0 84.4 3.6 0.0
2 1823.33333333 3.0 48.0 71.2 2.2 0.0
3 447.0 2.0 67.0 72.0 9.0 0.0
1 404.75 2.0 62.0 61.6 2.2 0.0
3 366.0 0.0 59.0 73.0 6.0 0.0
2 435.545454545 2.0 55.4 68.6 3.6 0.0
0 543.0 0.0 52.0 86.0 2.0 0.0
0 690.0 2.0 57.0 75.2 5.8 0.01
3 373.75 0.0 57.6 55.8 14.2 0.0
3 584.142857143 0.0 54.0 61.0 4.0 0.0
2 5327.0 1.0 65.0 63.2 6.2 0.0
1 412.666666667 0.0 64.0 68.6 5.0 0.0
1 962.444444444 2.0 67.4 64.2 5.6 0.0
3 796.4 0.0 56.0 84.0 5.0 0.0
3 399.5 0.0 53.6 82.6 3.0 0.0
1 401.666666667 1.0 62.4 67.4 8.0 0.0
0 493.0 2.0 61.8 59.2 5.2 0.0
0 2228.33333333 2.0 53.8 54.2 2.2 0.0
3 370.333333333 1.0 68.0 63.0 11.0 0.0
1 1959.5 0.0 61.0 44.0 3.0 0.0
1 1509.33333333 1.0 69.2 68.4 6.2 0.0
1 465.6 2.0 57.8 36.0 6.0 0.0
3 601.0 2.0 68.4 65.0 4.8 0.0
3 313.5 1.0 66.4 65.0 9.0 0.0
2 463.666666667 0.0 63.0 57.2 7.8 0.0
1 783.666666667 2.0 52.0 84.0 6.0 0.0
2 1472.11111111 1.0 68.0 71.2 8.4 0.0
3 365.333333333 0.0 48.8 70.8 5.8 0.0
3 754.0 0.0 53.0 76.6 5.0 0.004
3 442.0 3.0 52.6 82.2 3.0 0.172
2 404.166666667 2.0 62.0 64.2 3.4 0.0
2 1524.0 2.0 67.2 35.6 2.4 0.0
2 911.384615385 1.0 67.6 72.0 7.6 0.0
2 429.0 0.0 48.0 41.0 7.0 0.0
0 404.0 0.0 54.0 64.0 7.0 0.0
1 510.5 0.0 59.0 60.0 11.0 0.0
3 436.333333333 0.0 62.2 64.0 11.6 0.0
3 460.0 1.0 63.0 79.0 13.0 0.0
3 381.666666667 0.0 60.0 68.0 7.0 0.0
0 597.0 0.0 57.0 72.0 14.0 0.0
3 546.0 0.0 57.4 67.2 5.6 0.0
0 355.5 0.0 54.0 75.0 6.0 0.0
3 377.0 1.0 65.2 65.6 9.8 0.0
3 314.0 0.0 59.0 72.0 13.0 0.0
2 392.0 1.0 70.0 73.2 9.0 0.0
3 424.0 2.0 58.4 78.2 3.8 0.0
1 498.9 0.0 64.6 67.0 8.2 0.0
3 435.333333333 0.0 51.0 73.0 5.0 0.0
1 429.0 1.0 67.6 75.4 7.2 0.0
2 461.666666667 2.0 66.0 64.0 9.6 0.0
2 443.5 0.0 60.0 70.0 6.0 0.0
1 5782.44444444 2.0 65.0 64.6 9.6 0.0
2 1641.0 2.0 65.6 74.6 4.4 0.0
0 300.0 0.0 56.0 61.0 8.0 0.0
3 531.0 1.0 74.2 60.2 6.0 0.0
1 442.6 1.0 68.0 70.4 8.0 0.0
1 452.8 0.0 50.0 60.8 1.2 0.0
1 1141.75 0.0 43.0 66.0 2.0 0.0
0 528.0 2.0 63.2 68.8 8.8 0.0
1 514.571428571 0.0 66.4 59.8 4.0 0.0
1 435.857142857 0.0 59.0 84.0 4.0 0.0
2 548.0 0.0 60.0 64.8 7.4 0.0
1 475.666666667 2.0 68.8 66.6 6.8 0.0
3 409.2 0.0 65.0 68.0 5.0 0.0
2 361.4 0.0 56.8 79.6 10.8 0.544
0 479.0 2.0 58.4 78.2 3.8 0.0
2 568.0 2.0 57.0 75.2 5.8 0.01
0 643.0 2.0 62.8 61.0 6.2 0.0
2 758.666666667 1.0 70.4 73.2 7.4 0.0
1 353.333333333 2.0 57.6 66.8 2.0 0.0
3 414.0 0.0 55.0 72.0 15.0 0.52
0 294.0 2.0 62.6 74.2 6.0 0.006
1 453.833333333 1.0 67.8 68.8 6.8 0.0
0 274.0 2.0 71.0 74.0 9.0 0.01
2 525.0625 0.0 56.0 80.0 6.0 0.0
3 421.0 3.0 51.4 60.0 1.0 0.0
3 295.75 1.0 66.0 69.4 7.6 0.0
1 986.916666667 0.0 59.6 71.6 7.0 0.0
0 432.0 0.0 62.2 64.0 11.6 0.0
1 1135.33333333 2.0 60.2 70.2 6.8 0.042
3 432.5 2.0 69.0 69.0 8.0 0.0
2 387.2 0.0 54.6 52.0 3.4 0.0
1 1084.25 0.0 59.6 63.6 2.0 0.0
3 502.0 0.0 58.8 70.0 6.8 0.0
3 474.0 2.0 62.6 71.4 6.2 0.002
3 260.333333333 1.0 64.0 53.4 7.2 0.0
3 370.333333333 2.0 60.4 62.6 4.4 0.0
1 1224.0 2.0 56.0 69.6 4.0 0.0
3 467.5 2.0 60.2 78.4 3.2 0.004
2 1042.2 0.0 55.8 81.4 3.4 0.006
2 390.2 1.0 70.8 58.2 8.2 0.0
3 417.5 0.0 62.2 68.4 5.6 0.0
1 525.111111111 2.0 57.4 81.8 4.0 0.0
3 473.0 2.0 56.0 69.0 6.0 0.0
2 450.0 1.0 70.6 65.4 8.0 0.002
1 509.666666667 1.0 63.0 63.0 7.0 0.0
1 576.5 3.0 56.0 76.6 8.6 0.306
3 419.0 2.0 69.2 53.0 4.8 0.0
1 616.625 0.0 54.4 85.4 3.6 0.002
3 341.333333333 0.0 57.0 64.0 4.0 0.0
2 13115.0 1.0 66.2 71.4 8.4 0.0
1 598.0 1.0 69.0 71.2 7.6 0.0
1 487.666666667 0.0 54.2 59.2 7.8 0.0
1 437.8 1.0 64.0 53.4 7.2 0.0
1 447.0 0.0 53.4 81.8 4.6 0.004
1 405.111111111 0.0 63.0 63.6 7.6 0.0
0 258.0 1.0 65.0 63.2 6.2 0.0
1 396.333333333 2.0 59.0 80.0 10.0 0.26
1 461.0 0.0 58.4 65.8 3.2 0.0
3 617.5 0.0 52.4 60.8 2.2 0.0
2 65553.0 1.0 68.6 66.4 7.4 0.0
1 829.0 0.0 62.4 62.2 5.4 0.0
2 378.666666667 0.0 59.4 67.6 8.2 0.0
1 509.833333333 3.0 51.4 61.8 1.2 0.0
2 561.769230769 0.0 55.6 61.4 3.8 0.0
3 345.0 1.0 66.0 69.6 6.8 0.0
3 523.0 1.0 66.2 71.4 8.4 0.0
2 480.625 0.0 59.4 77.0 4.6 0.0
1 659.727272727 0.0 57.2 73.6 2.8 0.0
1 1396.375 3.0 56.0 74.6 6.2 0.0
1 613.0 0.0 53.0 54.6 1.4 0.0
0 511.0 1.0 70.2 73.6 8.4 0.0
0 584.0 0.0 61.8 48.6 4.6 0.0
2 516.142857143 2.0 60.0 66.0 7.0 0.0
1 481.692307692 0.0 65.0 71.0 9.0 0.0
3 329.0 3.0 50.0 49.0 7.0 0.0
2 2659.85714286 0.0 65.2 58.0 5.2 0.0
2 1426.15384615 1.0 64.0 53.4 7.2 0.0
2 377.923076923 0.0 56.2 80.4 3.6 0.0
1 449.125 2.0 62.0 68.0 9.0 0.0
3 342.333333333 2.0 65.4 73.2 5.2 0.0
3 428.0 0.0 41.0 64.0 4.0 0.0
0 498.0 0.0 63.8 72.2 7.8 0.0
1 277.0 0.0 48.2 76.0 1.6 0.0
3 425.666666667 2.0 70.6 73.4 6.6 0.002
2 352.555555556 0.0 60.2 70.0 6.6 0.0
2 1559.72727273 0.0 60.8 67.4 6.6 0.0
0 515.0 0.0 60.4 70.4 2.0 0.0
3 428.666666667 2.0 71.6 65.2 6.4 0.0
3 409.0 3.0 43.2 51.0 3.4 0.0
3 630.75 2.0 66.2 73.6 6.2 0.0
1 529.666666667 1.0 63.2 65.0 7.2 0.0
0 392.0 1.0 64.0 53.4 7.2 0.0
1 1721.16666667 0.0 53.4 70.4 7.4 0.0
0 356.0 1.0 70.6 60.2 6.2 0.0
0 582.0 0.0 61.6 42.8 10.6 0.0
1 419.5 1.0 67.6 66.8 6.2 0.0
1 536.0 0.0 61.2 70.0 6.0 0.0
3 543.0 2.0 59.2 62.4 4.2 0.0
3 272.0 3.0 57.0 76.6 12.4 1.982
1 2629.61538462 0.0 54.4 66.8 4.8 0.0
0 300.0 0.0 48.8 60.2 4.6 0.0
2 573.571428571 0.0 55.0 67.0 1.0 0.0
0 442.5 3.0 58.0 86.0 3.0 0.01
0 550.0 2.0 60.0 60.0 7.0 0.0
3 323.0 0.0 60.0 61.0 8.0 0.0
3 367.0 1.0 69.4 72.2 6.4 0.0
0 476.0 0.0 55.2 74.6 3.6 0.002
0 437.0 1.0 65.6 57.4 6.6 0.0
1 595.3 0.0 56.8 47.4 11.6 0.0
0 395.0 0.0 63.0 57.2 7.8 0.0
2 537.6 3.0 56.0 74.6 6.2 0.0
3 374.875 0.0 60.0 74.0 9.6 0.0
3 1038.0 3.0 50.6 61.4 7.4 0.0
0 537.0 0.0 69.4 63.8 5.0 0.0
3 623.0 2.0 54.6 59.4 5.2 0.0
3 3688.6 2.0 68.6 71.2 7.2 0.0
3 456.333333333 3.0 58.0 76.2 2.8 0.004
1 517.0 0.0 53.0 73.0 3.0 0.0
2 547.071428571 0.0 63.0 63.6 7.6 0.0
1 385.0 1.0 70.4 73.2 7.4 0.0
3 587.0 1.0 62.2 65.6 6.4 0.0
1 224.0 2.0 68.6 68.8 5.8 0.0
1 540.125 1.0 64.2 69.0 7.8 0.0
1 1445.0 0.0 58.0 65.0 6.0 0.0
3 417.2 0.0 57.0 78.0 8.0 0.0
3 357.0 2.0 64.0 71.0 9.0 0.0
1 399.75 0.0 63.0 63.0 9.0 0.01
0 440.0 0.0 56.0 84.6 5.2 0.0
2 527.0 1.0 64.6 71.4 6.4 0.0
2 474.181818182 0.0 56.0 53.4 8.0 0.0
3 350.666666667 0.0 52.0 68.2 4.6 0.02
2 1941.75 1.0 67.2 67.6 9.0 0.0
3 475.333333333 1.0 68.4 75.0 6.2 0.0
3 420.0 0.0 58.0 67.0 3.0 0.0
0 527.0 0.0 58.8 70.0 6.8 0.0
2 671.857142857 2.0 65.4 70.0 6.8 0.0
3 781.25 1.0 67.8 72.0 8.6 0.0
0 350.5 0.0 57.8 68.0 9.0 0.0
3 728.5 2.0 57.6 65.8 9.6 0.0
2 1275.0 2.0 58.6 73.2 3.4 0.0
1 532.333333333 0.0 62.4 62.8 4.4 0.0
2 373.083333333 0.0 58.0 65.8 7.8 0.0
3 288.75 0.0 55.2 74.6 3.6 0.002
1 493.666666667 0.0 58.0 77.0 9.0 0.0
3 434.3 2.0 68.0 56.0 7.0 0.0
0 744.0 2.0 68.0 58.0 4.0 0.0
2 551.636363636 2.0 65.0 73.0 11.0 0.0
1 417.4 2.0 60.0 67.0 9.0 0.0
1 374.0 0.0 60.0 70.0 7.0 0.0
1 389.2 1.0 68.0 74.0 14.0 0.0
1 414.7 0.0 52.4 62.2 7.0 0.002
3 402.0 0.0 60.6 83.2 11.4 0.456
1 547.0 0.0 50.0 75.2 4.8 0.0
3 302.0 0.0 59.8 57.8 6.2 0.0
2 502.666666667 0.0 52.4 81.0 2.6 0.0
1 613.7 0.0 58.8 70.0 6.8 0.0
1 525.454545455 0.0 55.8 76.6 2.2 0.0
2 919.5 0.0 44.6 45.4 3.8 0.0
0 392.0 0.0 63.0 63.6 7.6 0.0
2 2167.0 0.0 60.0 78.0 9.0 0.02
0 396.333333333 0.0 58.4 58.2 8.2 0.0
2 2060.0 2.0 54.0 69.2 6.0 0.0
1 433.785714286 1.0 69.4 72.2 6.4 0.0
2 369.0 3.0 39.2 60.2 4.6 0.0
3 458.0 3.0 40.2 49.2 4.2 0.0
1 365.5 1.0 72.6 70.4 7.2 0.0
0 646.0 0.0 50.0 75.2 4.8 0.0
1 556.75 0.0 59.6 71.2 8.4 0.0
1 471.090909091 0.0 56.2 80.4 3.6 0.0
2 445.076923077 2.0 65.2 42.4 2.4 0.0
1 421.0 1.0 69.8 70.8 6.6 0.0
1 500.0 1.0 71.0 69.0 7.6 0.0
3 524.666666667 2.0 58.2 70.0 4.0 0.0
3 882.5 0.0 59.0 69.0 11.0 0.0
1 5425.18181818 0.0 64.8 46.8 8.4 0.0
2 597.428571429 3.0 55.8 80.6 9.4 0.114
2 711.714285714 1.0 67.2 69.8 9.4 0.004
1 1594.5 0.0 61.4 65.8 4.2 0.0
3 788.0 2.0 60.6 63.0 4.2 0.0
2 433.9 2.0 65.8 68.8 5.6 0.0
0 459.0 1.0 72.4 64.6 6.6 0.0
1 1142.0 3.0 48.0 71.2 2.2 0.0
0 530.0 3.0 48.8 71.8 3.8 0.0
2 412.0 1.0 75.2 63.0 6.4 0.0
3 19687.6666667 1.0 68.0 70.8 7.4 0.0
2 512.8 0.0 58.4 58.2 8.2 0.0
2 424.076923077 0.0 58.4 71.0 2.2 0.0
0 223.0 2.0 59.2 73.8 4.2 0.0
1 1223.0 3.0 54.6 69.6 2.0 0.0
3 602.666666667 2.0 60.2 70.2 6.8 0.042
3 539.0 0.0 60.2 60.0 5.4 0.0
2 322.0 0.0 56.8 54.4 1.8 0.0
2 579.0 1.0 70.6 67.2 7.0 0.0
1 3693.90909091 2.0 54.8 53.8 4.8 0.0
1 1403.0 1.0 68.2 68.8 8.0 0.0
2 362.454545455 0.0 60.0 68.0 7.0 0.0
0 474.0 0.0 60.4 78.8 7.2 0.0
2 635.333333333 1.0 67.4 63.8 8.4 0.0
1 441.4 0.0 58.2 71.2 8.6 0.0
3 404.0 1.0 69.0 71.2 7.6 0.0
3 279.0 2.0 60.4 64.8 5.6 0.0
0 474.0 2.0 64.0 73.6 6.2 0.0
2 606.0 2.0 57.8 77.2 3.4 0.0
1 862.25 3.0 50.0 64.0 2.0 0.0
2 447.466666667 0.0 60.2 65.0 8.6 0.0
1 467.764705882 0.0 53.0 71.0 5.0 0.0
1 352.666666667 2.0 65.8 55.4 5.0 0.0
0 283.0 2.0 59.8 70.0 3.0 0.0
1 3673.7 1.0 70.8 58.2 8.2 0.0
3 473.0 0.0 59.6 66.8 6.2 0.0
1 462.857142857 1.0 60.0 68.0 11.0 0.0
1 408.5 0.0 53.2 52.8 2.0 0.0
0 687.0 0.0 54.2 54.4 3.0 0.0
2 628.4 0.0 59.2 77.0 6.4 0.008
2 417.166666667 1.0 67.6 66.8 6.2 0.0
1 7651.25 3.0 53.2 82.6 12.2 0.564
1 1481.125 2.0 54.6 59.4 5.2 0.0
1 465.4 2.0 57.6 65.8 9.6 0.0
3 307.0 0.0 60.8 67.4 6.6 0.0
1 1254.0 1.0 73.4 60.8 5.4 0.0
0 589.0 0.0 58.4 50.0 4.4 0.0
2 488.1 0.0 51.8 84.6 2.0 0.004
2 1759.55555556 0.0 61.6 64.8 8.2 0.004
3 357.5 0.0 56.0 77.0 9.0 0.0
1 429.4 2.0 67.0 79.0 9.0 0.0
2 898.0 2.0 54.6 59.4 5.2 0.0
1 525.111111111 2.0 71.6 43.0 3.6 0.0
2 1316.33333333 0.0 57.0 67.0 5.0 0.0
3 434.5 1.0 68.6 70.4 7.0 0.0
3 260.0 2.0 59.0 83.0 7.0 0.08
2 532.0 2.0 64.8 74.6 9.0 0.106
1 426.666666667 1.0 68.0 71.0 8.0 0.0
0 471.0 0.0 57.8 47.8 6.8 0.0
1 505.111111111 0.0 58.8 61.6 12.2 0.016
2 424.461538462 1.0 61.4 66.2 8.8 0.0
2 610.25 0.0 56.6 57.2 7.0 0.0
1 522.777777778 0.0 60.8 72.8 5.4 0.0
2 428.454545455 1.0 69.8 70.8 6.6 0.0
0 409.0 0.0 66.4 57.6 5.6 0.0
3 330.5 0.0 60.0 67.0 6.0 0.0
1 533.5 0.0 52.8 62.6 2.4 0.0
1 773.75 3.0 53.2 73.2 4.8 0.078
3 538.5 2.0 55.0 65.0 2.0 0.0
2 419.125 0.0 63.0 37.0 15.0 0.0
1 453.0 2.0 54.0 70.0 3.0 0.0
0 537.0 1.0 68.6 68.4 7.0 0.0
2 371.166666667 0.0 60.6 85.0 4.2 0.004
2 374.5 2.0 57.0 76.0 4.4 0.0
2 2730.30769231 2.0 56.2 69.6 4.2 0.0
2 392.2 0.0 75.4 45.6 4.4 0.0
2 613.0 0.0 66.0 61.0 8.0 0.0
1 499.857142857 0.0 61.6 42.8 10.6 0.0
2 527.428571429 2.0 55.2 57.6 3.0 0.0
1 531.0 1.0 68.0 73.0 11.0 0.0
1 656.0 2.0 60.0 73.6 3.2 0.0
2 1003.0 3.0 62.8 79.4 5.0 0.094
2 485.533333333 0.0 59.4 64.2 8.6 0.0
0 667.0 2.0 56.6 69.0 5.2 0.0
1 579.222222222 2.0 63.6 79.6 5.0 0.0
3 449.6 2.0 61.0 79.0 2.0 0.0
1 373.0 2.0 56.0 56.0 5.0 0.0
2 3128.0 1.0 69.8 71.2 6.6 0.0
1 551.461538462 0.0 59.0 50.0 8.0 0.0
3 426.0 0.0 59.0 89.0 8.0 0.0
1 449.0 0.0 46.4 51.4 13.6 0.0
1 414.75 2.0 55.2 52.2 3.6 0.0
0 524.0 2.0 61.4 61.0 3.6 0.0
1 753.0 3.0 53.2 63.8 1.6 0.0
2 464.428571429 2.0 60.4 62.6 4.4 0.0
3 422.5 2.0 56.2 69.6 4.2 0.0
2 1017.33333333 0.0 57.0 55.4 3.2 0.0
2 1118.93333333 2.0 65.0 74.0 7.0 0.0
1 627.666666667 0.0 53.0 83.0 2.6 0.0
1 526.222222222 2.0 66.0 67.0 7.0 0.0
0 496.0 0.0 56.0 53.4 8.0 0.0
2 476.411764706 2.0 68.6 73.6 6.2 0.0
1 649.5 0.0 58.6 71.0 8.6 0.0
0 299.0 0.0 52.4 64.0 2.2 0.0
2 224.0 2.0 55.0 76.0 18.0 0.0
0 561.0 2.0 63.0 74.0 6.0 0.0
1 453.375 0.0 52.6 66.8 2.6 0.0
2 345.714285714 3.0 40.6 50.8 2.2 0.0
1 694.0 3.0 52.2 66.4 1.2 0.0
2 458.125 0.0 54.6 34.4 9.4 0.0
2 535.333333333 0.0 63.6 70.6 8.0 0.0
3 438.0 2.0 56.0 69.6 4.0 0.0
0 329.0 2.0 65.6 70.6 4.8 0.0
3 407.0 1.0 64.6 71.4 6.4 0.0
2 327.5 0.0 58.4 68.8 5.0 0.0
2 1700.875 0.0 60.8 68.2 6.8 0.0
3 252.5 0.0 59.4 77.0 4.6 0.0
1 4399.85714286 1.0 62.2 65.6 6.4 0.0
3 634.0 3.0 50.0 61.0 2.0 0.0
1 449.333333333 1.0 66.4 65.0 9.0 0.0
1 526.5 0.0 50.8 71.8 4.6 0.0
3 385.0 3.0 57.8 82.0 3.2 0.0
2 355.6 0.0 54.0 72.0 4.4 0.0
1 725.428571429 2.0 67.0 58.0 10.0 0.0
3 324.666666667 2.0 71.4 65.6 5.8 0.0
3 664.0 0.0 61.4 55.0 10.0 0.0
1 607.333333333 0.0 56.0 72.0 15.0 0.0
1 419.5 0.0 55.2 76.8 8.4 0.22
1 350.0 0.0 62.0 63.0 10.0 0.03
2 1130.84615385 2.0 71.6 65.2 6.4 0.0
2 475.071428571 0.0 59.0 81.0 5.0 0.0
1 568.5 0.0 52.4 64.0 2.2 0.0
2 439.181818182 1.0 69.2 67.4 8.4 0.0
1 2902.66666667 2.0 72.0 57.2 3.6 0.0
2 1530.44444444 0.0 65.0 71.0 9.0 0.0
2 461.5 2.0 64.0 71.0 6.0 0.0
2 469.5 2.0 70.2 64.4 4.2 0.0
3 512.5 2.0 62.0 61.6 2.2 0.0
3 545.75 1.0 68.6 68.4 7.0 0.0
0 435.0 0.0 57.0 79.0 12.0 0.87
2 2551.0 1.0 63.6 62.8 9.0 0.0
1 512.166666667 0.0 54.6 52.0 3.4 0.0
2 304.5 0.0 58.0 47.0 5.0 0.0
3 635.0 3.0 52.0 64.0 1.2 0.0
1 801.5 3.0 62.8 79.4 5.0 0.094
1 1258.72727273 0.0 59.4 77.0 4.6 0.0
3 171.0 2.0 72.2 70.0 7.6 0.0
2 1244.5 0.0 61.8 67.6 10.8 0.0
1 442.0 1.0 61.2 63.2 9.4 0.0
2 552.142857143 2.0 71.4 67.6 4.6 0.0
2 562.166666667 3.0 46.0 67.0 4.0 0.0
2 609.333333333 0.0 52.4 62.2 7.0 0.002
3 406.0 0.0 63.2 62.4 6.4 0.0
3 398.0 0.0 59.2 68.6 8.2 0.02
1 439.0 0.0 61.4 69.6 5.2 0.0
2 956.888888889 2.0 70.8 74.0 7.4 0.0
2 442.866666667 0.0 58.2 65.2 4.4 0.0
2 544.25 1.0 65.0 70.0 5.8 0.0
1 1483.75 1.0 67.4 63.8 8.4 0.0
0 574.0 0.0 56.2 80.4 3.6 0.0
1 1390.0 0.0 52.6 72.0 5.2 0.032
0 1727.0 0.0 59.4 67.6 8.2 0.0
1 429.75 2.0 55.0 93.0 4.0 0.66
1 2864.8 2.0 57.0 70.0 9.0 0.0
2 444.0 2.0 61.8 69.2 3.4 0.0
2 600.8 1.0 66.8 68.8 7.4 0.0
3 663.6 0.0 63.0 57.2 7.8 0.0
3 1003.25 0.0 54.0 83.0 3.0 0.0
0 133524.0 2.0 55.2 69.8 1.6 0.0
3 386.2 0.0 51.0 69.0 2.0 0.0
1 361.0 2.0 64.6 73.0 4.4 0.0
2 546.857142857 2.0 67.2 67.8 5.6 0.0
1 983.090909091 1.0 66.2 73.2 7.8 0.0
0 1518.66666667 1.0 61.4 66.2 8.8 0.0
2 961.714285714 2.0 59.2 73.8 4.2 0.0
1 524.777777778 2.0 57.4 72.2 3.0 0.0
2 391.5 0.0 54.0 84.4 3.6 0.0
3 362.666666667 2.0 56.0 64.8 3.4 0.0
2 277.0 1.0 65.8 72.0 9.0 0.0
0 956.0 1.0 72.6 66.6 7.4 0.0
0 662.0 2.0 57.8 61.4 2.4 0.0
1 593.666666667 1.0 68.4 65.0 6.0 0.0
2 599.0 2.0 66.4 71.8 6.0 0.0
2 950.666666667 0.0 55.4 89.2 2.6 0.0
3 337.5 0.0 70.0 47.0 6.0 0.0
1 1319.75 1.0 70.0 70.0 7.0 0.0
1 3508.0 0.0 61.0 69.0 6.0 0.0
2 611.272727273 0.0 69.4 45.4 3.8 0.0
3 1303.0 2.0 74.0 46.0 4.0 0.0
2 469.538461538 2.0 60.6 68.2 3.8 0.0
3 372.0 0.0 60.4 70.4 2.0 0.0
0 386.0 2.0 66.8 70.6 6.2 0.0
1 3136.14285714 2.0 63.8 75.4 8.2 0.0
2 924.2 0.0 57.2 59.0 3.4 0.0
3 532.5 1.0 62.4 67.4 8.0 0.0
1 734.25 0.0 53.0 63.0 10.0 0.0
2 735.0 0.0 67.8 57.8 6.6 0.0
0 554.0 0.0 46.0 68.0 3.0 0.0
2 449.0 3.0 48.0 43.6 2.4 0.0
1 9207.0 2.0 52.2 67.0 2.0 0.0
3 496.6 2.0 57.0 73.0 9.0 0.0
3 264.5 0.0 59.0 73.0 3.0 0.0
0 460.0 0.0 61.6 69.6 5.8 0.0
1 400.818181818 0.0 57.0 57.0 13.0 0.0
0 557.0 2.0 60.0 70.0 6.0 0.0
3 368.4 2.0 69.8 54.2 4.2 0.0
0 450.0 0.0 60.2 65.0 8.6 0.0
2 565.166666667 0.0 61.0 77.0 22.0 0.91
2 406.111111111 2.0 60.0 66.8 5.2 0.0
1 440.0 2.0 56.2 69.6 4.2 0.0
3 276.0 0.0 57.0 59.8 6.2 0.0
1 1465.0 0.0 62.8 67.0 3.4 0.0
2 937.0 2.0 61.0 79.0 2.0 0.0
0 373.0 2.0 65.4 46.8 3.6 0.0
3 413.0 0.0 54.0 69.0 8.0 0.0
1 461.125 2.0 57.8 77.2 3.4 0.0
0 204.0 2.0 66.2 73.6 6.2 0.0
2 917.375 0.0 60.2 76.8 6.4 0.0
1 444.0 0.0 50.8 48.6 1.8 0.0
2 350.111111111 2.0 56.8 88.4 5.4 0.348
2 676.5 3.0 55.0 78.2 7.2 0.024
2 1101.5 0.0 62.0 63.0 6.0 0.0
3 668.0 1.0 67.8 68.8 6.8 0.0
2 466.846153846 0.0 60.4 78.8 7.2 0.0
2 559.0 2.0 53.8 54.2 2.2 0.0
1 556.75 3.0 46.2 70.8 2.2 0.0
3 276.0 0.0 52.2 52.8 1.8 0.0
3 428.5 0.0 53.4 85.8 3.0 0.0
3 297.0 2.0 63.4 76.6 6.2 0.35
2 431.0 1.0 66.4 74.8 8.0 0.0
2 653.625 0.0 57.6 55.8 14.2 0.0
3 365.0 0.0 52.8 65.8 4.4 0.0
2 413.0 0.0 59.0 66.8 7.6 0.0
1 653.3125 0.0 55.8 62.0 6.6 0.002
0 478.0 0.0 53.4 52.6 2.2 0.0
0 948.0 0.0 54.4 85.4 3.6 0.002
3 357.5 0.0 52.0 51.0 4.0 0.0
3 790.0 2.0 62.0 46.6 8.4 0.0
2 509.3 0.0 61.4 70.4 3.8 0.0
2 599.538461538 2.0 60.0 73.6 3.2 0.0
2 815.4 2.0 60.6 63.0 4.2 0.0
0 412.0 0.0 64.0 68.6 5.0 0.0
2 820.2 0.0 58.0 72.0 11.0 0.0
0 356.5 2.0 68.0 64.0 9.0 0.0
3 4960.75 1.0 65.6 72.4 6.8 0.0
2 438.357142857 1.0 63.2 70.4 9.6 0.0
1 583.0 0.0 51.6 66.2 8.6 0.0
1 491.875 0.0 61.4 70.4 3.8 0.0
0 508.0 3.0 59.0 86.0 10.0 0.0
2 1942.0 0.0 51.0 69.0 11.0 0.0
1 413.5 0.0 52.0 72.0 13.0 0.69
1 957.5 2.0 68.4 73.0 8.4 0.0
0 500.0 0.0 55.4 74.8 4.8 0.0
3 563.625 0.0 53.0 78.0 3.0 0.0
1 898.0 2.0 65.6 70.6 4.8 0.0
0 419.0 0.0 57.0 72.0 11.0 0.0
3 601.0 1.0 63.2 65.0 7.2 0.0
2 408.6 3.0 56.0 84.0 3.0 0.0
3 985.0 0.0 55.8 62.0 6.6 0.002
1 731.0 1.0 63.0 71.0 8.0 0.0
0 359.0 0.0 59.8 67.2 8.2 0.0
0 432.333333333 1.0 64.2 69.0 7.8 0.0
0 1381.4 2.0 70.8 74.0 7.4 0.0
2 1289.5 2.0 67.2 71.2 7.2 0.0
1 369.666666667 0.0 63.0 60.0 6.0 0.0
3 435.0 0.0 60.0 64.8 7.4 0.0
1 4690.1 2.0 62.8 51.0 3.2 0.0
1 3086.0 0.0 67.8 57.8 6.6 0.0
3 336.0 2.0 52.0 84.0 6.0 0.0
1 528.416666667 0.0 66.6 64.0 3.6 0.0
1 471.8 0.0 59.4 47.4 4.0 0.0
2 427.333333333 0.0 50.0 73.0 3.0 0.0
3 376.6 0.0 59.0 50.0 8.0 0.0
2 676.0 0.0 57.4 75.6 7.0 0.014
0 374.0 2.0 53.0 69.2 1.0 0.0
1 1101.0 2.0 64.6 79.4 5.4 0.0
3 384.75 3.0 56.0 74.6 6.2 0.0
2 787.0 2.0 56.6 66.6 2.4 0.0
2 497.0625 1.0 69.4 72.2 6.4 0.0
0 588.0 0.0 70.0 48.0 5.2 0.0
3 302.0 0.0 63.0 62.0 11.0 0.0
2 934.2 2.0 62.8 51.0 3.2 0.0
2 1952.75 2.0 68.2 75.2 5.8 0.0
1 449.5 0.0 50.8 80.8 2.8 0.0
1 145.0 1.0 66.0 69.6 6.8 0.0
3 502.5 1.0 69.2 68.4 6.2 0.0
2 449.133333333 0.0 57.4 53.0 6.2 0.0
1 481.5 1.0 65.6 57.4 6.6 0.0
2 394.909090909 2.0 51.6 69.0 1.4 0.0
1 419.75 0.0 62.0 72.0 11.0 0.0
1 369.0 0.0 57.6 82.4 11.0 0.104
3 450.333333333 0.0 69.4 45.4 3.8 0.0
1 924.8 0.0 58.2 57.0 3.0 0.0
3 604.666666667 2.0 57.0 73.0 4.4 0.0
0 1389.0 0.0 61.0 69.0 6.0 0.0
2 415.5 0.0 56.0 73.0 7.0 0.036
2 403.5 3.0 52.2 66.4 1.2 0.0
3 467.0 1.0 68.6 70.2 8.2 0.0
2 397.25 3.0 43.6 65.4 5.4 0.122
2 543.333333333 0.0 64.0 68.6 5.0 0.0
2 759.0 2.0 70.0 66.8 7.2 0.0
2 380.0 2.0 67.4 64.2 5.6 0.0
2 516.818181818 0.0 60.4 60.0 12.8 0.0
1 495.777777778 2.0 61.4 68.4 4.2 0.0
3 1067.71428571 2.0 67.2 67.8 5.6 0.0
1 426.142857143 1.0 69.4 72.8 7.6 0.0
1 1866.25 2.0 57.6 71.6 5.6 0.0
2 449.666666667 0.0 56.0 48.0 2.0 0.0
3 535.0 2.0 54.0 69.2 6.0 0.0
1 435.625 0.0 54.0 72.0 4.4 0.0
1 639.2 0.0 58.0 63.0 7.0 0.0
3 440.8 0.0 59.0 71.0 9.0 0.02
1 812.8 0.0 54.0 83.0 3.0 0.0
1 481.5 2.0 61.8 73.6 1.4 0.0
2 471.25 0.0 53.4 70.4 7.4 0.0
2 452.952380952 2.0 71.4 65.6 5.8 0.0
3 311.333333333 2.0 67.4 74.0 6.8 0.0
0 512.0 0.0 62.4 66.2 5.8 0.0
2 391.8 0.0 53.8 57.0 3.0 0.0
1 671.666666667 0.0 56.0 64.0 10.0 0.0
2 2485.25 3.0 58.0 86.0 3.0 0.01
1 1156.0 2.0 67.0 41.0 4.0 0.0
3 399.25 3.0 60.0 80.0 4.0 0.0
3 458.0 3.0 62.0 86.0 6.0 0.11
2 982.733333333 0.0 59.8 67.2 8.2 0.0
3 877.0 1.0 71.2 70.2 9.0 0.0
1 7436.09090909 2.0 59.2 62.4 4.2 0.0
1 517.0 1.0 67.2 69.0 6.2 0.0
2 501.0 3.0 41.0 60.2 1.2 0.0
1 535.636363636 0.0 57.0 55.4 3.2 0.0
2 1478.5 2.0 68.4 73.0 8.4 0.0
2 784.333333333 0.0 53.0 64.2 7.4 0.028
1 449.666666667 1.0 66.2 62.2 7.6 0.0
1 502.0 0.0 41.0 64.0 4.0 0.0
3 811.5 1.0 77.2 53.0 6.0 0.0
1 377.2 1.0 69.2 67.4 8.4 0.0
2 401.714285714 0.0 59.4 69.8 10.0 0.054
1 451.0 2.0 68.0 67.0 7.0 0.0
1 566.846153846 2.0 60.4 64.8 5.6 0.0
1 503.111111111 0.0 57.0 71.0 6.0 0.0
1 490.0 2.0 65.4 70.0 6.8 0.0
2 1391.28571429 0.0 59.4 60.4 3.6 0.0
1 11261.0 3.0 57.0 89.0 4.0 0.0
0 376.0 3.0 51.4 61.8 1.2 0.0
3 330.0 2.0 57.0 73.0 13.0 0.0
0 428.0 2.0 54.8 53.8 4.8 0.0
1 1398.5 2.0 56.4 79.2 4.6 0.208
2 1338.45454545 0.0 66.0 50.0 6.0 0.0
3 514.0 2.0 64.0 63.0 4.0 0.0
2 583.571428571 1.0 66.6 73.2 7.4 0.0
1 1943.0 2.0 68.8 64.2 7.2 0.342
2 1133.41666667 1.0 65.2 65.6 9.8 0.0
0 318.0 2.0 54.0 69.2 6.0 0.0
1 391.714285714 2.0 65.0 72.0 7.0 0.0
3 465.666666667 1.0 67.2 69.8 9.4 0.004
1 467.666666667 0.0 61.4 55.0 10.0 0.0
3 814.0 0.0 57.0 67.0 5.0 0.0
2 473.777777778 0.0 50.0 60.8 1.2 0.0
0 472.0 0.0 58.4 63.4 8.4 0.0
1 392.454545455 0.0 49.0 78.0 3.0 0.0
1 534.666666667 0.0 54.6 80.0 2.4 0.0
2 422.0 3.0 50.4 82.2 1.8 0.004
0 241.0 2.0 65.0 79.0 6.0 0.43
0 1682.5 0.0 57.0 57.0 13.0 0.0
2 449.0 0.0 53.0 86.0 8.0 0.096
2 490.411764706 2.0 60.0 81.0 4.0 0.01
3 506.0 2.0 60.8 58.6 3.2 0.0
1 962.125 0.0 56.6 71.0 8.2 0.01
2 4242.63636364 2.0 76.2 52.8 4.2 0.0
0 240.0 1.0 68.0 66.0 10.0 0.0
1 5300.5 0.0 57.4 75.6 7.0 0.014
3 567.0 0.0 52.0 66.0 3.0 0.0
1 594.4 0.0 46.4 37.2 6.2 0.0
1 471.0 2.0 65.8 66.2 4.6 0.0
1 385.0 0.0 53.0 84.0 5.0 0.0
2 428.0 3.0 48.2 69.2 1.0 0.0
3 393.5 1.0 67.0 69.0 11.0 0.0
2 537.0 0.0 54.4 61.8 10.2 0.0
0 389.0 0.0 59.8 57.8 6.2 0.0
3 426.5 1.0 70.0 64.0 10.0 0.01
0 538.0 2.0 62.0 46.6 8.4 0.0
2 414.857142857 0.0 53.4 52.6 2.2 0.0
2 616.818181818 0.0 54.0 68.6 5.8 0.0
3 453.25 0.0 58.0 81.0 15.0 0.22
1 386.916666667 2.0 65.4 76.0 6.2 0.32
1 407.714285714 0.0 62.4 55.4 5.8 0.0
2 2017.5 0.0 60.0 67.0 6.0 0.0
2 503.666666667 0.0 57.6 83.4 3.0 0.0
3 806.2 0.0 52.6 72.0 5.2 0.032
3 349.0 0.0 75.4 45.6 4.4 0.0
3 588.0 1.0 65.6 69.8 8.6 0.0
1 395.5 0.0 56.6 73.2 3.4 0.0
3 436.4 1.0 66.4 74.8 8.0 0.0
1 529.888888889 0.0 59.4 66.8 7.6 0.0
1 403.8 1.0 67.8 72.0 8.6 0.0
2 520.0 2.0 64.0 48.6 3.4 0.0
3 403.0 2.0 63.0 75.0 9.0 0.0
2 679.333333333 2.0 60.8 76.4 3.0 0.0
2 416.0625 0.0 57.2 73.6 2.8 0.0
3 442.333333333 0.0 62.4 55.4 5.8 0.0
2 368.666666667 3.0 49.6 70.2 3.2 0.0
3 313.5 2.0 56.2 82.2 4.8 0.0
2 677.0 1.0 62.0 73.0 10.0 0.0
1 428.5 2.0 52.2 73.6 3.2 0.0
3 574.333333333 3.0 58.8 83.0 2.8 0.0
2 383.866666667 2.0 58.2 70.0 4.0 0.0
1 2676.5 0.0 62.4 66.2 5.8 0.0
1 530.923076923 0.0 57.8 47.8 6.8 0.0
2 487.166666667 0.0 60.4 55.0 10.6 0.0
2 712.571428571 0.0 52.0 74.0 7.0 0.07
0 424.0 0.0 62.0 62.4 11.0 0.0
1 533.5 2.0 67.2 67.8 5.6 0.0
1 490.846153846 0.0 51.0 80.0 1.0 0.01
1 515.6 1.0 69.8 67.8 7.6 0.0
1 369.785714286 0.0 58.0 72.0 5.0 0.02
2 488.944444444 0.0 55.2 74.6 3.6 0.002
2 617.166666667 3.0 57.6 81.4 2.0 0.014
2 559.0 0.0 58.0 83.0 15.0 0.99
1 428.2 2.0 53.4 63.6 3.2 0.0
3 311.0 0.0 47.4 70.4 4.6 0.022
1 646.0 2.0 65.4 46.8 3.6 0.0
1 534.181818182 0.0 58.0 68.4 9.0 0.0
3 713.0 0.0 53.2 55.0 1.8 0.0
0 445.0 1.0 65.2 63.8 10.2 0.0
0 599.0 0.0 47.8 69.0 1.0 0.0
0 587.0 3.0 62.0 86.0 6.0 0.11
2 489.823529412 0.0 52.4 69.2 1.2 0.0
1 806.5 0.0 48.8 60.2 4.6 0.0
1 607.2 0.0 54.2 54.4 3.0 0.0
1 994.545454545 2.0 60.6 58.2 2.0 0.0
0 329.0 0.0 57.2 73.6 2.8 0.0
3 10938.0 0.0 42.8 69.4 2.0 0.0
3 365.333333333 0.0 56.2 47.0 1.8 0.0
2 2185.4 2.0 66.8 70.6 6.2 0.0
2 469.315789474 2.0 58.4 70.0 2.8 0.0
3 574.0 0.0 61.8 48.6 4.6 0.0
3 335.0 1.0 67.0 62.0 8.0 0.0
2 602.0 0.0 64.2 44.2 9.0 0.0
3 403.25 2.0 59.8 80.6 8.6 0.056
2 376.428571429 3.0 44.4 59.4 1.4 0.0
2 339.636363636 0.0 61.4 72.8 6.2 0.0
0 446.0 2.0 57.8 36.0 6.0 0.0
1 482.142857143 3.0 44.4 59.4 1.4 0.0
3 306.0 0.0 53.0 62.0 3.0 0.0
2 428.0 0.0 62.0 65.4 9.4 0.0
2 538.363636364 0.0 53.8 57.8 9.0 0.0
2 3015.0 0.0 63.2 62.2 5.6 0.0
0 566.0 0.0 65.0 71.0 9.0 0.0
2 600.875 2.0 66.2 73.6 6.2 0.0
2 428.333333333 2.0 69.2 53.0 4.8 0.0
2 1126.9 1.0 73.4 60.8 5.4 0.0
3 426.0 0.0 55.0 70.0 5.0 0.0
3 461.0 0.0 61.4 72.8 6.2 0.0
1 560.0 2.0 60.2 78.4 3.2 0.004
3 558.0 0.0 59.8 67.2 8.2 0.0
1 525.3 0.0 54.6 60.6 3.4 0.0
2 4409.5 2.0 52.2 67.0 2.0 0.0
3 475.0 0.0 58.0 68.4 9.0 0.0
3 1454.75 0.0 63.8 72.2 7.8 0.0
2 478.285714286 0.0 52.8 70.2 6.6 0.008
0 427.0 2.0 60.6 58.2 2.0 0.0
1 446.333333333 0.0 52.8 70.0 1.8 0.0
1 631.5 2.0 68.4 65.0 4.8 0.0
2 458.142857143 2.0 68.8 66.6 6.8 0.0
3 234.0 2.0 65.2 72.2 3.2 0.002
1 386.0 1.0 68.6 70.4 7.0 0.0
3 371.166666667 0.0 56.2 80.4 3.6 0.0
1 488.0 0.0 57.4 71.2 5.6 0.0
2 576.3125 0.0 61.0 66.0 4.0 0.0
3 402.0 2.0 58.0 80.0 7.0 0.28
3 164.0 0.0 56.8 69.0 8.6 0.0
3 324.5 3.0 49.6 70.2 3.2 0.0
1 475.875 0.0 57.0 64.0 4.0 0.0
2 1084.16666667 0.0 53.6 46.8 4.2 0.0
3 465.5 0.0 54.0 72.0 4.4 0.0
3 531.0 2.0 71.4 67.6 4.6 0.0
0 445.0 0.0 52.0 69.0 5.0 0.0
2 587.5 1.0 74.2 60.2 6.0 0.0
1 5067.4 1.0 77.2 53.0 6.0 0.0
1 521.692307692 0.0 57.0 63.0 12.0 0.0
0 397.0 3.0 43.2 51.0 3.4 0.0
2 645.875 0.0 63.2 62.4 6.4 0.0
3 413.333333333 0.0 67.8 42.8 4.8 0.0
1 701.428571429 2.0 69.2 53.0 4.8 0.0
1 2228.14285714 2.0 68.6 73.6 6.2 0.0
3 349.666666667 0.0 60.4 60.0 12.8 0.0
2 1312.46153846 2.0 68.6 56.8 5.0 0.0
1 437.142857143 3.0 40.6 50.8 2.2 0.0
1 2668.28571429 3.0 50.4 63.0 1.8 0.0
0 273.0 0.0 57.0 74.0 12.0 0.0
1 501.5 0.0 60.8 74.8 3.2 0.0
0 455.0 2.0 56.4 79.2 4.6 0.208
3 322.0 0.0 50.0 70.0 4.0 0.0
3 426.5 2.0 55.4 68.6 3.6 0.0
2 1178.66666667 2.0 62.0 46.6 8.4 0.0
3 618.0 0.0 53.0 79.0 9.0 0.07
2 636.0 0.0 50.8 48.6 1.8 0.0
3 439.4 2.0 70.0 64.0 9.0 0.0
1 385.6 3.0 52.8 78.2 5.0 0.0
3 252.666666667 2.0 67.0 58.0 10.0 0.0
2 421.461538462 2.0 56.0 64.8 3.4 0.0
3 494.5 0.0 57.4 71.2 5.6 0.0
2 539.9 3.0 51.4 61.8 1.2 0.0
0 296.0 0.0 51.0 92.0 6.0 0.0
2 442.555555556 2.0 55.2 52.2 3.6 0.0
1 396.666666667 3.0 54.0 74.0 7.0 0.0
3 384.333333333 2.0 70.0 40.0 5.0 0.01
1 531.625 2.0 58.4 78.2 3.8 0.0
1 443.444444444 3.0 50.0 66.6 8.4 0.0
2 1288.2 0.0 60.2 60.6 9.2 0.0
3 470.5 0.0 54.4 61.8 10.2 0.0
1 3562.22222222 0.0 63.0 66.2 7.2 0.0
2 385.875 2.0 55.2 78.6 4.0 0.0
2 425.866666667 0.0 51.8 77.6 1.6 0.0
0 272.0 0.0 50.8 71.8 4.6 0.0
1 480.0 3.0 47.8 64.8 1.0 0.0
3 392.75 0.0 61.4 70.4 3.8 0.0
0 369.0 0.0 64.0 61.2 11.6 0.0
0 130925.0 0.0 58.0 78.2 4.4 0.0
0 335.0 1.0 75.2 63.0 6.4 0.0
0 593.0 0.0 57.4 67.2 5.6 0.0
1 406.142857143 1.0 74.2 60.2 6.0 0.0
1 40265.0 0.0 58.8 72.6 8.6 0.0
1 648.25 2.0 59.0 50.6 1.2 0.0
2 794.375 1.0 71.0 69.0 7.6 0.0
3 444.166666667 0.0 50.0 58.0 5.0 0.0
1 512.0 2.0 61.0 68.0 6.0 0.0
0 383.5 0.0 50.0 58.0 5.0 0.0
2 504.083333333 1.0 69.8 67.8 7.6 0.0
2 236.0 2.0 56.0 69.6 4.0 0.0
1 618.636363636 0.0 56.0 84.6 5.2 0.0
3 462.333333333 0.0 60.2 76.8 6.4 0.0
2 460.2 0.0 59.8 69.0 6.0 0.214
3 1104.75 2.0 56.6 66.6 2.4 0.0
2 548.454545455 0.0 69.4 63.8 5.0 0.0
3 354.0 2.0 69.6 68.8 4.8 0.0
3 212.0 0.0 59.4 60.4 3.6 0.0
0 572.0 1.0 69.0 64.0 9.0 0.0
3 335.5 0.0 62.0 62.0 5.0 0.0
1 461.5 0.0 49.2 58.0 1.6 0.0
1 546.928571429 0.0 56.0 84.0 5.0 0.0
3 328.25 2.0 67.8 68.6 4.0 0.0
1 502.25 2.0 62.8 50.8 6.4 0.0
2 399.0 0.0 56.4 45.6 2.4 0.0
1 20019.0 3.0 52.0 64.0 1.2 0.0
3 411.666666667 0.0 61.0 61.0 9.0 0.0
1 455.0 3.0 41.0 60.2 1.2 0.0
1 438.0 3.0 48.0 43.6 2.4 0.0
1 656.8 2.0 72.2 70.0 7.6 0.0
0 579.0 0.0 60.8 74.8 3.2 0.0
2 2840.33333333 0.0 63.0 66.2 7.2 0.0
3 266.0 0.0 56.8 47.4 11.6 0.0
1 745.0 1.0 65.8 72.0 9.0 0.0
3 1808.33333333 2.0 72.0 57.2 3.6 0.0
3 914.0 1.0 70.4 73.2 7.4 0.0
3 733.666666667 0.0 63.0 60.4 4.2 0.0
1 431.1 0.0 58.4 63.4 8.4 0.0
2 587.0 1.0 72.8 64.2 7.4 0.0
0 404.5 0.0 64.8 68.8 7.6 0.0
2 523.714285714 0.0 64.8 46.8 8.4 0.0
1 1086.5 0.0 55.0 77.0 7.0 0.0
1 358.0 1.0 70.6 67.2 7.0 0.0
2 1633.5 2.0 59.6 78.8 3.6 0.004
0 607.0 0.0 65.4 31.2 10.6 0.0
3 414.75 0.0 75.4 35.6 5.2 0.0
1 2521.0 0.0 59.8 67.2 8.2 0.0
3 409.666666667 1.0 68.8 70.2 7.2 0.0
1 458.285714286 0.0 57.0 70.0 13.0 0.0
0 273.0 0.0 67.8 57.8 6.6 0.0
2 531.5 1.0 68.0 63.0 11.0 0.0
1 508.5 0.0 54.0 75.0 8.0 0.15
3 380.0 0.0 50.8 69.2 1.4 0.0
2 957.0 0.0 57.0 68.0 8.0 0.01
3 515.0 1.0 71.0 68.0 6.2 0.0
2 442.125 3.0 59.8 81.2 3.0 0.028
2 911.909090909 0.0 52.8 71.0 4.4 0.0
3 747.666666667 0.0 57.0 60.0 4.0 0.0
2 441.529411765 0.0 57.2 70.6 8.0 0.0
1 2121.0 0.0 68.6 59.6 3.6 0.0
2 475.285714286 0.0 61.4 73.0 8.2 0.0
2 469.9 3.0 52.6 82.2 3.0 0.172
2 578.6875 0.0 59.0 73.0 3.0 0.0
3 337.666666667 1.0 70.8 58.2 8.2 0.0
1 402.75 2.0 66.8 70.0 6.8 0.0
3 323.5 1.0 69.4 72.8 7.6 0.0
3 384.714285714 3.0 53.2 82.6 12.2 0.564
0 304.0 2.0 56.0 71.0 13.0 0.0
1 525.0 1.0 65.2 63.8 10.2 0.0
2 660.416666667 0.0 67.0 49.6 6.0 0.0
1 493.0 0.0 56.0 73.0 7.0 0.036
2 502.714285714 0.0 55.8 76.6 2.2 0.0
0 470.0 0.0 66.4 59.8 4.0 0.0
0 676.0 2.0 63.0 60.2 6.4 0.0
2 3229.0 3.0 47.8 64.8 1.0 0.0
2 1027.85714286 2.0 65.8 55.4 5.0 0.0
1 531.0 1.0 66.0 69.4 7.6 0.0
2 350.5 0.0 53.8 76.8 3.4 0.0
1 467.1 0.0 59.6 70.2 7.8 0.004
0 261.0 2.0 69.0 67.0 9.0 0.0
3 1040.0 0.0 50.8 80.8 2.8 0.0
3 845.333333333 2.0 61.8 69.2 3.4 0.0
2 441.272727273 1.0 71.2 70.2 9.0 0.0
0 556.5 2.0 72.0 47.0 5.0 0.0
0 771.5 0.0 54.0 61.0 4.0 0.0
1 12311.0 3.0 51.4 63.4 1.2 0.0
0 439.0 1.0 66.4 65.0 9.0 0.0
2 1013.0 2.0 57.0 73.0 4.4 0.0
1 376.0 1.0 64.0 76.0 10.0 0.0
2 368.647058824 0.0 67.8 60.8 6.6 0.0
2 446.857142857 1.0 64.8 74.6 8.4 0.0
0 460.0 2.0 63.0 80.0 7.0 0.0
3 893.571428571 0.0 67.0 49.6 6.0 0.0
2 469.7 0.0 56.6 46.2 3.6 0.0
0 543.0 0.0 52.8 71.0 4.4 0.0
1 379.0 2.0 55.2 76.6 2.6 0.0
1 574.166666667 0.0 59.6 66.8 6.2 0.0
3 475.0 3.0 48.8 71.8 3.8 0.0
3 527.0 0.0 58.0 72.0 5.0 0.02
2 575.2 0.0 54.4 66.8 4.8 0.0
2 470.285714286 0.0 57.4 67.2 5.6 0.0
1 707.25 0.0 59.2 60.6 9.4 0.0
3 659.666666667 2.0 57.6 66.8 2.0 0.0
2 8530.33333333 0.0 57.8 73.4 11.2 0.178
2 669.636363636 0.0 63.0 62.0 9.0 0.0
3 443.0 2.0 62.8 61.0 6.2 0.0
3 2445.66666667 2.0 69.0 32.0 6.6 0.0
2 388.0 2.0 65.0 64.0 6.0 0.0
1 497.5 0.0 59.0 75.0 4.0 0.0
1 11748.1428571 0.0 57.8 67.0 3.6 0.0
2 421.533333333 0.0 52.8 67.2 3.2 0.0
1 618.0 0.0 60.0 69.2 13.0 0.0
2 409.3 3.0 50.0 66.6 8.4 0.0
1 175.0 0.0 52.6 72.0 3.2 0.0
0 282.0 0.0 56.8 54.4 1.8 0.0
1 473.0 1.0 68.0 71.2 8.4 0.0
3 1245.6 1.0 65.0 63.2 6.2 0.0
2 460.363636364 3.0 49.0 76.0 3.0 0.0
0 463.0 0.0 59.6 70.2 7.8 0.004
0 401.0 2.0 53.8 70.8 1.2 0.0
0 405.5 0.0 66.0 61.0 8.0 0.0
0 525.0 0.0 58.2 57.0 3.0 0.0
2 332.444444444 0.0 47.0 70.0 4.2 0.0
2 840.5 2.0 54.6 66.8 1.6 0.0
3 390.0 0.0 66.4 57.6 5.6 0.0
2 675.0 0.0 54.0 64.0 7.0 0.0
2 458.090909091 0.0 64.0 58.0 10.0 0.0
1 589.285714286 0.0 67.2 36.4 7.4 0.0
2 6452.55555556 2.0 62.8 50.8 6.4 0.0
1 378.0 0.0 57.8 75.4 10.6 0.762
2 396.5 2.0 69.0 53.0 4.0 0.0
3 286.0 0.0 60.4 62.0 10.8 0.0
2 568.5 0.0 51.2 61.6 0.8 0.0
1 800.4 2.0 66.0 74.0 21.0 0.0
1 401.444444444 0.0 56.0 63.0 8.0 0.0
3 321.444444444 0.0 53.6 70.2 3.0 0.0
2 495.055555556 1.0 68.6 58.8 7.0 0.0
2 662.6 0.0 52.8 62.6 2.4 0.0
3 634.666666667 2.0 65.0 66.0 19.0 0.0
1 1489.0 0.0 59.4 67.6 8.2 0.0
2 544.7 0.0 59.0 84.0 4.0 0.0
1 1074.6 3.0 52.0 86.0 3.0 0.0
1 310.0 1.0 67.0 69.0 11.0 0.0
2 491.857142857 2.0 68.6 64.0 5.8 0.0
2 414.888888889 3.0 51.4 60.0 1.0 0.0
1 409.666666667 0.0 61.0 64.0 17.0 0.0
3 535.0 2.0 68.4 73.0 8.4 0.0
0 429.0 1.0 64.4 66.2 7.8 0.0
2 588.571428571 1.0 64.8 65.8 7.2 0.0
1 518.0 2.0 66.4 71.8 6.0 0.0
0 363.0 0.0 48.2 76.0 1.6 0.0
1 413.333333333 0.0 58.8 65.8 6.2 0.006
1 5233.0 2.0 55.2 75.8 7.8 0.002
1 413.285714286 0.0 55.6 85.8 5.0 0.006
0 417.0 1.0 66.2 73.2 7.8 0.0
2 566.0 2.0 63.4 76.6 6.2 0.35
1 887.4 2.0 62.0 60.2 11.8 0.0
3 362.0 2.0 65.0 76.0 13.0 0.23
2 335.5 0.0 58.0 67.0 7.0 0.0
2 610.0 0.0 61.0 70.0 6.0 0.0
3 211.0 0.0 58.6 75.4 4.8 0.0
3 439.0 1.0 65.0 66.4 6.6 0.0
0 452.0 0.0 51.0 60.8 1.8 0.0
3 598.0 0.0 66.0 61.0 8.0 0.0
1 564.7 1.0 67.4 68.4 8.6 0.0
1 745.916666667 0.0 55.2 73.8 2.0 0.0
1 1821.5 2.0 69.8 54.2 4.2 0.0
0 430.0 2.0 58.8 46.6 3.0 0.0
1 748.333333333 3.0 47.4 65.4 1.0 0.0
2 307.0 3.0 51.4 63.4 1.2 0.0
3 374.0 0.0 56.0 66.6 5.4 0.022
3 388.6 1.0 66.0 71.0 9.0 0.0
2 534.894736842 2.0 62.6 64.8 4.4 0.0
2 492.6 2.0 65.8 66.2 4.6 0.0
1 498.333333333 3.0 50.4 66.2 1.4 0.0
3 1069.0 0.0 59.0 73.0 9.0 0.0
1 1125.2 2.0 72.2 63.6 5.0 0.0
0 284.0 3.0 55.0 43.0 3.0 0.0
0 850.0 0.0 59.0 71.0 10.0 0.05
3 407.6 1.0 69.0 68.6 8.0 0.0
2 424.692307692 0.0 59.6 66.8 6.2 0.0
3 410.666666667 1.0 69.2 67.4 8.4 0.0
0 1232.0 0.0 61.0 66.0 5.0 0.0
2 478.25 2.0 69.6 68.4 7.0 0.0
0 515.0 1.0 65.6 72.4 6.8 0.0
0 472.0 0.0 60.0 69.2 13.0 0.0
3 345.333333333 0.0 54.6 34.4 9.4 0.0
3 713.0 2.0 60.0 66.0 10.0 0.0
3 391.0 2.0 65.4 76.0 6.2 0.32
1 604.125 2.0 65.6 74.6 4.4 0.0
1 20410.0 2.0 56.6 66.6 2.4 0.0
3 379.5 0.0 57.0 76.0 3.0 0.0
0 459.0 1.0 68.0 74.0 14.0 0.0
1 2056.28571429 0.0 61.6 64.8 8.2 0.004
3 386.0 0.0 60.6 58.2 6.8 0.0
0 478.0 0.0 57.0 70.0 13.0 0.0
2 539.65 1.0 64.4 66.2 7.8 0.0
3 370.0 0.0 61.4 69.6 5.2 0.0
2 474.4 2.0 64.8 71.0 7.6 0.0
3 615.0 0.0 61.0 71.0 13.0 0.0
3 174.0 2.0 55.6 64.6 6.4 0.002
1 631.25 3.0 60.6 76.8 3.6 0.002
2 453.307692308 1.0 67.8 73.0 7.2 0.0
3 626.0 2.0 67.0 43.6 4.4 0.0
1 467.666666667 0.0 47.4 70.4 4.6 0.022
2 385.6 0.0 55.2 68.0 6.0 0.048
3 346.0 0.0 56.0 65.6 5.8 0.014
1 398.25 3.0 58.2 86.0 7.0 0.94
3 379.0 1.0 72.6 70.4 7.2 0.0
0 308.0 2.0 67.2 35.6 2.4 0.0
3 532.142857143 0.0 46.0 68.0 3.0 0.0
1 453.25 0.0 51.0 60.8 1.8 0.0
1 410.0 0.0 54.6 71.4 10.2 0.23
3 348.0 0.0 50.6 85.6 7.2 0.458
2 798.0 2.0 63.0 80.0 7.0 0.0
2 245.0 0.0 58.0 69.0 9.0 0.0
2 381.333333333 2.0 55.6 64.6 6.4 0.002
2 655.0 0.0 57.0 60.6 3.8 0.0
3 273.0 3.0 55.0 43.0 3.0 0.0
3 379.0 0.0 57.0 63.0 12.0 0.0
2 554.277777778 1.0 68.0 66.0 10.0 0.0
2 2191.58333333 2.0 62.0 65.0 9.0 0.0
2 462.5 0.0 55.4 72.2 8.0 0.132
3 368.5 0.0 57.8 47.8 6.8 0.0
3 493.0 2.0 64.6 79.4 5.4 0.0
1 389.0 1.0 66.0 71.0 9.0 0.0
2 1358.76470588 0.0 66.6 64.0 3.6 0.0
2 378.0 1.0 67.4 68.4 8.6 0.0
3 721.0 2.0 62.6 74.2 6.0 0.006
2 437.214285714 2.0 58.0 74.0 2.6 0.0
1 513.7 0.0 67.0 49.6 6.0 0.0
2 774.2 0.0 51.2 68.6 5.8 0.0
2 2829.0 0.0 58.4 81.6 3.2 0.0
0 415.0 0.0 52.4 60.8 2.2 0.0
1 546.0 3.0 58.8 83.0 2.8 0.0
2 475.642857143 2.0 63.2 68.8 8.8 0.0
3 395.5 2.0 58.4 70.0 2.8 0.0
0 263.0 0.0 50.8 80.8 2.8 0.0
3 1081.0 2.0 68.8 64.2 7.2 0.342
2 456.75 0.0 53.6 70.2 3.0 0.0
1 1206.0 2.0 62.8 64.0 3.0 0.0
0 491.0 2.0 60.4 62.6 4.4 0.0
1 535.416666667 0.0 58.4 71.0 2.2 0.0
1 572.777777778 2.0 58.6 78.4 4.2 0.0
0 486.0 0.0 61.4 72.8 6.2 0.0
2 382.0 2.0 59.2 62.4 4.2 0.0
1 551.384615385 3.0 59.6 79.4 7.4 0.002
2 918.5 2.0 59.8 70.0 3.0 0.0
2 456.384615385 3.0 58.8 83.0 2.8 0.0
0 466.666666667 1.0 65.0 70.0 5.8 0.0
2 455.357142857 0.0 58.2 71.2 8.6 0.0
1 525.0 0.0 52.2 52.8 1.8 0.0
2 477.307692308 0.0 64.6 67.0 8.2 0.0
3 376.0 0.0 63.6 70.6 8.0 0.0
2 853.0 1.0 65.6 72.4 6.8 0.0
3 14843.0 3.0 53.2 73.2 4.8 0.078
1 533.909090909 0.0 51.8 77.6 1.6 0.0
3 429.0 0.0 56.0 72.0 15.0 0.0
0 496.0 2.0 57.4 81.8 4.0 0.0
0 498.0 2.0 65.4 73.2 5.2 0.0
1 526.0 3.0 57.0 76.6 12.4 1.982
1 435.384615385 0.0 58.2 73.4 1.8 0.0
1 388.0 1.0 69.6 73.6 6.0 0.0
1 486.916666667 0.0 53.6 46.8 4.2 0.0
0 434.0 0.0 60.0 66.4 7.4 0.0
1 501.857142857 0.0 61.4 72.8 6.2 0.0
1 2233.71428571 0.0 60.0 66.4 7.4 0.0
0 473.0 0.0 56.4 45.6 2.4 0.0
3 223.0 3.0 58.0 84.0 2.0 0.0
3 272.5 2.0 58.8 46.6 3.0 0.0
1 24121.0 2.0 57.0 76.0 4.4 0.0
1 594.444444444 2.0 72.0 47.0 5.0 0.0
0 471.0 2.0 69.0 32.0 6.6 0.0
1 292.0 0.0 57.0 87.0 4.0 0.0
1 526.714285714 0.0 60.4 60.0 12.8 0.0
2 427.3 3.0 46.2 70.8 2.2 0.0
2 802.8 1.0 68.4 75.0 6.2 0.0
2 372.25 2.0 67.2 40.2 2.8 0.002
3 351.0 0.0 56.4 67.4 4.2 0.0
3 282.0 2.0 57.0 76.0 4.4 0.0
3 459.142857143 0.0 53.0 73.0 3.0 0.0
1 8168.0 2.0 68.6 71.2 7.2 0.0
3 436.0 0.0 62.0 62.4 11.0 0.0
3 562.0 2.0 67.2 35.6 2.4 0.0
2 568.75 0.0 54.6 71.4 10.2 0.23
1 444.714285714 0.0 73.0 42.8 5.2 0.0
1 436.0 2.0 69.2 70.4 5.0 0.0
1 876.857142857 1.0 68.0 66.8 7.8 0.0
3 543.0 2.0 67.6 59.4 5.4 0.0
3 364.0 3.0 50.4 82.2 1.8 0.004
1 1314.625 0.0 65.4 49.4 6.4 0.0
2 7222.0 2.0 65.8 70.4 7.4 0.0
3 500.5 1.0 69.8 67.8 7.6 0.0
2 420.0 0.0 58.4 63.4 8.4 0.0
3 410.0 2.0 63.2 68.8 8.8 0.0
0 393.5 0.0 52.4 81.0 2.6 0.0
1 3201.09090909 2.0 69.6 68.8 4.8 0.0
1 416.428571429 0.0 59.8 69.0 9.0 0.0
1 898.4 2.0 67.2 40.2 2.8 0.002
2 320.0 0.0 53.2 55.0 1.8 0.0
1 503.4 1.0 67.6 71.8 6.0 0.0
2 393.0 3.0 44.8 62.4 2.4 0.0
1 484.0 2.0 57.0 75.2 5.8 0.01
3 1049.0 3.0 60.0 87.0 8.0 0.1
3 394.5 0.0 59.0 40.0 5.0 0.0
1 387.6 0.0 62.0 62.4 11.0 0.0
1 445.0 0.0 60.0 64.8 7.4 0.0
3 327.666666667 1.0 65.2 63.8 10.2 0.0
3 485.25 2.0 61.0 56.0 4.0 0.11
2 339.666666667 0.0 60.6 79.8 5.0 0.0
3 435.75 2.0 69.0 76.0 8.0 0.0
3 643.5 3.0 59.0 86.0 10.0 0.0
2 622.5 0.0 58.8 61.6 12.2 0.016
1 5355.25 3.0 51.6 56.8 10.4 0.0
2 466.375 2.0 62.6 74.2 6.0 0.006
3 411.5 2.0 65.2 72.6 5.0 0.0
2 800.333333333 0.0 63.0 60.4 4.2 0.0
1 740.0 0.0 56.0 71.0 7.0 0.0
3 446.5 2.0 57.0 82.0 6.0 0.0
3 394.0 1.0 68.0 66.8 7.8 0.0
1 464.0 1.0 70.6 65.4 8.0 0.002
3 396.25 1.0 67.8 73.0 7.2 0.0
1 538.285714286 0.0 61.6 69.6 5.8 0.0
2 2929.875 1.0 73.0 68.8 5.6 0.0
1 860.5 1.0 73.0 68.8 5.6 0.0
1 5975.5 2.0 69.2 70.4 6.8 0.0
2 458.19047619 2.0 60.0 61.0 3.0 0.0
2 616.333333333 1.0 68.0 69.8 7.2 0.0
3 391.25 2.0 67.6 72.2 7.0 0.0
3 579.0 3.0 52.0 64.0 1.0 0.0
1 452.6 1.0 68.6 70.2 8.2 0.0
2 384.5 2.0 56.4 79.2 4.6 0.208
2 504.7 0.0 52.0 74.2 2.6 0.0
2 600.307692308 1.0 70.2 73.6 8.4 0.0
1 381.857142857 0.0 57.8 78.6 3.6 0.0
3 524.0 0.0 61.0 69.0 6.0 0.0
2 483.0 0.0 61.6 69.6 5.8 0.0
2 390.166666667 1.0 68.0 70.4 8.0 0.0
0 516.0 0.0 50.4 78.8 2.6 0.0
2 460.0 3.0 53.2 82.6 12.2 0.564
0 454.0 3.0 50.6 61.4 7.4 0.0
1 386.75 0.0 61.0 77.0 22.0 0.91
0 337.0 0.0 56.0 71.0 9.0 0.0
2 347.5 0.0 55.0 54.0 2.0 0.0
2 481.0 2.0 59.0 83.0 7.0 0.08
0 573.0 0.0 62.2 60.0 5.8 0.0
3 1089.0 1.0 65.8 72.0 9.0 0.0
1 7852.57142857 2.0 70.0 66.8 4.6 0.0
0 373.0 0.0 52.0 74.0 7.0 0.07
2 407.25 0.0 43.0 66.0 2.0 0.0
2 470.538461538 1.0 66.4 65.0 9.0 0.0
3 388.0 2.0 55.8 67.0 1.8 0.0
2 420.333333333 0.0 51.4 77.6 9.6 0.268
1 473.846153846 2.0 64.8 64.6 2.4 0.0
3 12006.0 1.0 67.6 72.0 7.6 0.0
0 6582.0 2.0 68.8 64.2 7.2 0.342
3 878.333333333 2.0 55.2 57.6 3.0 0.0
1 669.75 2.0 67.6 72.2 7.0 0.0
1 589.0 0.0 62.4 85.8 6.6 0.086
2 410.529411765 0.0 57.8 68.0 9.0 0.0
1 232.5 0.0 59.0 66.8 7.6 0.0
0 430.0 3.0 50.4 66.2 1.4 0.0
3 476.4 2.0 60.6 68.2 3.8 0.0
3 273.0 0.0 59.8 69.0 9.0 0.0
0 419.0 1.0 64.8 74.6 8.4 0.0
2 2637.4 0.0 72.8 36.6 5.0 0.0
1 586.75 0.0 59.0 71.0 10.0 0.05
3 200.5 0.0 55.6 85.8 5.0 0.006
3 467.0 2.0 58.0 72.0 5.0 0.0
2 358.625 2.0 55.0 65.0 2.0 0.0
3 1300.0 0.0 59.2 60.6 9.4 0.0
1 5123.2 2.0 60.6 66.4 6.6 0.0
2 374.0 2.0 55.4 68.0 3.6 0.0
1 14852.5 3.0 52.6 82.2 3.0 0.172
2 379.0 0.0 60.0 73.0 6.0 0.26
3 424.5 0.0 62.4 71.8 6.0 0.056
1 1709.90909091 2.0 56.0 86.0 5.0 0.01
1 473.25 0.0 53.8 57.0 3.0 0.0
1 872.285714286 2.0 56.0 80.2 3.0 0.002
2 618.0 3.0 53.0 63.0 1.0 0.0
2 767.333333333 0.0 55.0 77.0 7.0 0.0
3 420.25 0.0 65.0 47.0 8.0 0.0
3 331.4 0.0 58.0 77.0 9.0 0.0
1 433.6 0.0 59.0 58.0 6.0 0.0
0 454.333333333 0.0 57.6 83.4 3.0 0.0
1 603.583333333 2.0 58.2 70.0 4.0 0.0
3 440.111111111 2.0 66.0 67.0 7.0 0.0
2 764.0 2.0 74.0 41.4 3.6 0.0
3 487.0 1.0 75.2 63.0 6.4 0.0
1 989.454545455 0.0 75.4 35.6 5.2 0.0
0 621.5 2.0 55.4 68.6 3.6 0.0
3 206.0 2.0 65.8 70.4 7.4 0.0
3 434.5 1.0 68.0 71.2 8.4 0.0
0 3658.0 2.0 69.2 72.8 5.2 0.0
1 526.375 0.0 60.6 58.2 6.8 0.0
1 656.444444444 0.0 52.0 66.0 3.0 0.0
1 423.4 0.0 47.0 70.0 4.2 0.0
3 383.333333333 0.0 61.0 66.0 4.0 0.0
1 860.666666667 0.0 62.0 63.4 4.6 0.0
0 5030.0 2.0 69.0 76.8 6.4 0.0
1 741.833333333 2.0 63.0 60.2 6.4 0.0
0 329.0 0.0 55.0 57.0 1.0 0.0
0 319.0 2.0 56.0 80.2 3.0 0.002
2 5713.0 2.0 70.0 66.8 4.6 0.0
2 494.333333333 3.0 53.0 52.0 12.0 0.0
2 406.5 1.0 62.0 68.4 8.0 0.0
2 458.0 2.0 53.8 70.8 1.2 0.0
1 564.0 2.0 70.6 73.4 6.6 0.002
1 358.75 0.0 53.0 86.0 8.0 0.096
3 406.4 0.0 60.6 79.8 5.0 0.0
2 506.5 2.0 56.6 69.0 5.2 0.0
1 599.875 0.0 56.0 63.0 7.0 0.0
2 599.0 2.0 69.0 76.8 6.4 0.0
0 625.0 0.0 49.0 78.0 3.0 0.0
3 346.857142857 0.0 58.0 68.0 2.0 0.0
0 689.0 0.0 57.6 67.8 5.2 0.0
3 5191.0 0.0 59.0 75.0 4.0 0.0
1 378.5 0.0 51.2 68.6 5.8 0.0
1 469.25 0.0 50.4 78.8 2.6 0.0
3 358.0 1.0 66.2 73.2 7.8 0.0
2 566.333333333 0.0 62.8 65.8 9.0 0.0
1 496.916666667 2.0 58.4 70.0 2.8 0.0
2 433.0 0.0 55.4 68.6 7.4 0.008
1 457.0 2.0 62.0 64.2 3.4 0.0
1 678.333333333 2.0 53.0 72.2 2.0 0.0
3 254.5 0.0 57.4 68.2 7.0 0.0
1 602.571428571 0.0 63.0 60.4 4.2 0.0
2 510.625 0.0 56.0 75.0 6.0 0.0
1 454.555555556 0.0 47.6 69.0 2.0 0.0
0 520.0 0.0 56.0 57.0 4.0 0.0
3 366.5 0.0 55.8 76.6 2.2 0.0
2 640.285714286 2.0 61.4 61.0 3.6 0.0
3 546.0 0.0 55.6 81.2 3.2 0.0
3 129.0 2.0 55.4 68.0 3.6 0.0
2 1239.5 2.0 71.0 55.0 5.0 0.0
2 562.571428571 1.0 61.2 63.2 9.4 0.0
1 372.166666667 0.0 56.0 77.0 6.0 0.1
1 616.857142857 0.0 60.2 65.0 8.6 0.0
0 482.0 0.0 53.8 84.8 3.0 0.0
1 418.909090909 3.0 60.4 82.8 6.4 0.028
1 811.615384615 1.0 61.4 66.2 8.8 0.0
2 524.75 2.0 55.8 67.0 1.8 0.0
1 512.571428571 0.0 51.0 73.0 5.0 0.0
3 415.6 0.0 53.2 52.8 2.0 0.0
2 835.928571429 2.0 52.2 73.6 3.2 0.0
0 509.0 3.0 52.8 78.2 5.0 0.0
2 408.4 2.0 54.8 63.2 2.4 0.0
1 499.0 2.0 62.8 61.0 6.2 0.0
2 9621.0 0.0 50.8 71.8 4.6 0.0
2 398.538461538 2.0 56.0 80.2 3.0 0.002
1 487.714285714 2.0 63.0 77.0 8.0 0.0
3 420.25 1.0 67.4 68.4 8.6 0.0
2 424.125 3.0 40.2 49.2 4.2 0.0
2 1136.41176471 0.0 57.4 71.2 5.6 0.0
2 634.235294118 1.0 62.6 66.8 8.0 0.0
2 418.666666667 0.0 56.0 78.0 9.0 0.0
1 482.0 0.0 56.0 66.6 5.4 0.022
2 426.8125 0.0 51.4 71.6 3.0 0.0
2 402.428571429 2.0 60.6 58.2 2.0 0.0
2 476.4 1.0 72.4 64.6 6.6 0.0
2 527.125 2.0 69.2 70.4 5.0 0.0
1 641.307692308 1.0 64.2 70.6 8.0 0.0
3 559.5 0.0 66.4 59.8 4.0 0.0
1 606.166666667 3.0 56.0 85.0 12.0 0.25
2 440.9375 0.0 58.0 72.0 5.0 0.02
2 1122.11111111 2.0 62.6 71.4 6.2 0.002
2 509.272727273 1.0 67.6 71.8 6.0 0.0
1 572.642857143 0.0 57.6 55.8 14.2 0.0
2 2577.85714286 0.0 56.8 69.0 8.6 0.0
2 1075.28571429 0.0 70.0 48.0 5.2 0.0
1 591.0 0.0 55.8 81.4 3.4 0.006
2 558.071428571 2.0 53.4 63.6 3.2 0.0
2 488.428571429 0.0 61.4 55.0 10.0 0.0
1 1860.16666667 0.0 57.0 67.0 6.0 0.0
1 4898.66666667 1.0 68.0 69.8 7.2 0.0
1 496.0 2.0 56.2 82.2 4.8 0.0
2 465.5 2.0 68.6 67.2 7.8 0.0
3 777.888888889 0.0 53.0 81.0 3.0 0.0
0 461.0 0.0 60.0 63.0 7.0 0.0
2 392.95 2.0 63.6 79.6 5.0 0.0
2 696.0 3.0 43.8 63.8 8.6 0.064
2 1487.5 0.0 59.6 63.6 2.0 0.0
