2 490.6 3.0 51.4 61.8 1.2 0.0
2 552.166666667 0.0 49.6 73.2 3.0 0.0
2 497.454545455 0.0 57.8 68.0 9.0 0.0
2 656.833333333 0.0 53.0 54.6 1.4 0.0
1 355.5 1.0 62.4 67.4 8.0 0.0
1 786.0 0.0 53.4 81.8 4.6 0.004
2 329.0 0.0 49.0 75.8 8.0 0.22
1 652.692307692 1.0 72.4 64.6 6.6 0.0
2 790.666666667 2.0 66.8 70.6 6.2 0.0
3 244.0 0.0 52.4 64.0 2.2 0.0
0 821.666666667 2.0 70.0 66.8 7.2 0.0
1 854.111111111 2.0 68.0 71.0 8.0 0.0
2 560.5 2.0 71.6 43.0 3.6 0.0
1 572.545454545 0.0 57.4 53.0 6.2 0.0
1 714.230769231 0.0 54.6 52.0 3.4 0.0
1 2457.0 1.0 69.6 56.8 6.8 0.0
0 667.0 0.0 60.6 83.2 11.4 0.456
2 832.333333333 0.0 55.4 72.2 8.0 0.132
1 642.384615385 2.0 70.6 73.4 6.6 0.002
1 681.75 0.0 58.4 81.4 4.2 0.0
1 666.588235294 1.0 62.0 68.4 8.0 0.0
3 814.5 0.0 49.2 58.0 1.6 0.0
0 301.0 2.0 59.2 73.8 4.2 0.0
1 716.0 2.0 60.2 70.2 6.8 0.042
1 862.428571429 1.0 64.2 69.0 7.8 0.0
1 3186.6 0.0 60.8 72.8 5.4 0.0
3 425.0 0.0 53.8 76.8 3.4 0.0
1 577.333333333 0.0 63.8 72.2 7.8 0.0
2 595.9 3.0 57.8 82.0 3.2 0.0
1 521.666666667 0.0 57.2 74.2 7.8 0.19
0 472.0 2.0 65.2 42.4 2.4 0.0
0 1074.5 1.0 68.6 66.4 7.4 0.0
1 777.0 0.0 63.6 70.6 8.0 0.0
1 718.888888889 0.0 58.2 57.0 3.0 0.0
2 408.666666667 2.0 69.2 70.4 5.0 0.0
3 469.0 2.0 53.2 73.8 3.0 0.0
0 619.0 2.0 56.8 88.4 5.4 0.348
1 2663.71428571 1.0 69.4 72.8 7.6 0.0
1 712.944444444 2.0 57.4 72.2 3.0 0.0
3 8188.16666667 2.0 63.0 72.0 22.0 0.0
2 422.0 2.0 57.0 76.0 4.4 0.0
1 597.666666667 0.0 55.0 50.0 1.0 0.0
1 671.909090909 0.0 67.2 36.4 7.4 0.0
3 462.0 1.0 71.4 69.4 5.8 0.0
2 807.333333333 0.0 60.2 72.0 11.0 0.092
2 786.928571429 0.0 47.6 69.0 2.0 0.0
3 962.0 2.0 55.2 75.8 7.8 0.002
1 737.5 0.0 61.4 55.0 10.0 0.0
3 554.0 1.0 65.2 65.6 9.8 0.0
0 693.0 1.0 69.4 72.8 7.6 0.0
2 574.75 0.0 57.4 57.6 8.6 0.0
2 3761.66666667 2.0 61.8 73.6 1.4 0.0
2 1337.0 0.0 67.4 59.0 6.8 0.0
0 801.666666667 2.0 58.0 72.0 5.0 0.0
3 687.0 0.0 59.2 68.6 8.2 0.02
2 552.125 2.0 59.6 78.8 3.6 0.004
1 1149.29411765 0.0 60.8 68.2 6.8 0.0
1 878.6 2.0 63.8 75.4 8.2 0.0
2 558.3 3.0 60.0 87.0 5.0 0.01
1 518.75 2.0 70.0 66.8 4.6 0.0
2 476.0 3.0 62.8 79.4 5.0 0.094
1 715.6 2.0 70.2 64.4 4.2 0.0
1 729.375 0.0 53.6 82.6 3.0 0.0
1 1171.0 0.0 65.2 58.0 5.2 0.0
2 659.5 2.0 60.2 70.2 6.8 0.042
1 694.727272727 1.0 66.2 73.2 7.8 0.0
1 1321.5 0.0 72.8 36.6 5.0 0.0
2 881.0 0.0 58.0 65.8 7.8 0.0
0 879.0 3.0 56.0 74.6 6.2 0.0
1 679.5 0.0 60.0 70.0 7.0 0.0
2 476.833333333 1.0 70.6 65.4 8.0 0.002
1 808.727272727 2.0 60.6 68.2 3.8 0.0
0 281.0 0.0 63.8 72.2 7.8 0.0
2 619.666666667 1.0 69.6 56.8 6.8 0.0
3 1463.33333333 1.0 66.8 72.4 7.2 0.0
2 781.0 0.0 53.0 86.0 8.0 0.096
2 370.25 0.0 52.4 62.2 7.0 0.002
2 618.111111111 0.0 60.8 67.4 6.6 0.0
1 507.0 1.0 61.2 63.2 9.4 0.0
2 588.888888889 0.0 61.4 73.0 8.2 0.0
1 4894.25 0.0 55.6 61.4 3.8 0.0
2 449.0 0.0 56.6 73.2 3.4 0.0
2 558.0 1.0 62.0 68.4 8.0 0.0
1 365.5 0.0 52.8 65.8 4.4 0.0
1 589.153846154 2.0 68.6 73.6 6.2 0.0
1 503.25 1.0 66.0 69.4 7.6 0.0
0 691.0 0.0 59.8 69.0 6.0 0.214
2 589.0 2.0 57.8 77.2 3.4 0.0
3 377.5 0.0 60.2 72.8 2.4 0.0
2 22750.1818182 2.0 52.2 73.6 3.2 0.0
1 723.7 2.0 66.0 79.0 7.0 0.0
1 467.0 2.0 53.6 72.4 4.6 0.0
0 756.0 0.0 57.2 70.6 8.0 0.0
3 327.0 1.0 66.8 68.8 7.4 0.0
2 544.444444444 2.0 65.4 76.0 6.2 0.32
3 69.0 2.0 56.6 69.0 5.2 0.0
2 852.0 2.0 53.6 72.4 4.6 0.0
1 759.0 1.0 68.8 70.2 7.2 0.0
2 399.0 3.0 60.0 83.4 4.4 0.018
0 925.666666667 0.0 54.6 80.0 2.4 0.0
3 284.0 0.0 55.2 68.0 6.0 0.048
1 655.6 2.0 67.4 74.0 6.8 0.0
1 841.375 1.0 77.2 53.0 6.0 0.0
3 572.0 0.0 51.0 72.0 3.0 0.0
0 919.0 0.0 51.8 77.6 1.6 0.0
0 532.0 2.0 59.8 70.0 3.0 0.0
0 643.0 2.0 64.6 73.0 4.4 0.0
1 597.0 1.0 62.2 65.6 6.4 0.0
2 623.571428571 2.0 62.0 51.0 3.0 0.0
2 1482.5 2.0 66.2 73.6 6.2 0.0
2 572.909090909 0.0 62.4 66.2 5.8 0.0
2 682.8 0.0 73.0 42.8 5.2 0.0
0 713.5 0.0 50.4 78.8 2.6 0.0
1 655.285714286 1.0 65.6 57.4 6.6 0.0
1 877.0 2.0 53.2 73.8 3.0 0.0
1 594.428571429 0.0 61.8 48.6 4.6 0.0
3 244.0 0.0 61.6 42.8 10.6 0.0
1 641.083333333 1.0 63.2 65.0 7.2 0.0
1 786.5 1.0 69.2 67.4 8.4 0.0
2 781.0 0.0 62.4 62.2 5.4 0.0
1 888.0 0.0 66.0 66.0 5.0 0.0
1 786.444444444 0.0 51.0 60.8 1.8 0.0
1 728.8 1.0 70.4 48.2 6.0 0.0
1 870.384615385 2.0 72.0 57.2 3.6 0.0
3 733.0 0.0 50.8 69.2 1.4 0.0
0 295.0 2.0 60.8 76.4 3.0 0.0
1 628.333333333 2.0 65.4 70.0 6.8 0.0
3 589.0 1.0 67.6 72.0 7.6 0.0
1 3165.30769231 1.0 67.6 71.8 6.0 0.0
0 352334.0 0.0 61.4 65.8 4.2 0.0
3 783.0 0.0 60.2 76.8 6.4 0.0
1 698.909090909 2.0 54.8 53.8 4.8 0.0
3 552.0 2.0 58.6 73.2 3.4 0.0
0 788.0 0.0 66.6 64.0 3.6 0.0
2 931.333333333 2.0 65.4 73.2 5.2 0.0
2 2235.6 1.0 70.6 67.2 7.0 0.0
2 520.25 0.0 56.0 53.4 8.0 0.0
3 383.5 3.0 51.4 60.0 1.0 0.0
2 660.333333333 0.0 57.0 60.6 3.8 0.0
3 1139.5 1.0 64.4 66.2 7.8 0.0
2 591.0 3.0 53.2 82.6 12.2 0.564
2 542.272727273 2.0 64.8 64.6 2.4 0.0
1 1320.5 0.0 57.8 67.0 3.6 0.0
3 494.0 0.0 50.8 80.8 2.8 0.0
2 867.4 0.0 51.6 66.2 8.6 0.0
3 610.0 2.0 69.6 68.4 7.0 0.0
3 957.0 0.0 54.2 54.4 3.0 0.0
1 682.2 0.0 57.8 68.0 9.0 0.0
2 962.25 0.0 48.8 60.2 4.6 0.0
2 509.555555556 1.0 69.8 71.2 6.6 0.0
2 731.0 0.0 56.8 79.6 10.8 0.544
2 678.0 2.0 51.6 69.0 1.4 0.0
0 443.0 0.0 51.8 84.6 2.0 0.004
1 713.666666667 0.0 53.8 57.0 3.0 0.0
1 669.846153846 0.0 52.4 60.8 2.2 0.0
2 689.615384615 1.0 70.4 73.2 7.4 0.0
3 1006.0 2.0 53.4 63.6 3.2 0.0
2 1172.0 2.0 57.6 71.6 5.6 0.0
3 739.333333333 2.0 57.4 81.8 4.0 0.0
3 591.0 2.0 67.6 59.4 5.4 0.0
3 463.5 0.0 52.6 66.8 2.6 0.0
1 775.277777778 0.0 58.4 50.0 4.4 0.0
0 29339.0 3.0 52.6 82.2 3.0 0.172
0 949.0 2.0 69.2 70.4 6.8 0.0
1 662.75 0.0 62.4 71.8 6.0 0.056
1 665.714285714 0.0 60.0 45.0 7.8 0.0
3 638.0 2.0 62.6 64.8 4.4 0.0
3 444.0 1.0 68.0 69.8 7.2 0.0
2 774.0 0.0 58.4 68.8 5.0 0.0
1 750.666666667 2.0 74.0 41.4 3.6 0.0
3 112.0 2.0 68.8 66.6 6.8 0.0
1 849.090909091 2.0 56.0 80.2 3.0 0.002
1 604.333333333 3.0 60.0 83.4 4.4 0.018
3 465.25 0.0 56.6 71.0 8.2 0.01
2 609.875 0.0 57.0 57.0 13.0 0.0
3 344.5 2.0 56.8 88.4 5.4 0.348
2 479.857142857 0.0 56.6 71.0 8.2 0.01
2 577.5 3.0 56.0 76.6 8.6 0.306
1 898.307692308 2.0 55.4 66.0 6.0 0.0
0 772.5 0.0 61.6 77.2 18.0 0.696
3 742.666666667 0.0 57.4 67.2 5.6 0.0
2 777.8 2.0 58.4 78.2 3.8 0.0
1 587.769230769 2.0 68.8 64.2 7.2 0.342
2 530.428571429 2.0 57.6 65.8 9.6 0.0
0 1133.0 2.0 67.2 71.2 7.2 0.0
2 652.25 0.0 58.8 70.0 6.8 0.0
2 660.833333333 1.0 70.8 58.2 8.2 0.0
2 3681.3 1.0 64.0 53.4 7.2 0.0
0 661.0 0.0 58.4 65.8 3.2 0.0
3 457.0 0.0 60.2 60.0 5.4 0.0
1 7759.5 3.0 53.2 82.6 12.2 0.564
0 2177.0 2.0 55.4 66.0 6.0 0.0
2 509.875 0.0 60.2 70.0 6.6 0.0
1 409.0 0.0 55.2 76.8 8.4 0.22
3 773.0 0.0 56.8 69.0 8.6 0.0
3 484.333333333 2.0 74.0 46.0 4.0 0.0
0 588.0 1.0 70.8 58.2 8.2 0.0
2 577.363636364 3.0 40.6 50.8 2.2 0.0
2 6292.0 0.0 61.8 67.6 10.8 0.0
0 572.0 0.0 67.8 60.8 6.6 0.0
0 285.0 2.0 69.2 72.8 5.2 0.0
0 2634.0 2.0 61.8 59.2 5.2 0.0
3 395.0 1.0 69.6 66.0 7.0 0.0
2 692.285714286 0.0 56.0 53.0 1.0 0.0
3 334.0 3.0 50.0 66.6 8.4 0.0
1 792.166666667 2.0 62.0 64.2 3.4 0.0
2 2139.57142857 1.0 72.6 66.6 7.4 0.0
3 744.0 0.0 54.4 85.4 3.6 0.002
1 1178.63636364 0.0 60.8 56.6 8.4 0.0
2 653.333333333 1.0 68.4 75.0 6.2 0.0
1 1101.0 2.0 60.8 76.4 3.0 0.0
3 434.0 2.0 57.8 61.4 2.4 0.0
1 686.0 1.0 67.8 68.8 6.8 0.0
2 597.777777778 1.0 68.0 70.4 8.0 0.0
3 429.0 1.0 68.0 63.0 11.0 0.0
2 542.5 0.0 58.4 63.4 8.4 0.0
2 908.4 3.0 50.2 54.2 8.2 0.0
2 532.0 0.0 51.2 78.0 9.0 0.302
1 632.916666667 1.0 74.2 60.2 6.0 0.0
2 1346.53846154 1.0 67.2 67.6 9.0 0.0
3 832.5 0.0 53.0 54.6 1.4 0.0
1 600.142857143 0.0 50.8 69.2 1.4 0.0
0 389.5 3.0 60.4 82.8 6.4 0.028
1 960.6 2.0 57.6 71.6 5.6 0.0
1 1379.0 0.0 59.2 60.6 9.4 0.0
3 356.0 1.0 65.8 72.0 9.0 0.0
0 859.0 0.0 58.6 71.0 8.6 0.0
0 543.5 0.0 57.0 57.0 13.0 0.0
1 670.0 0.0 53.4 85.8 3.0 0.0
2 677.181818182 2.0 72.0 57.2 3.6 0.0
1 791.714285714 2.0 69.2 70.4 5.0 0.0
3 583.666666667 0.0 52.0 74.2 2.6 0.0
2 914.785714286 2.0 70.8 74.0 7.4 0.0
2 1756.55555556 0.0 52.4 64.0 2.2 0.0
1 22294.5 0.0 58.6 71.0 8.6 0.0
2 3306.83333333 2.0 55.2 78.6 4.0 0.0
1 698.0 0.0 64.8 46.8 8.4 0.0
2 611.285714286 0.0 52.6 66.8 2.6 0.0
2 2360.8 0.0 58.6 75.4 4.8 0.0
3 598.0 2.0 59.2 73.8 4.2 0.0
3 501.2 2.0 63.0 60.2 6.4 0.0
2 764.666666667 0.0 62.8 65.8 9.0 0.0
1 698.1 0.0 55.6 81.2 3.2 0.0
2 633.466666667 2.0 66.0 67.0 7.0 0.0
1 665.0 0.0 60.0 69.2 13.0 0.0
3 728.0 0.0 67.8 57.8 6.6 0.0
3 427.0 2.0 60.6 66.4 6.6 0.0
1 843.333333333 0.0 58.6 57.6 3.4 0.0
1 694.222222222 0.0 60.4 78.8 7.2 0.0
1 652.666666667 0.0 60.2 65.0 8.6 0.0
2 805.6 3.0 52.2 66.4 1.2 0.0
1 809.5 2.0 60.0 76.0 3.0 0.0
3 422.5 3.0 41.0 60.2 1.2 0.0
2 472.857142857 2.0 53.0 69.2 1.0 0.0
2 573.428571429 0.0 48.8 70.8 5.8 0.0
2 826.571428571 1.0 67.6 72.0 7.6 0.0
3 513.5 0.0 66.4 59.8 4.0 0.0
3 1218.0 0.0 56.6 57.2 7.0 0.0
1 452.4 2.0 65.6 70.6 4.8 0.0
1 540.5 0.0 49.0 54.0 3.0 0.0
2 1459.0 3.0 51.4 63.4 1.2 0.0
2 726.538461538 2.0 64.0 73.6 6.2 0.0
1 580.714285714 1.0 70.6 65.4 8.0 0.002
0 640.0 0.0 58.0 65.8 7.8 0.0
1 915.933333333 0.0 54.2 54.4 3.0 0.0
1 523.0 2.0 52.2 67.0 2.0 0.0
1 729.5 0.0 57.4 57.6 8.6 0.0
2 1943.4 1.0 66.6 73.2 7.4 0.0
1 632.210526316 0.0 57.8 78.6 3.6 0.0
1 640.533333333 2.0 71.6 65.2 6.4 0.0
3 412.0 0.0 59.4 69.8 10.0 0.054
3 475.0 0.0 54.0 72.0 4.4 0.0
3 817.0 2.0 68.0 65.8 9.0 0.0
2 733.285714286 1.0 64.6 71.4 6.4 0.0
2 1232.33333333 2.0 56.2 61.6 3.8 0.002
3 1164.0 2.0 67.2 40.2 2.8 0.002
2 545.666666667 2.0 69.2 53.0 4.8 0.0
3 1058.0 0.0 64.0 61.2 11.6 0.0
3 416.0 0.0 57.4 71.2 5.6 0.0
1 3162.72727273 0.0 61.0 71.0 13.0 0.0
1 844.333333333 0.0 50.8 71.8 4.6 0.0
3 661.0 0.0 47.6 69.0 2.0 0.0
1 677.0 0.0 47.6 69.0 2.0 0.0
3 1472.5 0.0 46.4 37.2 6.2 0.0
2 548.181818182 1.0 68.6 70.2 8.2 0.0
3 353.333333333 2.0 55.6 64.6 6.4 0.002
1 666.307692308 2.0 68.0 65.8 9.0 0.0
3 299.0 0.0 63.2 62.2 5.6 0.0
2 16697.0 0.0 53.0 64.2 7.4 0.028
3 519.0 0.0 60.6 85.0 4.2 0.004
2 797.666666667 0.0 63.0 66.2 7.2 0.0
2 457.333333333 3.0 44.4 63.8 1.4 0.0
3 822.666666667 0.0 59.4 64.2 8.6 0.0
3 187.0 1.0 70.2 73.6 8.4 0.0
2 1327.5 0.0 69.4 63.8 5.0 0.0
1 775.0 0.0 55.2 68.0 6.0 0.048
1 5718.0 0.0 55.4 68.6 7.4 0.008
2 718.666666667 0.0 57.4 53.0 6.2 0.0
0 1099.0 2.0 59.0 63.0 6.0 0.0
2 664.777777778 0.0 67.2 36.4 7.4 0.0
2 583.0 0.0 58.4 65.8 3.2 0.0
2 433.0 0.0 59.0 75.0 9.0 0.0
0 665.666666667 0.0 57.0 74.4 5.6 0.0
2 573.363636364 2.0 60.4 64.8 5.6 0.0
1 729.2 0.0 75.4 45.6 4.4 0.0
3 623.5 2.0 70.6 73.4 6.6 0.002
1 685.0 3.0 51.4 60.0 1.0 0.0
1 695.428571429 0.0 57.0 59.8 6.2 0.0
0 434.5 2.0 64.8 71.0 7.6 0.0
2 2600.75 2.0 67.2 40.2 2.8 0.002
1 1267.5 1.0 70.0 73.2 9.0 0.0
2 643.222222222 2.0 71.4 65.6 5.8 0.0
2 875.090909091 0.0 57.2 74.2 7.8 0.19
3 549.2 0.0 56.0 73.0 7.0 0.036
2 3635.0 3.0 50.4 63.0 1.8 0.0
1 1003.0 1.0 70.6 60.2 6.2 0.0
1 1036.46153846 1.0 67.8 72.0 8.6 0.0
1 764.833333333 1.0 68.4 65.0 6.0 0.0
3 1030.0 1.0 67.8 72.0 8.6 0.0
3 395.0 2.0 70.2 64.4 4.2 0.0
1 722.714285714 0.0 59.0 84.0 4.0 0.0
1 576.833333333 2.0 69.6 68.8 4.8 0.0
3 455.0 0.0 74.8 35.2 4.2 0.0
2 658.818181818 2.0 67.4 64.2 5.6 0.0
0 586.0 0.0 59.8 57.8 6.2 0.0
2 502.625 0.0 58.4 81.4 4.2 0.0
0 286.0 2.0 64.8 74.6 9.0 0.106
1 619.9 0.0 57.0 55.4 3.2 0.0
2 640.818181818 2.0 70.6 73.4 6.6 0.002
1 800.5 0.0 59.6 71.2 8.4 0.0
1 666.5 0.0 59.0 75.0 4.0 0.0
3 588.75 1.0 61.0 68.0 14.0 0.0
0 594.0 0.0 59.4 77.0 4.6 0.0
0 535.0 0.0 58.2 57.0 3.0 0.0
3 976.333333333 1.0 70.0 73.2 9.0 0.0
1 889.75 0.0 51.0 73.0 5.0 0.0
2 481.1 0.0 55.2 68.0 6.0 0.048
2 611.333333333 0.0 50.4 78.8 2.6 0.0
2 245.0 2.0 59.2 73.8 4.2 0.0
3 479.5 0.0 49.0 78.0 3.0 0.0
0 631.0 1.0 64.2 70.6 8.0 0.0
3 144.0 2.0 62.0 64.2 3.4 0.0
2 585.625 1.0 66.8 72.4 7.2 0.0
0 780.0 0.0 59.4 69.8 10.0 0.054
0 470.0 2.0 70.6 73.4 6.6 0.002
1 1024.14285714 0.0 57.6 65.4 6.0 0.0
3 468.0 2.0 68.6 71.2 7.2 0.0
2 618.4 0.0 60.4 78.8 7.2 0.0
1 570.923076923 0.0 57.4 67.2 5.6 0.0
2 754.866666667 2.0 66.4 71.8 6.0 0.0
3 916.0 2.0 56.0 84.0 13.0 0.0
2 535.8 2.0 60.8 58.6 3.2 0.0
1 1774.8 2.0 72.4 50.0 3.8 0.0
3 2924.0 0.0 60.4 62.0 10.8 0.0
2 1549.66666667 1.0 67.6 75.4 7.2 0.0
0 549.0 2.0 70.6 65.6 4.4 0.0
2 380.6 3.0 41.0 60.2 1.2 0.0
2 1144.5 2.0 58.4 70.0 2.8 0.0
2 438.5 0.0 47.4 70.4 4.6 0.022
2 399.666666667 0.0 58.4 81.6 3.2 0.0
0 1028.0 3.0 54.0 68.0 1.0 0.0
3 415.0 1.0 72.8 64.2 7.4 0.0
1 941.4 3.0 48.8 71.8 3.8 0.0
0 857.0 2.0 59.6 78.8 3.6 0.004
2 801.285714286 0.0 75.4 35.6 5.2 0.0
2 1081.55555556 1.0 68.0 64.0 9.0 0.0
2 600.384615385 1.0 65.6 57.4 6.6 0.0
3 120.0 0.0 58.4 50.0 4.4 0.0
2 540.272727273 1.0 71.4 69.4 5.8 0.0
3 811.5 0.0 51.8 84.6 2.0 0.004
2 670.857142857 2.0 65.0 64.6 9.6 0.0
1 666.25 3.0 47.8 64.8 1.0 0.0
2 787.272727273 1.0 69.6 73.6 6.0 0.0
1 616.529411765 0.0 73.0 42.8 5.2 0.0
0 654.5 0.0 54.0 72.0 4.4 0.0
3 267.0 2.0 72.2 70.0 7.6 0.0
2 521.333333333 0.0 58.0 78.2 4.4 0.0
1 327.0 3.0 56.0 85.0 12.0 0.25
0 616.0 2.0 68.6 67.2 7.8 0.0
1 732.545454545 0.0 52.6 66.8 2.6 0.0
1 607.625 0.0 59.6 71.6 7.0 0.0
2 771.2 0.0 52.4 69.2 1.2 0.0
1 685.307692308 3.0 50.6 61.4 7.4 0.0
2 707.2 0.0 46.4 51.4 13.6 0.0
1 780.5 0.0 54.6 71.4 10.2 0.23
1 392.0 2.0 64.6 79.4 5.4 0.0
1 1024.43478261 1.0 73.0 68.8 5.6 0.0
0 605.0 0.0 53.0 86.0 8.0 0.096
1 659.9 2.0 63.2 68.8 8.8 0.0
3 4098.75 0.0 57.8 67.0 3.6 0.0
2 433.181818182 1.0 69.0 68.6 8.0 0.0
1 658.545454545 0.0 55.8 62.0 6.6 0.002
0 845.5 0.0 58.2 73.4 1.8 0.0
1 656.769230769 3.0 46.2 70.8 2.2 0.0
3 410.0 0.0 56.2 47.0 1.8 0.0
2 492.8 0.0 53.2 52.8 2.0 0.0
2 585.428571429 0.0 52.4 81.0 2.6 0.0
2 537.142857143 0.0 62.4 71.8 6.0 0.056
1 858.727272727 2.0 68.6 71.2 7.2 0.0
0 882.0 2.0 68.8 66.6 6.8 0.0
2 515.0 3.0 48.0 43.6 2.4 0.0
3 749.0 0.0 59.6 71.6 7.0 0.0
1 729.75 1.0 68.0 70.4 8.0 0.0
0 433.0 2.0 65.6 74.6 4.4 0.0
0 882.0 2.0 57.0 63.0 2.0 0.0
3 504.0 0.0 61.0 56.4 6.0 0.0
2 754.142857143 1.0 64.8 74.6 8.4 0.0
2 1015.66666667 0.0 56.0 77.0 6.0 0.1
3 432.5 2.0 54.8 53.8 4.8 0.0
3 136.0 0.0 54.0 68.6 5.8 0.0
3 496.0 0.0 58.6 66.0 5.2 0.0
2 689.454545455 0.0 66.4 59.8 4.0 0.0
2 681.333333333 2.0 62.0 64.2 3.4 0.0
3 722.0 3.0 60.8 84.2 10.8 0.93
1 745.307692308 2.0 61.2 59.0 3.6 0.032
3 640.0 0.0 57.8 68.0 9.0 0.0
3 843.0 1.0 65.6 57.4 6.6 0.0
2 530.636363636 1.0 67.2 69.8 9.4 0.004
3 929.0 3.0 58.0 83.0 2.2 0.004
2 599.9 2.0 67.6 59.4 5.4 0.0
2 674.166666667 0.0 74.8 35.2 4.2 0.0
1 788.304347826 2.0 56.2 82.2 4.8 0.0
0 3066.0 1.0 67.6 75.4 7.2 0.0
0 583.0 3.0 61.6 80.6 4.6 0.006
0 396.0 0.0 55.0 57.0 1.0 0.0
1 696.166666667 3.0 43.6 65.4 5.4 0.122
1 952.444444444 0.0 54.4 85.4 3.6 0.002
1 752.777777778 2.0 66.0 39.0 3.0 0.0
2 517.3 2.0 68.6 64.0 5.8 0.0
2 529.428571429 0.0 53.8 76.8 3.4 0.0
2 628.8 0.0 51.8 84.6 2.0 0.004
1 762.818181818 0.0 58.2 65.2 4.4 0.0
2 3176.0 1.0 67.4 63.8 8.4 0.0
1 691.8 2.0 57.8 61.4 2.4 0.0
2 1138.33333333 2.0 65.6 70.6 4.8 0.0
2 1901.58333333 0.0 62.0 72.0 11.0 0.0
3 1926.0 0.0 57.0 74.0 14.0 0.0
1 893.75 3.0 54.6 69.6 2.0 0.0
0 723.0 0.0 53.6 46.8 4.2 0.0
1 754.076923077 2.0 69.0 32.0 6.6 0.0
2 416.111111111 1.0 65.0 70.0 5.8 0.0
1 773.0 2.0 62.0 53.0 2.0 0.0
0 660.0 0.0 56.8 79.6 10.8 0.544
2 797.25 2.0 60.0 66.8 5.2 0.0
2 594.733333333 2.0 68.8 66.6 6.8 0.0
3 1168.5 0.0 75.4 45.6 4.4 0.0
2 764.0 2.0 74.6 41.8 3.4 0.0
2 755.230769231 0.0 58.2 65.2 4.4 0.0
2 670.0 2.0 56.6 66.6 2.4 0.0
3 702.5 1.0 77.2 53.0 6.0 0.0
1 578.571428571 2.0 63.0 79.6 6.4 0.0
2 627.375 2.0 64.0 49.0 5.0 0.0
2 546.0 2.0 65.6 75.0 8.0 0.0
3 798.0 2.0 62.0 68.0 9.0 0.01
3 689.0 2.0 69.0 66.0 9.0 0.0
3 248.5 0.0 56.0 84.6 5.2 0.0
2 861.333333333 0.0 65.4 49.4 6.4 0.0
3 447.5 2.0 65.6 75.0 8.0 0.0
0 1119.5 0.0 55.2 73.8 2.0 0.0
0 526.0 3.0 40.2 49.2 4.2 0.0
1 894.8 0.0 56.6 71.0 8.2 0.01
1 4734.66666667 2.0 70.8 74.0 7.4 0.0
2 485.75 0.0 53.6 70.2 3.0 0.0
2 3707.4 2.0 71.8 53.2 3.8 0.0
2 489.428571429 0.0 60.6 85.0 4.2 0.004
1 790.2 0.0 64.8 68.8 7.6 0.0
2 1072.28571429 1.0 72.8 64.2 7.4 0.0
0 1056.33333333 0.0 50.0 75.2 4.8 0.0
2 797.0 1.0 66.2 73.2 7.8 0.0
1 658.6 0.0 56.0 76.0 6.0 0.0
2 765.307692308 2.0 69.6 68.8 4.8 0.0
3 341.0 2.0 65.6 70.6 4.8 0.0
2 737.0 2.0 70.6 65.6 4.4 0.0
2 562.545454545 0.0 51.8 77.6 1.6 0.0
1 1117.75 0.0 56.6 73.2 3.4 0.0
1 751.75 0.0 58.0 78.2 4.4 0.0
3 257.0 0.0 60.0 45.0 7.8 0.0
2 604.428571429 1.0 70.0 70.0 7.0 0.0
1 616.5 3.0 52.0 64.0 1.2 0.0
1 620.0 1.0 67.2 67.6 9.0 0.0
3 648.0 3.0 52.6 82.2 3.0 0.172
3 749.0 1.0 71.0 69.0 7.6 0.0
1 1119.57894737 0.0 53.0 76.6 5.0 0.004
3 339.0 2.0 58.4 78.2 3.8 0.0
1 3603.5 2.0 70.0 66.8 7.2 0.0
0 622.5 0.0 54.6 60.6 3.4 0.0
1 687.916666667 2.0 67.0 59.0 6.0 0.0
2 419.5 3.0 50.0 66.6 8.4 0.0
3 740.5 1.0 69.4 72.8 7.6 0.0
1 398.0 0.0 58.8 72.6 8.6 0.0
3 585.0 1.0 65.6 69.8 8.6 0.0
1 4342.5 1.0 65.0 66.4 6.6 0.0
2 6327.14285714 2.0 54.0 69.2 6.0 0.0
0 666.0 2.0 66.2 73.6 6.2 0.0
2 479.714285714 2.0 68.0 65.8 9.0 0.0
3 702.5 1.0 67.8 68.8 6.8 0.0
2 1132.66666667 2.0 70.0 66.8 4.6 0.0
2 463.714285714 2.0 52.2 67.0 2.0 0.0
3 756.0 0.0 58.0 52.0 17.0 0.0
2 565.666666667 0.0 60.8 68.2 6.8 0.0
2 2084.71428571 2.0 53.2 73.8 3.0 0.0
3 205.0 0.0 60.4 60.0 12.8 0.0
0 1109.0 2.0 71.6 43.0 3.6 0.0
2 17504.75 3.0 43.6 65.4 5.4 0.122
2 1031.07692308 2.0 62.6 64.8 4.4 0.0
0 950.0 0.0 50.8 69.2 1.4 0.0
2 519.0 3.0 60.4 82.8 6.4 0.028
2 863.2 2.0 69.2 72.8 5.2 0.0
0 516.0 1.0 65.2 65.6 9.8 0.0
2 483.8 0.0 62.8 67.0 3.4 0.0
3 903.0 2.0 56.2 69.6 4.2 0.0
0 556.0 0.0 55.6 80.4 5.4 0.082
3 923.0 1.0 67.6 66.8 6.2 0.0
3 889.8 0.0 57.8 73.4 11.2 0.178
2 668.875 1.0 68.4 65.0 6.0 0.0
1 877.857142857 0.0 61.0 73.2 6.0 0.04
1 500.25 3.0 50.4 66.2 1.4 0.0
2 814.0 0.0 54.4 85.4 3.6 0.002
2 497.25 0.0 59.4 47.4 4.0 0.0
2 708.5 3.0 48.2 69.2 1.0 0.0
2 471.6 0.0 54.2 54.4 3.0 0.0
1 520.0 0.0 56.4 67.4 4.2 0.0
3 328.0 2.0 65.8 70.4 7.4 0.0
3 687.0 0.0 53.6 70.2 3.0 0.0
1 628.4 2.0 59.0 50.6 1.2 0.0
3 331.0 3.0 43.8 63.8 8.6 0.064
0 695.0 0.0 61.0 73.2 6.0 0.04
2 534.666666667 0.0 58.6 71.0 8.6 0.0
1 1280.625 2.0 52.2 73.6 3.2 0.0
3 864.0 1.0 69.8 67.8 7.6 0.0
1 791.533333333 0.0 66.4 57.6 5.6 0.0
3 379.0 0.0 61.8 48.6 4.6 0.0
3 305.0 1.0 70.4 73.2 7.4 0.0
2 732.846153846 1.0 61.4 66.2 8.8 0.0
2 677.125 2.0 55.2 57.6 3.0 0.0
1 729.5 2.0 56.6 69.0 5.2 0.0
2 2212.125 0.0 61.0 65.2 7.0 0.002
3 429.333333333 0.0 53.4 81.8 4.6 0.004
2 610.125 1.0 67.8 72.0 8.6 0.0
1 632.909090909 0.0 50.4 78.8 2.6 0.0
2 1241.0 3.0 54.0 74.0 7.0 0.0
1 918.0 0.0 62.0 65.4 9.4 0.0
2 3058.0 0.0 52.6 72.0 3.2 0.0
1 680.928571429 2.0 61.8 59.2 5.2 0.0
1 652.384615385 0.0 53.8 76.8 3.4 0.0
2 823.25 2.0 63.4 62.4 4.0 0.0
2 834.25 2.0 66.0 60.0 9.0 0.0
2 674.0 0.0 54.4 61.8 10.2 0.0
3 346.0 2.0 69.2 70.4 5.0 0.0
0 563.0 1.0 69.2 68.4 6.2 0.0
3 497.0 2.0 57.6 66.8 2.0 0.0
1 795.769230769 3.0 40.2 49.2 4.2 0.0
0 686.0 2.0 54.8 53.8 4.8 0.0
0 690.5 1.0 63.2 70.4 9.6 0.0
2 518.181818182 1.0 72.6 70.4 7.2 0.0
2 622.666666667 0.0 67.0 49.6 6.0 0.0
1 696.0 0.0 47.8 69.0 1.0 0.0
1 705.5 1.0 67.8 73.0 7.2 0.0
1 969.833333333 2.0 55.2 76.6 2.6 0.0
3 1163.0 2.0 63.8 75.4 8.2 0.0
3 531.5 0.0 55.4 72.2 8.0 0.132
0 871.0 2.0 65.8 55.4 5.0 0.0
3 687.0 2.0 67.2 35.6 2.4 0.0
2 704.142857143 2.0 57.8 36.0 6.0 0.0
0 196.0 1.0 67.6 66.8 6.2 0.0
1 801.0 3.0 52.8 78.2 5.0 0.0
2 568.0 1.0 66.0 69.4 7.6 0.0
1 431.5 0.0 55.0 77.0 7.0 0.0
2 598.714285714 0.0 59.8 69.0 9.0 0.0
1 565.777777778 1.0 66.8 72.4 7.2 0.0
3 730.0 2.0 56.0 64.8 3.4 0.0
3 797.5 2.0 64.6 73.0 4.4 0.0
1 860.4 0.0 60.4 55.0 10.6 0.0
2 454.333333333 0.0 56.0 84.6 5.2 0.0
0 625.0 0.0 60.2 70.0 6.6 0.0
0 169.0 1.0 68.6 70.4 7.0 0.0
3 710.0 2.0 60.2 70.2 6.8 0.042
1 661.6 0.0 60.2 60.0 5.4 0.0
0 342.0 0.0 52.8 71.0 4.4 0.0
2 647.2 0.0 61.0 73.2 6.0 0.04
1 648.6 2.0 69.2 53.0 4.8 0.0
3 741.0 0.0 51.2 61.6 0.8 0.0
2 463.333333333 0.0 55.2 74.6 3.6 0.002
1 572.0 0.0 50.6 85.6 7.2 0.458
3 473.75 0.0 53.6 82.6 3.0 0.0
3 632.5 1.0 66.2 62.2 7.6 0.0
1 556.875 0.0 63.0 57.2 7.8 0.0
2 744.0 2.0 54.8 63.2 2.4 0.0
0 511.0 1.0 67.6 71.0 8.0 0.0
3 444.5 2.0 60.6 63.0 4.2 0.0
2 525.2 0.0 53.8 84.8 3.0 0.0
1 736.333333333 2.0 57.0 73.0 4.4 0.0
0 442.0 3.0 50.4 66.2 1.4 0.0
2 562.8125 0.0 58.2 71.2 8.6 0.0
3 761.0 0.0 58.4 58.2 8.2 0.0
2 538.916666667 1.0 68.0 66.0 7.4 0.0
2 621.222222222 0.0 51.2 61.6 0.8 0.0
3 456.833333333 0.0 56.6 46.2 3.6 0.0
1 804.888888889 0.0 58.4 65.8 3.2 0.0
2 1234.5 2.0 61.8 59.2 5.2 0.0
3 1629.33333333 2.0 62.8 64.0 3.0 0.0
1 519.0 0.0 52.8 62.6 2.4 0.0
2 654.888888889 0.0 60.4 70.4 2.0 0.0
2 783.4 0.0 59.6 71.6 7.0 0.0
3 837.0 0.0 55.0 63.0 6.0 0.0
3 696.0 0.0 49.0 57.0 5.0 0.0
2 750.0 0.0 56.0 66.6 5.4 0.022
1 604.0 3.0 50.4 82.2 1.8 0.004
0 862.4 0.0 51.0 72.0 3.0 0.0
2 515.0 0.0 50.0 60.8 1.2 0.0
3 728.0 0.0 62.4 62.2 5.4 0.0
1 1303.0 2.0 65.4 73.2 5.2 0.0
1 1054.5 3.0 47.4 65.4 1.0 0.0
3 765.0 0.0 55.0 73.0 11.0 0.0
0 776.0 2.0 62.8 64.0 3.0 0.0
2 552.714285714 1.0 68.2 68.8 8.0 0.0
3 633.0 0.0 56.0 53.4 8.0 0.0
3 691.0 0.0 65.4 49.4 6.4 0.0
3 300.0 1.0 68.0 70.0 7.8 0.0
2 853.25 0.0 60.0 68.0 7.0 0.0
2 519.5 0.0 63.0 63.6 7.6 0.0
1 453.0 0.0 53.8 84.8 3.0 0.0
3 906.0 2.0 58.4 70.0 2.8 0.0
2 384.5 1.0 69.0 72.2 6.8 0.0
0 461.5 2.0 69.0 76.8 6.4 0.0
1 713.875 0.0 59.0 52.0 10.0 0.0
1 779.666666667 0.0 55.0 48.0 1.0 0.0
2 637.888888889 3.0 56.0 74.6 6.2 0.0
3 739.0 2.0 57.8 36.0 6.0 0.0
0 782.0 0.0 55.6 81.2 3.2 0.0
1 2474.0 0.0 50.8 80.8 2.8 0.0
3 313.0 3.0 50.6 72.8 4.2 0.0
3 662.0 0.0 60.4 78.8 7.2 0.0
0 553.0 2.0 65.4 70.0 6.8 0.0
1 773.5 0.0 57.0 60.6 3.8 0.0
2 1394.93333333 0.0 58.8 61.6 12.2 0.016
1 783.571428571 1.0 70.0 70.0 7.0 0.0
0 609.0 2.0 68.6 73.6 6.2 0.0
1 608.5 0.0 59.8 69.0 6.0 0.214
2 469.625 0.0 53.6 82.6 3.0 0.0
3 610.666666667 0.0 59.4 77.0 4.6 0.0
2 547.6 2.0 64.8 78.0 6.2 0.0
3 681.0 2.0 63.0 79.6 6.4 0.0
1 595.5 2.0 69.0 76.8 6.4 0.0
2 582.111111111 0.0 55.4 74.8 4.8 0.0
0 972.0 2.0 56.4 79.2 4.6 0.208
2 535.25 0.0 57.8 67.0 3.6 0.0
3 196.0 0.0 57.6 67.8 5.2 0.0
0 1308.0 0.0 52.4 81.0 2.6 0.0
0 771.0 2.0 59.0 50.6 1.2 0.0
0 1167.0 2.0 60.6 58.2 2.0 0.0
2 643.307692308 2.0 63.0 79.6 6.4 0.0
2 503.111111111 2.0 72.2 70.0 7.6 0.0
2 635.111111111 0.0 52.0 68.2 4.6 0.02
0 855.0 2.0 59.0 80.0 10.0 0.26
2 584.0 2.0 56.0 64.8 3.4 0.0
3 562.0 0.0 59.6 70.2 7.8 0.004
3 564.0 0.0 59.2 60.6 9.4 0.0
2 633.090909091 0.0 58.4 58.2 8.2 0.0
3 643.0 0.0 58.0 67.0 3.0 0.0
3 876.0 1.0 66.6 73.2 7.4 0.0
1 1310.0 3.0 53.2 63.8 1.6 0.0
1 4445.4 2.0 65.2 72.6 5.0 0.0
3 535.0 1.0 69.0 72.2 6.8 0.0
3 277.0 0.0 45.8 74.0 2.4 0.0
3 597.5 1.0 68.2 68.8 8.0 0.0
0 999.0 0.0 47.0 37.0 8.0 0.0
3 17270400.0 3.0 62.8 79.4 5.0 0.094
2 756.0 1.0 62.4 67.4 8.0 0.0
1 700.666666667 0.0 53.0 78.0 3.0 0.0
3 206.0 2.0 59.2 62.4 4.2 0.0
2 559.888888889 0.0 64.6 67.0 8.2 0.0
3 390.0 0.0 47.4 70.4 4.6 0.022
0 532.0 0.0 61.0 65.2 7.0 0.002
3 595.0 2.0 71.6 43.0 3.6 0.0
1 784.8 0.0 55.6 85.8 5.0 0.006
3 520.5 0.0 58.8 75.6 6.4 0.004
1 653.615384615 3.0 50.6 72.8 4.2 0.0
2 661.818181818 0.0 60.0 64.8 7.4 0.0
1 864.625 0.0 56.8 54.4 1.8 0.0
1 729.5 0.0 60.0 64.0 6.0 0.0
1 853.333333333 0.0 51.6 66.2 8.6 0.0
3 587.0 0.0 70.0 47.0 6.0 0.0
2 594.181818182 2.0 67.2 73.2 5.6 0.0
1 696.24 2.0 60.8 58.6 3.2 0.0
3 523.0 1.0 69.0 68.6 8.0 0.0
2 6592.25 2.0 57.0 75.2 5.8 0.01
2 618.0 2.0 55.4 66.0 6.0 0.0
1 659.636363636 3.0 50.2 54.2 8.2 0.0
1 682.263157895 1.0 62.6 66.8 8.0 0.0
1 484.333333333 0.0 57.4 68.2 7.0 0.0
1 708.636363636 2.0 53.4 63.6 3.2 0.0
0 430.5 1.0 69.8 67.8 7.6 0.0
1 8885.6 0.0 63.2 62.2 5.6 0.0
3 741.5 2.0 67.4 64.2 5.6 0.0
2 3126.0 2.0 68.4 73.0 8.4 0.0
3 5494.66666667 0.0 58.2 57.0 3.0 0.0
1 661.909090909 0.0 47.4 70.4 4.6 0.022
1 697.941176471 0.0 63.0 63.6 7.6 0.0
2 588.583333333 2.0 55.2 52.2 3.6 0.0
1 843.555555556 2.0 67.0 43.0 4.0 0.0
2 652.428571429 2.0 67.0 43.6 4.4 0.0
1 639.222222222 2.0 67.6 72.2 7.0 0.0
2 512.75 1.0 65.2 63.8 10.2 0.0
3 815.0 1.0 67.8 73.0 7.2 0.0
2 517.666666667 2.0 53.8 70.8 1.2 0.0
3 572.0 0.0 61.6 64.8 8.2 0.004
2 756.5 0.0 57.8 73.4 11.2 0.178
2 483.5 2.0 56.0 85.8 3.4 0.184
1 720.142857143 1.0 67.4 68.4 8.6 0.0
1 1000.83333333 0.0 58.0 69.0 9.0 0.0
0 960.0 2.0 52.2 67.0 2.0 0.0
1 571.1 1.0 68.2 68.8 8.0 0.0
0 559.5 3.0 50.6 72.8 4.2 0.0
0 50355.0 0.0 66.4 57.6 5.6 0.0
3 704.5 2.0 63.4 76.6 6.2 0.35
2 1592.0 0.0 59.4 67.6 8.2 0.0
0 578.0 0.0 57.8 78.6 3.6 0.0
2 716.272727273 2.0 69.8 54.2 4.2 0.0
1 1219.33333333 2.0 56.2 61.6 3.8 0.002
2 660.9 0.0 58.0 68.4 9.0 0.0
3 392.0 0.0 54.6 71.4 10.2 0.23
1 743.466666667 0.0 67.8 42.8 4.8 0.0
1 596.333333333 2.0 56.0 69.6 4.0 0.0
1 718.25 3.0 52.2 66.4 1.2 0.0
2 4633.28571429 3.0 50.4 82.2 1.8 0.004
1 1538.0 0.0 52.4 64.0 2.2 0.0
2 458.666666667 0.0 67.8 60.8 6.6 0.0
1 772.631578947 1.0 69.6 73.6 6.0 0.0
2 2742.0 1.0 71.0 68.0 6.2 0.0
3 527.0 0.0 66.4 57.6 5.6 0.0
1 853.272727273 3.0 44.4 59.4 1.4 0.0
2 1012.71428571 2.0 76.2 52.8 4.2 0.0
3 244.0 3.0 58.8 83.0 2.8 0.0
1 1358.25 3.0 58.0 83.0 2.2 0.004
1 670.923076923 1.0 64.0 66.0 10.0 0.0
1 999.181818182 2.0 62.8 50.8 6.4 0.0
2 377.8 0.0 55.6 61.4 3.8 0.0
0 661.0 0.0 62.4 55.4 5.8 0.0
3 218.5 0.0 52.8 70.2 6.6 0.008
0 648.0 0.0 59.4 64.2 8.6 0.0
1 716.636363636 1.0 68.6 70.2 8.2 0.0
3 409.5 2.0 52.2 73.6 3.2 0.0
2 552.142857143 0.0 55.2 73.8 2.0 0.0
2 580.166666667 0.0 60.2 60.6 9.2 0.0
3 1166.0 2.0 68.2 75.2 5.8 0.0
2 399.333333333 0.0 42.8 69.4 2.0 0.0
2 748.0 1.0 65.2 65.6 9.8 0.0
2 363.0 3.0 50.4 66.2 1.4 0.0
2 528.0 1.0 66.0 69.6 6.8 0.0
2 558.222222222 0.0 58.2 62.0 6.8 0.0
0 878.5 1.0 72.6 66.6 7.4 0.0
3 320.0 2.0 63.6 79.6 5.0 0.0
3 632.0 0.0 57.0 55.4 3.2 0.0
1 695.916666667 2.0 64.8 64.6 2.4 0.0
3 170.0 0.0 60.0 72.0 5.0 0.0
3 330.333333333 1.0 68.0 66.8 7.8 0.0
2 675.0 1.0 69.4 72.2 6.4 0.0
1 767.0 2.0 53.0 72.2 2.0 0.0
1 579.363636364 2.0 72.2 70.0 7.6 0.0
1 759.363636364 0.0 61.4 72.8 6.2 0.0
2 635.444444444 0.0 63.0 60.4 4.2 0.0
1 791.230769231 0.0 60.6 79.8 5.0 0.0
1 634.384615385 0.0 61.6 69.6 5.8 0.0
3 595.333333333 1.0 68.6 58.8 7.0 0.0
0 538.5 1.0 70.0 73.2 9.0 0.0
1 699.533333333 0.0 56.6 46.2 3.6 0.0
1 665.777777778 2.0 58.4 70.0 2.8 0.0
0 1311.0 3.0 50.0 63.0 6.0 0.0
2 940.125 2.0 58.6 78.4 4.2 0.0
1 696.571428571 0.0 57.8 75.4 10.6 0.762
1 539.0 0.0 61.0 70.0 6.0 0.0
2 778.75 1.0 66.0 71.0 9.0 0.0
2 596.5 0.0 55.6 81.2 3.2 0.0
3 337.0 2.0 57.6 65.8 9.6 0.0
2 612.066666667 2.0 65.4 70.0 6.8 0.0
2 722.333333333 1.0 69.0 71.2 7.6 0.0
1 691.75 0.0 51.4 77.6 9.6 0.268
0 488.0 2.0 67.2 40.2 2.8 0.002
2 836.0 1.0 70.2 73.6 8.4 0.0
3 344.5 2.0 60.8 58.6 3.2 0.0
1 731.444444444 0.0 62.0 62.4 11.0 0.0
3 491.666666667 1.0 69.8 71.2 6.6 0.0
3 582.333333333 0.0 50.0 60.8 1.2 0.0
3 707.0 2.0 58.6 78.4 4.2 0.0
3 428.5 0.0 62.0 62.4 11.0 0.0
1 5322.66666667 2.0 66.2 73.6 6.2 0.0
3 486.666666667 0.0 61.0 77.0 22.0 0.91
3 481.0 2.0 58.8 46.6 3.0 0.0
2 910.333333333 2.0 54.6 66.8 1.6 0.0
2 654.4 0.0 53.2 55.0 1.8 0.0
1 521.6 0.0 52.0 68.2 4.6 0.02
3 611.0 1.0 62.0 68.4 8.0 0.0
3 1300.0 0.0 61.0 65.2 7.0 0.002
1 728.111111111 0.0 56.2 80.4 3.6 0.0
3 695.0 2.0 65.0 74.0 7.0 0.0
1 812.75 2.0 56.0 85.8 3.4 0.184
0 401.0 2.0 55.4 68.6 3.6 0.0
3 806.0 0.0 60.4 55.0 10.6 0.0
2 688.0 1.0 68.6 58.8 7.0 0.0
2 523.5 0.0 59.4 69.8 10.0 0.054
0 819.0 0.0 62.0 62.2 5.6 0.0
0 973.75 0.0 62.2 60.0 5.8 0.0
0 888.0 3.0 51.4 60.0 1.0 0.0
1 477.0 1.0 66.0 69.6 6.8 0.0
3 1659.5 0.0 59.8 65.2 3.4 0.0
1 830.8 3.0 49.6 70.2 3.2 0.0
2 863.5 1.0 67.0 71.0 9.0 0.0
1 619.333333333 1.0 70.2 73.6 8.4 0.0
1 587.2 1.0 66.8 68.8 7.4 0.0
2 710.588235294 1.0 75.2 63.0 6.4 0.0
0 745.0 0.0 51.4 71.6 3.0 0.0
2 1665.83333333 3.0 47.4 65.4 1.0 0.0
1 729.0 0.0 61.4 65.8 4.2 0.0
0 947.5 3.0 58.8 83.0 2.8 0.0
2 685.285714286 2.0 60.0 73.6 3.2 0.0
0 674.0 0.0 60.0 68.0 7.0 0.0
1 622.538461538 2.0 66.0 67.0 7.0 0.0
3 744.0 0.0 57.8 75.4 10.6 0.762
1 829.5 2.0 61.4 68.4 4.2 0.0
1 900.466666667 2.0 64.0 48.6 3.4 0.0
0 241.0 0.0 60.8 74.8 3.2 0.0
2 655.5 2.0 57.4 81.8 4.0 0.0
3 545.666666667 2.0 62.0 60.2 11.8 0.0
0 916.0 2.0 56.0 62.0 1.0 0.0
2 628.461538462 0.0 63.0 57.2 7.8 0.0
1 819.0 3.0 52.6 82.2 3.0 0.172
1 668.555555556 1.0 66.2 62.2 7.6 0.0
1 723.714285714 0.0 58.4 63.4 8.4 0.0
2 720.4 2.0 59.8 80.6 8.6 0.056
2 543.714285714 0.0 58.2 73.4 1.8 0.0
1 674.0 0.0 58.8 61.6 12.2 0.016
0 480.0 0.0 62.4 66.2 5.8 0.0
1 665.6875 1.0 64.2 70.6 8.0 0.0
2 1004.71428571 2.0 59.8 70.0 3.0 0.0
1 680.8 0.0 53.0 86.0 8.0 0.096
1 688.5 0.0 54.4 66.8 4.8 0.0
2 844.833333333 0.0 70.0 48.0 5.2 0.0
3 792.5 0.0 59.4 47.4 4.0 0.0
3 439.0 0.0 55.6 61.4 3.8 0.0
3 1279.0 1.0 64.0 53.4 7.2 0.0
3 548.5 1.0 69.6 56.8 6.8 0.0
1 6986.25 0.0 65.6 60.0 4.0 0.0
1 1071.42857143 2.0 57.6 66.8 2.0 0.0
3 806.0 0.0 53.0 83.0 2.6 0.0
1 551.285714286 1.0 68.6 70.4 7.0 0.0
1 521.666666667 0.0 59.4 60.4 3.6 0.0
1 1595.0 0.0 60.6 83.2 11.4 0.456
2 1095.75 0.0 61.4 69.6 5.2 0.0
2 643.375 0.0 56.0 65.6 5.8 0.014
2 564.2 0.0 56.6 46.2 3.6 0.0
3 592.0 0.0 55.4 74.8 4.8 0.0
2 105.0 0.0 59.0 76.6 7.0 0.0
2 523.5 2.0 64.6 73.0 4.4 0.0
3 790.0 0.0 50.4 78.8 2.6 0.0
2 2821.2 0.0 58.8 72.6 8.6 0.0
2 567.571428571 2.0 68.6 71.2 7.2 0.0
2 522.583333333 0.0 56.8 47.4 11.6 0.0
2 552.833333333 2.0 62.8 61.0 6.2 0.0
0 592.0 2.0 62.6 64.8 4.4 0.0
2 592.153846154 0.0 58.6 66.0 5.2 0.0
2 912.0 0.0 55.4 89.2 2.6 0.0
2 616.166666667 0.0 55.8 76.6 2.2 0.0
3 808.0 3.0 55.8 80.6 9.4 0.114
0 782.666666667 0.0 58.2 62.0 6.8 0.0
0 40521.0 0.0 52.2 52.8 1.8 0.0
1 639.538461538 2.0 70.6 65.6 4.4 0.0
1 787.444444444 2.0 64.8 78.0 6.2 0.0
2 528.0 0.0 54.6 60.6 3.4 0.0
2 616.0 2.0 69.0 32.0 6.6 0.0
2 1102.44444444 0.0 48.2 76.0 1.6 0.0
3 300.5 0.0 58.0 72.0 5.0 0.02
1 655.733333333 0.0 54.0 68.6 5.8 0.0
1 933.0 0.0 53.6 70.2 3.0 0.0
1 841.6 2.0 65.8 70.4 7.4 0.0
2 789.8125 1.0 66.4 65.0 9.0 0.0
1 836.3 2.0 62.6 64.8 4.4 0.0
2 685.0 1.0 69.2 67.4 8.4 0.0
1 585.272727273 0.0 61.6 64.8 8.2 0.004
3 743.0 0.0 60.0 63.0 7.0 0.0
2 529.583333333 1.0 68.0 66.8 7.8 0.0
2 586.777777778 2.0 62.8 50.8 6.4 0.0
3 738.0 0.0 59.0 89.0 6.0 0.03
1 756.0 1.0 65.6 69.8 8.6 0.0
3 793.0 2.0 53.0 70.0 2.0 0.0
1 614.0 0.0 57.8 73.4 11.2 0.178
1 1153.81818182 0.0 61.4 73.0 8.2 0.0
3 661.0 2.0 64.0 73.6 6.2 0.0
1 733.555555556 0.0 66.6 64.0 3.6 0.0
3 487.0 0.0 48.8 70.8 5.8 0.0
2 517.0 0.0 58.4 50.0 4.4 0.0
0 593.0 2.0 56.0 85.8 3.4 0.184
2 678.636363636 2.0 63.6 79.6 5.0 0.0
3 535.0 2.0 68.0 68.0 9.0 0.0
1 805.222222222 2.0 65.4 76.0 6.2 0.32
2 425.0 3.0 52.0 50.0 10.0 0.0
0 1164.5 2.0 67.6 59.4 5.4 0.0
1 725.083333333 0.0 59.2 77.0 6.4 0.008
2 596.555555556 2.0 58.8 46.6 3.0 0.0
1 844.5 1.0 69.8 70.8 6.6 0.0
2 1150.16666667 2.0 58.6 81.0 6.6 0.226
1 762.25 0.0 48.2 76.0 1.6 0.0
2 4415.25 0.0 56.4 67.4 4.2 0.0
2 595.25 3.0 60.8 84.2 10.8 0.93
2 1027.36363636 0.0 64.2 44.2 9.0 0.0
2 842.714285714 0.0 50.8 48.6 1.8 0.0
1 797.833333333 0.0 63.0 60.4 4.2 0.0
2 509.7 1.0 66.4 74.8 8.0 0.0
1 802.222222222 1.0 71.0 69.0 7.6 0.0
3 778.0 1.0 61.4 66.2 8.8 0.0
2 1081.5 2.0 60.6 63.0 4.2 0.0
2 769.909090909 0.0 65.4 31.2 10.6 0.0
1 954.866666667 2.0 59.2 62.4 4.2 0.0
2 1049.75 2.0 65.8 66.2 4.6 0.0
1 681.666666667 2.0 72.2 63.6 5.0 0.0
3 296.333333333 2.0 62.0 46.6 8.4 0.0
0 629.0 2.0 62.8 61.0 6.2 0.0
2 526.8 0.0 57.8 78.6 3.6 0.0
2 537.0 1.0 67.8 73.0 7.2 0.0
2 705.3 3.0 58.8 83.0 2.8 0.0
3 660.5 0.0 54.6 34.4 9.4 0.0
1 995.166666667 0.0 58.4 71.0 2.2 0.0
0 692.5 0.0 55.0 73.0 11.0 0.0
1 683.5 0.0 46.4 37.2 6.2 0.0
2 822.307692308 0.0 57.8 47.8 6.8 0.0
2 707.5 2.0 64.8 74.6 9.0 0.106
1 887.727272727 0.0 57.2 70.6 8.0 0.0
2 690.466666667 0.0 60.4 62.0 10.8 0.0
3 758.0 2.0 64.8 64.6 2.4 0.0
1 779.222222222 0.0 60.2 76.8 6.4 0.0
1 735.833333333 2.0 60.4 64.8 5.6 0.0
2 576.5 2.0 69.0 76.8 6.4 0.0
3 697.666666667 0.0 54.0 61.0 5.0 0.0
1 752.0 2.0 57.8 36.0 6.0 0.0
2 558.6 0.0 62.4 85.8 6.6 0.086
2 678.153846154 1.0 68.8 70.2 7.2 0.0
3 440.5 0.0 53.0 64.2 7.4 0.028
1 664.125 2.0 62.0 61.6 2.2 0.0
2 609.090909091 0.0 53.8 57.8 9.0 0.0
2 540.0 0.0 63.6 70.6 8.0 0.0
2 518.666666667 3.0 58.0 83.0 2.2 0.004
3 828.0 0.0 59.8 69.0 6.0 0.214
2 2345.1875 1.0 69.8 67.8 7.6 0.0
1 1312.5 2.0 58.0 74.0 2.6 0.0
1 721.636363636 0.0 61.4 70.4 3.8 0.0
1 447.666666667 3.0 39.2 60.2 4.6 0.0
1 430.0 0.0 62.0 63.4 4.6 0.0
0 1713.0 2.0 70.0 66.8 4.6 0.0
2 703.25 0.0 63.2 62.2 5.6 0.0
2 500.666666667 1.0 64.4 66.2 7.8 0.0
0 492.333333333 0.0 47.0 70.0 4.2 0.0
0 827.0 0.0 72.8 36.6 5.0 0.0
1 641.285714286 0.0 62.4 55.4 5.8 0.0
0 895.0 0.0 51.2 61.6 0.8 0.0
0 520.5 2.0 69.0 69.0 8.0 0.0
1 4631.4 2.0 53.8 54.2 2.2 0.0
2 496.125 0.0 50.0 75.2 4.8 0.0
0 1707.0 2.0 72.0 57.2 3.6 0.0
2 676.857142857 0.0 59.2 77.0 6.4 0.008
2 693.555555556 2.0 57.8 61.4 2.4 0.0
3 792.0 0.0 62.0 65.4 9.4 0.0
2 641.25 0.0 57.2 70.6 8.0 0.0
1 6237.85714286 0.0 63.0 68.0 4.8 0.0
2 668.153846154 0.0 69.4 45.4 3.8 0.0
2 635.0 3.0 58.0 76.2 2.8 0.004
2 966.0 2.0 56.0 69.6 4.0 0.0
2 528.9 0.0 61.4 70.4 3.8 0.0
1 694.25 1.0 73.4 60.8 5.4 0.0
1 753.111111111 2.0 55.2 52.2 3.6 0.0
1 733.5 0.0 62.8 67.0 3.4 0.0
2 573.428571429 0.0 57.0 59.8 6.2 0.0
1 4756.28571429 3.0 53.0 80.4 6.0 0.104
1 685.818181818 0.0 58.6 66.0 5.2 0.0
0 582.0 3.0 55.8 80.6 9.4 0.114
0 247.0 0.0 59.6 63.6 2.0 0.0
1 619.9 3.0 48.0 43.6 2.4 0.0
1 439.0 0.0 42.8 69.4 2.0 0.0
0 1208.0 2.0 53.4 63.6 3.2 0.0
3 1037.5 2.0 61.2 59.0 3.6 0.032
2 768.0 2.0 61.4 61.0 3.6 0.0
1 697.454545455 1.0 68.0 70.8 7.4 0.0
0 1104.0 2.0 58.0 67.0 2.0 0.0
3 592.8 2.0 68.6 64.0 5.8 0.0
0 534.0 1.0 71.2 70.2 9.0 0.0
3 813.5 2.0 70.6 65.6 4.4 0.0
1 709.4375 2.0 65.2 42.4 2.4 0.0
3 504.333333333 0.0 55.4 68.6 7.4 0.008
3 278.0 2.0 57.0 73.0 4.4 0.0
0 1111.0 0.0 53.0 64.2 7.4 0.028
1 542.625 2.0 63.6 79.6 5.0 0.0
1 774.083333333 1.0 69.4 72.2 6.4 0.0
1 744.111111111 0.0 52.8 67.2 3.2 0.0
0 326.0 1.0 71.0 68.0 6.2 0.0
1 749.333333333 2.0 65.8 66.2 4.6 0.0
1 1845.44444444 0.0 53.8 57.8 9.0 0.0
1 5249.875 2.0 61.0 60.0 3.0 0.0
2 574.285714286 3.0 59.6 79.4 7.4 0.002
2 9598.0 2.0 56.8 83.0 4.4 0.272
3 621.0 1.0 73.0 68.8 5.6 0.0
1 628.375 1.0 67.6 71.0 8.0 0.0
3 377.0 0.0 53.6 46.8 4.2 0.0
2 1576.6 0.0 52.8 62.6 2.4 0.0
1 665.833333333 3.0 52.6 46.0 2.0 0.0
3 1110.0 2.0 64.6 79.4 5.4 0.0
1 748.923076923 0.0 55.6 80.4 5.4 0.082
2 612.75 0.0 57.4 71.2 5.6 0.0
0 3051.0 0.0 60.2 76.8 6.4 0.0
2 586.571428571 0.0 56.2 80.4 3.6 0.0
2 858.3 1.0 69.8 70.8 6.6 0.0
1 645.142857143 0.0 50.0 75.2 4.8 0.0
1 279.0 0.0 57.4 60.6 4.4 0.0
2 775.111111111 0.0 55.4 72.6 2.8 0.0
2 725.0 2.0 64.6 79.4 5.4 0.0
3 552.5 0.0 52.4 69.2 1.2 0.0
1 635.6 0.0 58.2 73.4 1.8 0.0
2 587.0 0.0 63.8 72.2 7.8 0.0
1 780.5 0.0 60.2 70.0 6.6 0.0
1 1248.83333333 0.0 51.2 78.0 9.0 0.302
2 619.75 0.0 59.2 68.6 8.2 0.02
3 701.0 2.0 64.0 48.6 3.4 0.0
2 1025.0 0.0 57.6 83.4 3.0 0.0
1 663.263157895 0.0 74.8 35.2 4.2 0.0
3 363.0 3.0 40.6 50.8 2.2 0.0
1 708.125 2.0 69.6 68.4 7.0 0.0
2 970.3 2.0 57.6 66.8 2.0 0.0
2 705.727272727 3.0 44.4 59.4 1.4 0.0
1 637.2 1.0 66.4 65.0 9.0 0.0
2 1186.0 0.0 60.2 60.0 5.4 0.0
3 670.5 3.0 52.8 78.2 5.0 0.0
1 545.555555556 0.0 58.0 65.8 7.8 0.0
3 262.0 0.0 58.8 70.0 6.8 0.0
2 935.5 0.0 65.2 58.0 5.2 0.0
2 852.0 0.0 57.6 82.4 11.0 0.104
0 627.0 2.0 67.0 43.6 4.4 0.0
3 371.666666667 0.0 47.0 70.0 4.2 0.0
3 363.666666667 2.0 65.4 76.0 6.2 0.32
2 752.2 0.0 60.0 45.0 7.8 0.0
3 1131.0 2.0 65.8 55.4 5.0 0.0
3 488.0 0.0 56.0 86.0 5.0 0.0
1 862.333333333 2.0 63.0 70.0 5.0 0.01
3 778.0 2.0 65.2 72.6 5.0 0.0
1 932.6 0.0 49.2 58.0 1.6 0.0
3 965.0 0.0 53.0 84.0 5.0 0.0
2 1256.16666667 2.0 56.8 88.4 5.4 0.348
0 242.0 1.0 68.8 70.2 7.2 0.0
2 493.0 0.0 50.8 69.2 1.4 0.0
3 1118.5 0.0 61.4 55.0 10.0 0.0
2 576.5 2.0 61.4 68.4 4.2 0.0
1 664.0 0.0 51.2 61.6 0.8 0.0
3 1174.0 2.0 71.8 53.2 3.8 0.0
1 1287.8 2.0 66.8 70.0 6.8 0.0
3 479.0 0.0 55.6 85.8 5.0 0.006
3 784.5 1.0 69.0 73.0 6.8 0.0
1 751.142857143 2.0 62.6 74.2 6.0 0.006
2 675.8 0.0 63.0 69.0 6.0 0.0
2 923.8 0.0 55.8 81.4 3.4 0.006
1 711.5 0.0 54.4 61.8 10.2 0.0
3 583.0 0.0 55.2 73.8 2.0 0.0
1 684.111111111 2.0 63.4 62.4 4.0 0.0
0 577.0 2.0 67.2 67.8 5.6 0.0
0 716.0 0.0 59.0 84.0 4.0 0.0
2 601.875 2.0 57.0 73.0 4.4 0.0
2 520.0 1.0 68.0 71.2 8.4 0.0
3 1286.4 0.0 63.0 66.2 7.2 0.0
1 507.0 1.0 66.6 73.2 7.4 0.0
1 761.454545455 0.0 50.0 60.8 1.2 0.0
1 669.6 0.0 67.8 60.8 6.6 0.0
3 491.0 2.0 65.4 46.8 3.6 0.0
3 204.0 3.0 59.8 81.2 3.0 0.028
3 773.0 0.0 62.2 60.0 5.8 0.0
2 876.857142857 0.0 62.8 67.0 6.4 0.0
1 548.285714286 0.0 51.8 77.6 1.6 0.0
2 652.857142857 0.0 57.2 73.6 2.8 0.0
1 995.8 2.0 68.4 65.0 4.8 0.0
0 1166.0 0.0 56.2 80.4 3.6 0.0
0 1086.0 0.0 58.8 70.0 6.8 0.0
2 1674.63636364 2.0 67.4 74.0 6.8 0.0
0 841.666666667 0.0 53.6 70.2 3.0 0.0
0 436.0 1.0 71.4 69.4 5.8 0.0
1 777.923076923 0.0 66.0 61.0 8.0 0.0
2 560.222222222 0.0 56.0 61.0 4.4 0.0
1 769.363636364 0.0 60.0 64.8 7.4 0.0
0 478.75 2.0 72.2 63.6 5.0 0.0
0 643.5 1.0 68.6 58.8 7.0 0.0
1 2748.0 2.0 76.2 52.8 4.2 0.0
1 653.75 2.0 67.0 71.0 8.0 0.0
2 1037.875 2.0 68.6 56.8 5.0 0.0
0 902.0 0.0 47.6 69.0 2.0 0.0
1 715.5 0.0 56.0 73.0 7.0 0.036
2 348.0 0.0 54.2 59.2 7.8 0.0
3 61.0 2.0 62.6 71.4 6.2 0.002
1 681.476190476 0.0 56.2 47.0 1.8 0.0
2 811.052631579 1.0 67.6 66.8 6.2 0.0
2 7208.2 1.0 70.6 60.2 6.2 0.0
0 685.0 0.0 57.6 65.4 6.0 0.0
1 766.625 0.0 57.0 60.0 5.0 0.04
1 717.8 0.0 58.8 65.8 6.2 0.006
1 604.5 1.0 69.8 67.8 7.6 0.0
0 1197.5 0.0 58.8 75.6 6.4 0.004
3 912.0 3.0 59.0 86.0 10.0 0.0
1 5224.5 3.0 48.2 69.2 1.0 0.0
0 978.0 2.0 55.0 63.0 1.0 0.0
2 491.2 0.0 56.0 73.0 7.0 0.036
1 812.2 0.0 60.6 85.0 4.2 0.004
2 433.75 2.0 60.6 58.2 2.0 0.0
1 801.75 1.0 63.6 62.8 9.0 0.0
3 706.0 2.0 69.8 54.2 4.2 0.0
0 697.0 0.0 55.2 74.6 3.6 0.002
1 714.5 3.0 44.8 62.4 2.4 0.0
2 503.333333333 1.0 72.4 64.6 6.6 0.0
3 253.0 2.0 55.2 78.6 4.0 0.0
2 806.5 0.0 60.0 67.0 6.0 0.0
3 656.0 2.0 70.0 66.8 7.2 0.0
1 571.9375 0.0 63.2 62.4 6.4 0.0
2 692.166666667 0.0 52.8 65.8 4.4 0.0
1 880.714285714 0.0 59.8 67.2 8.2 0.0
1 521.111111111 0.0 53.0 73.0 3.0 0.0
1 3868.8 0.0 59.4 64.2 8.6 0.0
3 671.0 0.0 58.0 78.2 4.4 0.0
1 735.272727273 2.0 62.8 51.0 3.2 0.0
2 413.0 1.0 64.2 70.6 8.0 0.0
2 1843.875 2.0 67.6 72.2 7.0 0.0
3 808.5 2.0 57.0 76.0 4.4 0.0
1 529.5 1.0 68.4 75.0 6.2 0.0
0 592.0 0.0 58.4 58.2 8.2 0.0
3 257.0 0.0 56.8 79.6 10.8 0.544
2 947.285714286 0.0 59.8 67.2 8.2 0.0
1 5350.0 0.0 59.4 67.6 8.2 0.0
2 779.428571429 3.0 40.2 49.2 4.2 0.0
1 582.111111111 0.0 59.4 66.8 7.6 0.0
2 600.727272727 1.0 67.6 71.8 6.0 0.0
1 807.307692308 3.0 41.0 60.2 1.2 0.0
1 719.75 0.0 69.4 63.8 5.0 0.0
1 2581.77777778 2.0 67.2 40.2 2.8 0.002
1 634.75 0.0 60.0 74.0 9.6 0.0
3 740.666666667 2.0 60.0 66.0 10.0 0.0
1 673.571428571 0.0 59.8 69.0 9.0 0.0
1 771.428571429 0.0 52.0 65.0 4.0 0.0
0 700.5 0.0 53.0 83.0 2.6 0.0
1 783.777777778 2.0 55.2 57.6 3.0 0.0
1 690.444444444 1.0 64.8 74.6 8.4 0.0
1 546.0 0.0 53.0 83.0 2.6 0.0
2 826.0 0.0 58.6 57.6 3.4 0.0
1 883.272727273 2.0 60.4 62.6 4.4 0.0
2 2170.42857143 2.0 68.6 68.8 5.8 0.0
3 379.0 0.0 53.0 76.6 5.0 0.004
3 973.428571429 1.0 67.4 63.8 8.4 0.0
2 713.0 0.0 59.8 57.8 6.2 0.0
1 661.615384615 2.0 68.6 67.2 7.8 0.0
2 545.25 0.0 53.6 46.8 4.2 0.0
0 490.5 3.0 44.4 59.4 1.4 0.0
2 552.0 0.0 54.6 34.4 9.4 0.0
0 1227.0 3.0 44.0 45.0 3.0 0.0
2 537.916666667 1.0 63.2 70.4 9.6 0.0
2 546.636363636 2.0 68.8 64.2 7.2 0.342
1 481.5 0.0 60.2 72.0 11.0 0.092
2 419.5 0.0 63.2 62.4 6.4 0.0
1 671.0 0.0 67.0 55.0 6.0 0.0
3 922.25 2.0 64.2 43.4 3.2 0.0
3 977.5 0.0 66.0 61.0 8.0 0.0
1 7900.25 3.0 56.0 76.6 8.6 0.306
2 652.526315789 1.0 73.0 68.8 5.6 0.0
0 452.5 1.0 67.8 68.8 6.8 0.0
3 410.0 3.0 40.2 49.2 4.2 0.0
1 814.0 2.0 61.8 73.6 1.4 0.0
1 659.5 3.0 43.8 63.8 8.6 0.064
3 467.0 1.0 68.4 65.0 6.0 0.0
3 560.5 0.0 62.2 68.4 5.6 0.0
3 716.8 0.0 58.4 81.6 3.2 0.0
1 804.25 2.0 67.2 73.2 5.6 0.0
3 992.5 2.0 63.0 74.0 6.0 0.0
0 274.0 2.0 63.2 68.8 8.8 0.0
2 570.125 2.0 68.6 73.6 6.2 0.0
0 587.0 0.0 61.4 73.0 8.2 0.0
3 956.0 3.0 58.2 86.0 7.0 0.94
2 669.384615385 2.0 56.0 80.2 3.0 0.002
0 625.0 0.0 55.8 62.0 6.6 0.002
0 543.0 0.0 65.6 60.0 4.0 0.0
1 796.642857143 1.0 65.0 70.0 5.8 0.0
3 264.0 0.0 59.8 69.0 9.0 0.0
3 487.0 2.0 54.0 69.2 6.0 0.0
1 1086.5 0.0 55.4 89.2 2.6 0.0
2 827.0 3.0 57.6 81.4 2.0 0.014
1 649.777777778 2.0 59.6 78.8 3.6 0.004
0 769.25 0.0 57.2 73.6 2.8 0.0
0 595.5 0.0 52.6 72.0 3.2 0.0
2 6508.16666667 2.0 68.6 67.2 7.8 0.0
0 549.0 1.0 70.2 73.6 8.4 0.0
0 456.0 2.0 54.6 59.4 5.2 0.0
2 609.4 2.0 62.0 68.0 9.0 0.01
2 407.0 2.0 65.0 64.0 6.0 0.0
1 710.8 2.0 66.8 70.6 6.2 0.0
2 541.5 2.0 70.2 64.4 4.2 0.0
3 386.0 0.0 59.0 84.0 4.0 0.0
2 553.777777778 2.0 62.0 60.2 11.8 0.0
2 493.0 2.0 69.2 70.4 6.8 0.0
0 873.0 2.0 58.8 46.6 3.0 0.0
0 851.5 0.0 53.8 57.8 9.0 0.0
3 837.5 2.0 62.8 51.0 3.2 0.0
1 665.764705882 1.0 65.2 63.8 10.2 0.0
1 663.692307692 0.0 67.0 49.6 6.0 0.0
1 4901.42857143 2.0 53.8 70.8 1.2 0.0
1 586.555555556 0.0 52.8 70.0 1.8 0.0
3 1011.0 2.0 68.8 64.2 7.2 0.342
1 1324.52631579 1.0 70.4 73.2 7.4 0.0
3 276.0 2.0 67.2 71.2 7.2 0.0
2 665.5 0.0 52.0 72.0 13.0 0.69
2 967.857142857 1.0 73.4 60.8 5.4 0.0
1 814.846153846 2.0 59.0 80.0 4.0 0.0
3 214.0 0.0 58.2 62.0 6.8 0.0
3 777.0 0.0 58.0 65.8 7.8 0.0
1 1143.0 2.0 64.0 74.0 4.0 0.49
2 651.777777778 0.0 52.8 70.0 1.8 0.0
2 653.0 0.0 58.8 75.6 6.4 0.004
2 613.571428571 0.0 57.0 74.4 5.6 0.0
0 354.0 2.0 60.4 64.8 5.6 0.0
3 289.0 1.0 67.2 67.6 9.0 0.0
2 765.666666667 2.0 70.0 64.0 7.0 0.0
1 2182.0 1.0 72.6 66.6 7.4 0.0
2 768.333333333 0.0 59.8 69.0 6.0 0.214
0 878.0 2.0 68.6 68.8 5.8 0.0
2 437.75 1.0 67.6 71.0 8.0 0.0
3 800.5 3.0 47.4 65.4 1.0 0.0
1 1112.625 0.0 58.2 62.0 6.8 0.0
2 433.6 2.0 62.8 64.0 3.0 0.0
3 28542.0 2.0 66.4 71.8 6.0 0.0
2 2600.16666667 0.0 54.0 72.0 4.4 0.0
2 533.25 0.0 59.4 77.0 4.6 0.0
0 5467.0 3.0 58.0 76.2 2.8 0.004
0 1021.0 2.0 61.0 59.0 3.0 0.0
1 878.384615385 0.0 52.4 69.2 1.2 0.0
1 758.384615385 0.0 59.6 66.8 6.2 0.0
0 858.0 2.0 65.4 73.2 5.2 0.0
1 627.875 0.0 57.6 55.8 14.2 0.0
2 1329.71428571 2.0 56.6 69.0 5.2 0.0
2 376.5 0.0 49.2 58.0 1.6 0.0
3 623.0 2.0 65.2 42.4 2.4 0.0
0 594.0 0.0 62.0 63.4 4.6 0.0
1 597.785714286 0.0 65.0 62.0 6.0 0.0
1 855.2 2.0 62.8 64.0 3.0 0.0
3 747.0 0.0 64.8 68.8 7.6 0.0
2 609.777777778 0.0 67.8 42.8 4.8 0.0
1 695.0 2.0 61.0 84.6 6.6 0.088
3 567.0 0.0 52.8 65.8 4.4 0.0
1 8447.625 2.0 67.2 71.2 7.2 0.0
3 669.0 0.0 57.6 55.8 14.2 0.0
3 223.0 0.0 58.2 65.2 4.4 0.0
3 493.5 0.0 53.4 52.6 2.2 0.0
3 556.0 0.0 61.4 69.6 5.2 0.0
2 530.4 0.0 51.4 71.6 3.0 0.0
3 876.666666667 1.0 65.0 70.0 5.8 0.0
1 786.818181818 2.0 67.8 68.6 4.0 0.0
1 608.6 2.0 68.6 64.0 5.8 0.0
1 646.666666667 2.0 69.8 54.2 4.2 0.0
2 523.875 2.0 71.4 67.6 4.6 0.0
2 898.5 0.0 52.0 83.0 6.0 0.0
3 609.0 2.0 76.2 52.8 4.2 0.0
2 644.857142857 1.0 69.2 68.4 6.2 0.0
2 683.375 0.0 54.6 71.4 10.2 0.23
2 641.230769231 2.0 61.2 59.0 3.6 0.032
0 518.0 2.0 67.8 68.6 4.0 0.0
2 376.0 0.0 53.4 85.8 3.0 0.0
1 769.571428571 0.0 57.0 72.0 14.0 0.0
3 287.0 1.0 75.2 63.0 6.4 0.0
2 723.0 1.0 65.0 63.2 6.2 0.0
1 615.1 1.0 71.2 70.2 9.0 0.0
0 711.0 1.0 65.0 70.0 5.8 0.0
3 397.0 0.0 52.2 52.8 1.8 0.0
1 721.461538462 3.0 50.0 66.6 8.4 0.0
1 671.411764706 2.0 62.0 73.0 3.0 0.0
0 580.0 0.0 58.4 81.4 4.2 0.0
3 1091.0 2.0 59.8 85.6 5.8 0.194
2 604.0 2.0 66.8 70.0 6.8 0.0
3 4933.66666667 2.0 60.8 76.4 3.0 0.0
0 707.0 0.0 57.0 59.8 6.2 0.0
2 612.25 0.0 57.6 67.8 5.2 0.0
2 1298.27272727 0.0 62.2 60.0 5.8 0.0
2 800.142857143 3.0 52.0 64.0 1.2 0.0
1 662.0 0.0 64.2 44.2 9.0 0.0
3 542.5 1.0 68.0 70.4 8.0 0.0
0 853.333333333 1.0 63.2 65.0 7.2 0.0
2 539.2 0.0 60.4 60.0 12.8 0.0
0 691.0 0.0 56.0 61.0 4.4 0.0
2 798.857142857 0.0 57.4 60.6 4.4 0.0
3 640.0 2.0 60.0 61.0 3.0 0.0
0 708.0 0.0 66.0 61.0 8.0 0.0
0 467.0 0.0 67.8 42.8 4.8 0.0
0 9916.5 0.0 57.8 47.8 6.8 0.0
2 524.666666667 3.0 59.8 81.2 3.0 0.028
0 765.5 0.0 57.4 71.2 5.6 0.0
1 569.666666667 3.0 55.0 78.2 7.2 0.024
2 595.5 0.0 59.0 66.8 7.6 0.0
1 905.9 2.0 71.4 67.6 4.6 0.0
1 685.2 3.0 40.6 50.8 2.2 0.0
2 875.5 0.0 61.0 56.4 6.0 0.0
2 692.75 2.0 60.8 76.4 3.0 0.0
1 675.0 2.0 71.8 53.2 3.8 0.0
1 17817.3333333 0.0 58.4 68.8 5.0 0.0
2 686.571428571 0.0 59.8 65.2 3.4 0.0
2 909.0 3.0 53.2 63.8 1.6 0.0
3 370.5 0.0 51.2 68.6 5.8 0.0
1 795.142857143 0.0 59.4 69.8 10.0 0.054
1 777.0 2.0 55.2 75.8 7.8 0.002
1 634.882352941 0.0 54.0 63.0 12.0 0.0
1 815.111111111 0.0 60.2 60.6 9.2 0.0
2 564.375 0.0 54.6 52.0 3.4 0.0
2 558.333333333 0.0 54.6 80.0 2.4 0.0
2 875.666666667 2.0 67.2 35.6 2.4 0.0
3 517.75 0.0 53.8 57.0 3.0 0.0
2 565.833333333 2.0 55.8 67.0 1.8 0.0
2 708.9 0.0 75.4 45.6 4.4 0.0
1 950.833333333 0.0 56.8 79.6 10.8 0.544
3 476.0 0.0 55.0 65.0 8.0 0.01
1 538.375 0.0 58.2 71.2 8.6 0.0
0 516.5 0.0 57.6 83.4 3.0 0.0
1 497.125 0.0 54.6 34.4 9.4 0.0
2 722.3125 2.0 65.2 72.2 3.2 0.002
3 884.0 0.0 60.2 70.0 6.6 0.0
0 830.0 2.0 64.2 43.4 3.2 0.0
2 579.5 3.0 55.0 43.0 3.0 0.0
2 495.090909091 1.0 67.4 68.4 8.6 0.0
3 516.0 0.0 59.4 66.8 7.6 0.0
2 1262.0 0.0 62.2 68.4 5.6 0.0
2 547.5 1.0 63.0 73.0 7.0 0.0
2 624.888888889 0.0 56.8 69.0 8.6 0.0
3 1171.0 0.0 60.8 72.8 5.4 0.0
1 659.111111111 3.0 59.8 81.2 3.0 0.028
3 412.0 2.0 55.4 66.0 6.0 0.0
2 321.0 2.0 63.4 76.6 6.2 0.35
2 283.0 0.0 50.6 85.6 7.2 0.458
1 1988.1 2.0 61.4 61.0 3.6 0.0
3 774.0 0.0 58.2 71.2 8.6 0.0
1 853.142857143 3.0 57.0 89.0 4.0 0.0
3 315.5 2.0 57.4 72.2 3.0 0.0
2 423.75 2.0 55.4 68.6 3.6 0.0
1 697.6 0.0 51.8 84.6 2.0 0.004
1 647.444444444 0.0 60.8 74.8 3.2 0.0
1 1035.0 0.0 50.8 48.6 1.8 0.0
3 994.0 0.0 64.8 46.8 8.4 0.0
3 999.2 2.0 56.0 80.2 3.0 0.002
2 653.333333333 2.0 56.4 79.2 4.6 0.208
2 526.0 0.0 61.8 48.6 4.6 0.0
2 740.117647059 2.0 65.8 68.8 5.6 0.0
1 645.846153846 2.0 67.2 67.8 5.6 0.0
3 428.5 1.0 69.4 72.2 6.4 0.0
2 709.0 0.0 57.4 68.2 7.0 0.0
3 412.0 0.0 53.0 81.0 3.0 0.0
2 425.25 1.0 66.8 68.8 7.4 0.0
0 326.0 3.0 59.6 79.4 7.4 0.002
2 638.5 3.0 47.8 64.8 1.0 0.0
2 632.333333333 3.0 52.6 82.2 3.0 0.172
2 358.666666667 0.0 58.0 64.0 8.0 0.0
1 779.857142857 3.0 58.0 76.2 2.8 0.004
2 733.181818182 0.0 61.4 72.8 6.2 0.0
1 722.875 0.0 64.0 61.2 11.6 0.0
0 729.0 0.0 52.4 69.2 1.2 0.0
2 725.5 0.0 52.8 67.2 3.2 0.0
2 571.333333333 2.0 63.0 60.2 6.4 0.0
1 598.076923077 0.0 62.2 68.4 5.6 0.0
2 579.1 2.0 69.6 68.4 7.0 0.0
1 3424.0 0.0 60.0 68.0 7.0 0.0
1 723.625 1.0 66.4 74.8 8.0 0.0
2 726.416666667 2.0 61.8 69.2 3.4 0.0
0 1308.0 0.0 61.6 42.8 10.6 0.0
1 1967.33333333 2.0 60.0 66.8 5.2 0.0
2 536.666666667 0.0 54.0 68.6 5.8 0.0
2 765.0 0.0 66.4 57.6 5.6 0.0
1 726.0 0.0 57.0 57.0 13.0 0.0
3 495.666666667 0.0 62.8 67.0 3.4 0.0
2 646.555555556 0.0 59.6 71.2 8.4 0.0
0 492.5 0.0 53.8 84.8 3.0 0.0
3 788.5 1.0 72.4 64.6 6.6 0.0
1 734.153846154 0.0 64.0 68.6 5.0 0.0
1 438.0 3.0 57.0 76.6 12.4 1.982
1 8088.0 2.0 60.0 66.0 7.0 0.0
2 4946.2 0.0 66.6 64.0 3.6 0.0
3 635.5 0.0 55.6 81.2 3.2 0.0
0 672.0 1.0 66.2 62.2 7.6 0.0
0 238.0 2.0 57.8 61.4 2.4 0.0
1 659.111111111 2.0 56.0 64.8 3.4 0.0
1 651.357142857 2.0 68.6 56.8 5.0 0.0
1 671.375 0.0 60.4 70.4 2.0 0.0
0 35731.0 0.0 54.2 54.4 3.0 0.0
2 601.75 0.0 61.6 64.8 8.2 0.004
1 690.928571429 2.0 65.8 68.8 5.6 0.0
2 425.0 3.0 54.6 69.6 2.0 0.0
2 531.875 0.0 52.4 60.8 2.2 0.0
3 779.333333333 1.0 70.6 60.2 6.2 0.0
0 846.5 2.0 52.0 74.0 3.0 0.0
2 1045.66666667 1.0 65.6 71.4 9.4 0.0
1 771.769230769 0.0 60.6 58.2 6.8 0.0
2 1152.26666667 2.0 64.8 71.0 7.6 0.0
1 65.0 3.0 48.0 71.2 2.2 0.0
0 335.0 2.0 65.2 72.2 3.2 0.002
0 211.0 0.0 56.0 63.0 8.0 0.0
1 861.071428571 0.0 58.4 81.6 3.2 0.0
3 132.0 3.0 39.2 60.2 4.6 0.0
0 1150.0 2.0 57.0 68.0 4.0 0.0
1 750.4 3.0 61.6 80.6 4.6 0.006
0 253.0 1.0 64.2 69.0 7.8 0.0
3 539.75 0.0 63.0 63.6 7.6 0.0
0 378.0 0.0 60.0 69.2 13.0 0.0
1 692.8 0.0 59.8 65.2 3.4 0.0
3 760.5 0.0 63.0 57.2 7.8 0.0
3 671.6 2.0 69.0 32.0 6.6 0.0
0 761.0 0.0 60.2 65.0 8.6 0.0
2 516.625 2.0 56.2 82.2 4.8 0.0
0 574.0 0.0 60.0 45.0 7.8 0.0
2 606.0 0.0 58.8 65.8 6.2 0.006
1 392.0 0.0 61.4 69.6 5.2 0.0
1 704.363636364 0.0 58.8 70.0 6.8 0.0
1 750.4 2.0 56.8 88.4 5.4 0.348
1 816.588235294 2.0 55.6 64.6 6.4 0.002
3 1194.5 2.0 57.8 77.2 3.4 0.0
2 703.0 0.0 61.6 42.8 10.6 0.0
3 1266.0 0.0 63.2 62.4 6.4 0.0
1 1576.33333333 0.0 52.4 81.0 2.6 0.0
0 684.0 0.0 59.8 67.2 8.2 0.0
3 703.0 0.0 59.4 67.6 8.2 0.0
2 514.857142857 0.0 55.6 85.8 5.0 0.006
2 593.083333333 0.0 51.0 60.8 1.8 0.0
2 3303.0 0.0 67.8 57.8 6.6 0.0
1 665.333333333 0.0 61.0 77.0 22.0 0.91
0 996.5 2.0 55.2 76.6 2.6 0.0
3 559.0 0.0 58.4 71.0 2.2 0.0
1 774.0 2.0 65.8 55.4 5.0 0.0
2 940.333333333 1.0 71.0 69.0 7.6 0.0
2 549.363636364 2.0 59.2 62.4 4.2 0.0
3 727.0 1.0 67.6 71.0 8.0 0.0
2 541.333333333 2.0 71.6 65.2 6.4 0.0
3 820.0 1.0 61.2 63.2 9.4 0.0
0 426.0 1.0 66.0 69.6 6.8 0.0
3 766.0 1.0 66.4 65.0 9.0 0.0
0 917.0 0.0 58.0 78.2 4.4 0.0
0 398.0 0.0 53.6 82.6 3.0 0.0
3 469.0 2.0 60.2 78.4 3.2 0.004
2 686.2 1.0 77.2 53.0 6.0 0.0
2 742.0 0.0 41.8 64.6 2.0 0.0
1 526.6 0.0 57.2 73.6 2.8 0.0
1 768.230769231 0.0 61.0 56.4 6.0 0.0
3 537.0 1.0 67.6 71.8 6.0 0.0
1 601.866666667 2.0 65.2 72.2 3.2 0.002
3 459.0 0.0 61.4 72.8 6.2 0.0
0 738.0 0.0 54.6 34.4 9.4 0.0
1 567.0 2.0 54.6 66.8 1.6 0.0
1 657.8 2.0 57.0 76.0 4.4 0.0
1 811.0 2.0 66.4 71.8 6.0 0.0
2 768.2 0.0 56.2 47.0 1.8 0.0
1 873.5 2.0 71.6 43.0 3.6 0.0
3 864.0 0.0 58.0 63.0 7.0 0.0
0 12398.0 0.0 60.4 60.0 12.8 0.0
2 581.25 0.0 57.0 55.4 3.2 0.0
3 515.0 0.0 51.4 77.6 9.6 0.268
2 968.722222222 1.0 67.8 68.8 6.8 0.0
1 655.666666667 3.0 44.4 63.8 1.4 0.0
0 1197.5 2.0 63.0 70.0 10.0 0.0
3 287.0 1.0 68.6 68.4 7.0 0.0
3 595.5 2.0 65.0 73.0 11.0 0.0
3 623.5 0.0 53.0 71.0 5.0 0.0
3 633.0 1.0 63.6 62.8 9.0 0.0
1 783.909090909 0.0 52.0 74.2 2.6 0.0
1 725.238095238 2.0 64.2 43.4 3.2 0.0
2 523.444444444 0.0 52.8 71.0 4.4 0.0
2 2409.0 2.0 60.6 66.4 6.6 0.0
1 613.454545455 0.0 57.2 59.0 3.4 0.0
3 519.8 2.0 62.8 50.8 6.4 0.0
2 1922.75 0.0 47.8 69.0 1.0 0.0
0 276.0 0.0 59.0 66.8 7.6 0.0
3 603.333333333 1.0 69.2 67.4 8.4 0.0
1 473.0 0.0 50.2 91.2 2.2 0.0
2 532.375 2.0 56.2 69.6 4.2 0.0
2 560.0 1.0 64.8 65.8 7.2 0.0
2 682.375 1.0 61.2 63.2 9.4 0.0
1 646.857142857 0.0 54.6 80.0 2.4 0.0
3 570.0 0.0 58.8 65.8 6.2 0.006
1 540.5 0.0 62.2 60.0 5.8 0.0
1 651.875 0.0 64.6 67.0 8.2 0.0
3 623.5 1.0 64.6 71.4 6.4 0.0
2 718.083333333 3.0 50.6 61.4 7.4 0.0
2 699.571428571 2.0 64.0 48.6 3.4 0.0
1 736.65 0.0 75.4 35.6 5.2 0.0
1 1025.0 0.0 53.0 48.0 1.0 0.0
1 1282.0 1.0 68.6 68.4 7.0 0.0
3 107.0 2.0 55.8 67.0 1.8 0.0
0 2644.0 1.0 69.0 73.0 6.8 0.0
1 567.3 1.0 64.0 53.4 7.2 0.0
3 942.0 1.0 68.6 70.2 8.2 0.0
2 1201.85714286 0.0 50.8 71.8 4.6 0.0
1 767.0 3.0 51.4 63.4 1.2 0.0
2 360.5 0.0 59.0 71.8 8.2 0.0
2 376.0 0.0 57.2 59.0 3.4 0.0
3 485.0 0.0 58.0 65.0 6.0 0.0
2 546.25 2.0 57.4 72.2 3.0 0.0
3 642.0 1.0 68.6 70.4 7.0 0.0
3 627.5 1.0 62.4 67.4 8.0 0.0
2 475.1 2.0 67.8 68.6 4.0 0.0
2 553.0 2.0 54.6 59.4 5.2 0.0
3 299.0 0.0 67.8 60.8 6.6 0.0
3 469.333333333 0.0 64.0 55.0 8.0 0.0
2 799.785714286 1.0 63.2 65.0 7.2 0.0
1 614.833333333 3.0 60.4 82.8 6.4 0.028
2 553.636363636 2.0 63.0 43.0 7.0 0.0
2 4007.0 2.0 74.0 41.4 3.6 0.0
1 542.4 0.0 59.2 68.6 8.2 0.02
0 967.0 0.0 47.8 69.0 1.0 0.0
1 724.571428571 1.0 68.0 66.0 7.4 0.0
3 298.0 0.0 54.4 61.8 10.2 0.0
0 816.5 2.0 55.2 75.8 7.8 0.002
1 781.777777778 0.0 54.0 84.4 3.6 0.0
3 670.666666667 0.0 62.4 71.8 6.0 0.056
1 688.75 1.0 68.0 70.0 7.8 0.0
1 812.625 0.0 54.6 60.6 3.4 0.0
1 806.117647059 2.0 66.0 64.0 9.6 0.0
1 624.714285714 0.0 55.2 74.6 3.6 0.002
1 1322.0 2.0 74.6 41.8 3.4 0.0
3 209.0 0.0 59.6 82.4 7.8 0.09
1 895.857142857 2.0 56.4 79.2 4.6 0.208
1 748.066666667 0.0 47.0 70.0 4.2 0.0
1 984.875 0.0 57.6 83.4 3.0 0.0
3 1352.0 0.0 57.2 70.6 8.0 0.0
1 714.727272727 0.0 55.8 76.6 2.2 0.0
2 431.0 3.0 48.8 71.8 3.8 0.0
1 753.3 2.0 60.2 78.4 3.2 0.004
3 2957.0 2.0 64.8 78.0 6.2 0.0
3 1103.0 2.0 65.0 70.0 11.0 0.0
2 648.666666667 2.0 62.0 61.6 2.2 0.0
0 758.0 0.0 49.2 58.0 1.6 0.0
1 594.5 2.0 55.0 77.0 3.0 0.0
3 1099.0 1.0 68.4 75.0 6.2 0.0
2 695.25 0.0 53.4 81.8 4.6 0.004
1 3698.44444444 0.0 54.0 72.0 4.4 0.0
3 454.0 0.0 57.2 74.2 7.8 0.19
1 665.111111111 1.0 67.6 66.8 6.2 0.0
1 665.833333333 1.0 71.4 69.4 5.8 0.0
3 785.0 2.0 61.4 68.4 4.2 0.0
2 704.333333333 0.0 53.0 83.0 2.6 0.0
2 923.928571429 2.0 67.2 67.8 5.6 0.0
3 535.0 2.0 65.6 74.6 4.4 0.0
1 631.928571429 0.0 62.2 64.0 11.6 0.0
2 783.333333333 1.0 66.2 71.4 8.4 0.0
3 1229.33333333 1.0 64.2 69.0 7.8 0.0
1 772.545454545 2.0 51.6 69.0 1.4 0.0
1 735.666666667 1.0 65.2 65.6 9.8 0.0
1 756.125 1.0 68.0 71.2 8.4 0.0
1 750.705882353 2.0 68.0 61.0 5.0 0.0
3 518.75 0.0 59.2 77.0 6.4 0.008
3 635.75 1.0 66.2 73.2 7.8 0.0
0 12347.0 2.0 68.4 73.0 8.4 0.0
2 1104.0 3.0 39.2 60.2 4.6 0.0
2 2542.8 3.0 44.8 62.4 2.4 0.0
2 563.916666667 0.0 60.2 76.8 6.4 0.0
1 1218.78571429 1.0 64.4 66.2 7.8 0.0
1 736.692307692 3.0 59.6 79.4 7.4 0.002
3 1591.33333333 0.0 48.2 76.0 1.6 0.0
3 141.0 0.0 51.2 78.0 9.0 0.302
1 721.0 2.0 68.6 68.8 5.8 0.0
3 429.0 0.0 63.6 70.6 8.0 0.0
2 25367.75 2.0 55.2 69.8 1.6 0.0
2 429.5 0.0 55.2 76.8 8.4 0.22
1 675.625 1.0 69.6 66.0 7.0 0.0
1 540.25 2.0 57.8 77.2 3.4 0.0
0 764.0 2.0 67.6 72.2 7.0 0.0
1 1089.625 2.0 59.8 70.0 3.0 0.0
1 838.0 0.0 61.6 42.8 10.6 0.0
2 536.125 0.0 62.4 62.8 4.4 0.0
3 521.5 1.0 70.6 65.4 8.0 0.002
2 844.142857143 2.0 58.2 70.0 4.0 0.0
1 1541.33333333 0.0 56.6 57.2 7.0 0.0
2 584.818181818 2.0 59.0 50.6 1.2 0.0
3 513.8 0.0 54.6 52.0 3.4 0.0
1 483.333333333 1.0 67.6 72.0 7.6 0.0
1 872.888888889 2.0 61.8 69.2 3.4 0.0
1 1066.83333333 2.0 54.0 69.2 6.0 0.0
2 533.1 0.0 66.0 61.0 8.0 0.0
0 1028.66666667 0.0 58.4 71.0 2.2 0.0
1 721.636363636 2.0 54.8 63.2 2.4 0.0
2 588.888888889 2.0 53.4 63.6 3.2 0.0
0 240.0 2.0 69.0 32.0 6.6 0.0
2 684.384615385 1.0 62.6 66.8 8.0 0.0
2 941.0 0.0 59.2 60.6 9.4 0.0
1 725.0 0.0 63.0 66.2 7.2 0.0
1 677.142857143 0.0 56.4 45.6 2.4 0.0
0 629.0 2.0 65.4 76.0 6.2 0.32
1 1026.60869565 2.0 58.6 73.2 3.4 0.0
3 518.666666667 1.0 65.0 74.0 12.0 0.0
2 559.5 1.0 65.8 72.0 9.0 0.0
2 1199.0 3.0 48.0 71.2 2.2 0.0
1 1338.0 2.0 54.6 59.4 5.2 0.0
2 539.666666667 0.0 56.8 54.4 1.8 0.0
2 1569.14285714 0.0 60.8 74.8 3.2 0.0
0 518.0 2.0 65.8 66.2 4.6 0.0
3 710.0 1.0 62.2 65.6 6.4 0.0
3 2568.0 0.0 57.8 47.8 6.8 0.0
0 915.0 1.0 70.0 70.0 7.0 0.0
2 497.333333333 2.0 66.0 64.0 9.6 0.0
1 671.4 3.0 58.8 83.0 2.8 0.0
1 837.230769231 0.0 53.2 52.8 2.0 0.0
2 585.545454545 0.0 56.4 45.6 2.4 0.0
3 641.0 0.0 65.4 31.2 10.6 0.0
1 702.416666667 3.0 43.2 51.0 3.4 0.0
1 695.5 3.0 56.0 74.6 6.2 0.0
0 580.0 2.0 61.4 68.4 4.2 0.0
2 617.7 2.0 63.2 68.8 8.8 0.0
3 550.75 0.0 57.8 78.6 3.6 0.0
0 863.0 1.0 61.4 66.2 8.8 0.0
1 1059.88888889 0.0 56.8 47.4 11.6 0.0
1 731.428571429 2.0 53.0 69.2 1.0 0.0
3 316.0 2.0 61.0 84.6 6.6 0.088
0 231.5 3.0 52.6 46.0 2.0 0.0
2 1446.5 0.0 51.2 68.6 5.8 0.0
1 703.0625 1.0 69.0 73.0 6.8 0.0
0 554.0 0.0 54.6 71.4 10.2 0.23
1 581.277777778 2.0 56.0 67.0 3.0 0.0
1 688.666666667 2.0 67.2 35.6 2.4 0.0
1 588.777777778 0.0 56.0 65.6 5.8 0.014
3 848.0 0.0 41.8 64.6 2.0 0.0
2 380.285714286 0.0 61.4 55.0 10.0 0.0
2 1151.57142857 2.0 70.0 66.8 7.2 0.0
3 276.0 3.0 50.2 54.2 8.2 0.0
1 632.090909091 2.0 62.0 46.6 8.4 0.0
3 951.0 0.0 56.0 65.6 5.8 0.014
3 786.333333333 0.0 57.6 83.4 3.0 0.0
1 951.0 3.0 54.0 72.0 6.0 0.19
1 699.0 0.0 57.4 75.6 7.0 0.014
3 360.0 2.0 66.8 70.0 6.8 0.0
2 531.111111111 0.0 52.0 74.2 2.6 0.0
1 624.7 0.0 53.6 46.8 4.2 0.0
3 538.666666667 2.0 55.4 68.6 3.6 0.0
1 696.8125 2.0 58.8 46.6 3.0 0.0
0 531.0 0.0 58.2 71.2 8.6 0.0
2 408.0 0.0 64.0 61.2 11.6 0.0
2 381.0 2.0 62.6 71.4 6.2 0.002
1 1130.33333333 0.0 67.8 57.8 6.6 0.0
0 694.0 0.0 63.0 60.4 4.2 0.0
0 65451.0 0.0 53.2 52.8 2.0 0.0
2 647.333333333 0.0 59.0 84.0 4.0 0.0
2 884.75 2.0 71.0 55.0 5.0 0.0
1 799.0 1.0 68.0 71.0 8.0 0.0
2 476.666666667 3.0 43.2 51.0 3.4 0.0
0 574.0 0.0 58.8 61.6 12.2 0.016
2 423.5 0.0 57.6 55.8 14.2 0.0
3 243.0 2.0 68.4 65.0 4.8 0.0
2 805.0 0.0 60.8 72.8 5.4 0.0
2 1242.14285714 0.0 61.4 65.8 4.2 0.0
0 568.0 0.0 45.8 74.0 2.4 0.0
1 1782.41666667 2.0 62.8 61.0 6.2 0.0
2 530.25 2.0 55.4 68.0 3.6 0.0
3 890.0 1.0 67.2 69.0 6.2 0.0
1 753.444444444 2.0 68.8 66.6 6.8 0.0
1 727.636363636 0.0 60.4 62.0 10.8 0.0
3 660.5 2.0 72.0 57.2 3.6 0.0
1 929.0 1.0 65.0 63.2 6.2 0.0
1 606.333333333 1.0 64.8 65.8 7.2 0.0
1 673.3 2.0 63.0 60.2 6.4 0.0
2 791.25 0.0 55.4 68.6 7.4 0.008
1 685.133333333 0.0 52.8 70.2 6.6 0.008
1 839.444444444 0.0 56.0 84.6 5.2 0.0
1 704.666666667 0.0 59.6 70.2 7.8 0.004
3 599.0 0.0 59.8 57.8 6.2 0.0
0 554.0 0.0 59.4 66.8 7.6 0.0
1 772.941176471 1.0 64.6 71.4 6.4 0.0
1 834.2 2.0 69.8 67.6 6.6 0.0
3 151.5 0.0 62.4 62.8 4.4 0.0
1 625.857142857 2.0 57.6 65.8 9.6 0.0
1 565.666666667 0.0 41.8 64.6 2.0 0.0
2 687.3 0.0 59.4 66.8 7.6 0.0
2 447.8 0.0 59.6 70.2 7.8 0.004
1 811.238095238 0.0 69.4 45.4 3.8 0.0
1 753.833333333 0.0 59.4 77.0 4.6 0.0
1 872.2 0.0 59.0 66.8 7.6 0.0
1 1564.33333333 3.0 62.8 79.4 5.0 0.094
2 653.625 0.0 58.4 71.0 2.2 0.0
2 891.75 0.0 57.8 75.4 10.6 0.762
3 484.333333333 0.0 54.4 66.8 4.8 0.0
3 713.0 2.0 55.2 52.2 3.6 0.0
0 61.0 0.0 60.0 66.4 7.4 0.0
2 641.909090909 0.0 62.2 64.0 11.6 0.0
2 1264.25 0.0 54.4 66.8 4.8 0.0
3 808.0 0.0 59.8 67.2 8.2 0.0
2 644.071428571 0.0 61.6 69.6 5.8 0.0
0 823.5 2.0 57.0 75.2 5.8 0.01
3 935.333333333 2.0 62.8 61.0 6.2 0.0
2 628.8 0.0 68.6 59.6 3.6 0.0
2 2364.57142857 3.0 54.0 83.0 8.0 0.13
2 644.166666667 0.0 53.0 76.6 5.0 0.004
3 655.75 0.0 62.4 66.2 5.8 0.0
1 543.333333333 1.0 67.2 69.0 6.2 0.0
2 651.5 0.0 57.4 75.6 7.0 0.014
2 817.75 1.0 62.2 65.6 6.4 0.0
1 590.333333333 2.0 57.0 75.2 5.8 0.01
2 591.0 2.0 58.0 74.0 2.6 0.0
0 2559.0 2.0 64.6 79.4 5.4 0.0
0 541.0 0.0 60.4 78.8 7.2 0.0
0 143.0 2.0 69.6 68.8 4.8 0.0
0 780.0 2.0 66.0 64.0 9.6 0.0
0 601.0 2.0 58.2 70.0 4.0 0.0
1 782.0 1.0 70.8 58.2 8.2 0.0
2 1300.6 0.0 46.4 37.2 6.2 0.0
2 1314.33333333 1.0 70.0 73.2 9.0 0.0
3 966.666666667 2.0 61.0 69.0 4.0 0.0
2 446.777777778 2.0 68.2 75.2 5.8 0.0
2 601.714285714 0.0 62.4 55.4 5.8 0.0
2 596.833333333 3.0 55.0 78.2 7.2 0.024
3 789.0 2.0 71.6 65.2 6.4 0.0
0 431.0 0.0 58.4 63.4 8.4 0.0
1 1403.21428571 2.0 58.2 70.0 4.0 0.0
2 403.0 0.0 61.2 70.0 6.0 0.0
1 258.0 0.0 52.6 72.0 3.2 0.0
1 810.055555556 0.0 59.4 47.4 4.0 0.0
1 633.153846154 0.0 59.8 57.8 6.2 0.0
1 575.8 0.0 61.8 67.6 10.8 0.0
3 456.0 1.0 70.8 58.2 8.2 0.0
2 605.875 0.0 59.6 66.8 6.2 0.0
0 265.0 1.0 69.0 71.2 7.6 0.0
3 684.666666667 3.0 52.0 86.0 3.0 0.0
1 632.555555556 1.0 69.0 68.6 8.0 0.0
3 328.0 1.0 73.4 60.8 5.4 0.0
2 427.5 2.0 65.6 74.6 4.4 0.0
2 468.111111111 2.0 64.2 43.4 3.2 0.0
1 544.666666667 1.0 61.4 66.2 8.8 0.0
0 891.0 2.0 55.6 64.6 6.4 0.002
1 937.0 0.0 53.0 64.2 7.4 0.028
1 846.260869565 2.0 62.0 60.2 11.8 0.0
2 627.0 0.0 56.6 57.2 7.0 0.0
1 537.75 1.0 69.0 71.2 7.6 0.0
0 679.0 1.0 67.4 68.4 8.6 0.0
3 683.0 1.0 67.4 68.4 8.6 0.0
1 653.0 2.0 64.8 74.6 9.0 0.106
2 589.25 0.0 60.0 66.4 7.4 0.0
1 2163.0 0.0 61.0 65.2 7.0 0.002
1 913.0 0.0 62.0 62.2 5.6 0.0
2 749.416666667 2.0 60.2 78.4 3.2 0.004
0 609.0 2.0 69.8 54.2 4.2 0.0
2 947.75 0.0 55.8 62.0 6.6 0.002
3 403.5 1.0 62.6 66.8 8.0 0.0
3 829.4 2.0 66.0 64.0 9.6 0.0
1 583.75 0.0 58.8 75.6 6.4 0.004
1 749.75 1.0 69.8 71.2 6.6 0.0
0 253.0 2.0 63.4 76.6 6.2 0.35
2 990.454545455 3.0 60.6 76.8 3.6 0.002
1 541.888888889 0.0 57.0 74.4 5.6 0.0
3 997.0 1.0 72.6 70.4 7.2 0.0
2 510.909090909 0.0 59.4 64.2 8.6 0.0
3 274.0 2.0 58.2 70.0 4.0 0.0
1 813.333333333 2.0 65.6 74.6 4.4 0.0
1 631.222222222 1.0 72.6 70.4 7.2 0.0
1 766.125 2.0 64.8 71.0 7.6 0.0
2 3056.25 2.0 65.2 42.4 2.4 0.0
2 866.4 0.0 52.8 70.2 6.6 0.008
1 657.666666667 2.0 71.4 65.6 5.8 0.0
0 724.0 0.0 56.0 84.6 5.2 0.0
0 516.0 2.0 63.6 79.6 5.0 0.0
2 422.0 3.0 58.2 86.0 7.0 0.94
2 360.0 1.0 63.6 62.8 9.0 0.0
2 4898.71428571 2.0 67.2 71.2 7.2 0.0
2 542.666666667 2.0 63.8 75.4 8.2 0.0
0 715.0 3.0 52.8 78.2 5.0 0.0
1 704.470588235 2.0 64.0 73.6 6.2 0.0
2 540.0 0.0 47.0 37.0 8.0 0.0
0 634.0 1.0 74.2 60.2 6.0 0.0
3 608.0 1.0 68.0 71.2 8.4 0.0
0 631.0 2.0 74.0 41.4 3.6 0.0
0 793.0 2.0 68.0 65.8 9.0 0.0
0 946.5 0.0 55.4 72.6 2.8 0.0
0 528.0 2.0 59.2 62.4 4.2 0.0
1 414.0 1.0 72.8 64.2 7.4 0.0
2 2016.5 0.0 60.4 55.0 10.6 0.0
2 830.0 0.0 62.0 65.4 9.4 0.0
1 969.5 0.0 52.6 72.0 5.2 0.032
1 764.625 0.0 66.0 26.0 16.0 0.0
3 1082.0 1.0 70.6 67.2 7.0 0.0
1 737.071428571 3.0 60.0 80.0 4.0 0.0
1 592.0 0.0 57.4 81.4 8.6 0.296
1 918.0 3.0 57.8 82.0 3.2 0.0
2 517.5 3.0 46.2 70.8 2.2 0.0
1 666.0 0.0 54.2 59.2 7.8 0.0
1 776.4375 0.0 60.8 67.4 6.6 0.0
0 517.0 0.0 41.8 64.6 2.0 0.0
2 567.545454545 0.0 53.8 57.0 3.0 0.0
2 632.625 0.0 60.6 58.2 6.8 0.0
2 3792.66666667 2.0 66.0 66.0 10.0 0.0
1 12973.6666667 2.0 64.6 73.0 4.4 0.0
2 700.75 0.0 58.2 57.0 3.0 0.0
2 543.083333333 0.0 72.8 36.6 5.0 0.0
2 655.666666667 1.0 69.6 66.0 7.0 0.0
1 915.0 0.0 65.4 49.4 6.4 0.0
3 766.0 2.0 59.6 78.8 3.6 0.004
0 614.0 0.0 57.8 68.0 9.0 0.0
2 746.125 0.0 54.0 84.4 3.6 0.0
2 631.5 1.0 74.2 60.2 6.0 0.0
3 852.0 2.0 54.6 59.4 5.2 0.0
2 705.111111111 0.0 60.2 65.0 8.6 0.0
3 21909.0 2.0 61.8 59.2 5.2 0.0
2 599.857142857 2.0 55.6 64.6 6.4 0.002
3 443.0 0.0 60.0 67.0 6.0 0.0
1 757.4 3.0 50.4 63.0 1.8 0.0
2 1018.11111111 1.0 65.0 66.4 6.6 0.0
3 789.0 3.0 60.6 76.8 3.6 0.002
3 538.0 3.0 44.4 59.4 1.4 0.0
1 2617.63636364 2.0 56.2 69.6 4.2 0.0
2 582.25 0.0 64.0 68.6 5.0 0.0
1 804.555555556 3.0 51.0 59.0 1.0 0.0
0 458.0 0.0 56.8 47.4 11.6 0.0
1 630.090909091 0.0 55.4 72.2 8.0 0.132
0 594.666666667 0.0 49.6 73.2 3.0 0.0
1 699.363636364 1.0 68.0 66.8 7.8 0.0
2 568.090909091 0.0 64.8 46.8 8.4 0.0
0 425.0 0.0 70.0 48.0 5.2 0.0
1 734.533333333 0.0 55.4 74.8 4.8 0.0
3 584.0 2.0 65.4 70.0 6.8 0.0
1 1150.28571429 0.0 56.0 61.0 4.4 0.0
2 2417.77777778 0.0 62.0 62.2 5.6 0.0
0 270.0 2.0 71.8 53.2 3.8 0.0
2 787.7 1.0 71.2 70.2 9.0 0.0
2 548.333333333 1.0 68.6 70.4 7.0 0.0
1 806.375 0.0 49.6 73.2 3.0 0.0
1 582.8 1.0 65.0 74.0 12.0 0.0
1 354.0 1.0 67.6 75.4 7.2 0.0
1 598.333333333 0.0 62.8 67.0 6.4 0.0
2 603.25 2.0 69.8 67.6 6.6 0.0
1 1087.6 0.0 60.0 66.4 7.4 0.0
0 776.0 1.0 65.0 72.0 11.0 0.0
1 3458.7 0.0 56.0 53.4 8.0 0.0
0 437.0 1.0 68.0 66.0 7.4 0.0
2 15405.75 2.0 54.8 53.8 4.8 0.0
1 611.357142857 1.0 70.6 67.2 7.0 0.0
3 457.5 0.0 58.4 65.8 3.2 0.0
1 389.0 0.0 55.8 81.4 3.4 0.006
3 310.0 1.0 64.8 74.6 8.4 0.0
3 346.0 3.0 48.0 43.6 2.4 0.0
2 353.0 1.0 66.2 62.2 7.6 0.0
1 710.7 0.0 62.4 66.2 5.8 0.0
3 230.5 3.0 50.6 61.4 7.4 0.0
1 767.666666667 3.0 60.8 84.2 10.8 0.93
3 511.0 0.0 50.6 85.6 7.2 0.458
2 5715.90909091 1.0 70.4 48.2 6.0 0.0
2 481.4 0.0 47.0 70.0 4.2 0.0
1 435.428571429 0.0 58.0 68.4 9.0 0.0
3 703.0 2.0 65.2 72.2 3.2 0.002
2 786.5 2.0 55.2 75.8 7.8 0.002
1 623.785714286 0.0 48.8 70.8 5.8 0.0
1 590.142857143 2.0 55.8 67.0 1.8 0.0
3 601.0 0.0 59.0 71.8 8.2 0.0
1 1174.75 1.0 65.8 72.0 9.0 0.0
2 644.0 1.0 68.0 70.0 7.8 0.0
2 2122.55555556 0.0 60.0 69.2 13.0 0.0
2 498.230769231 1.0 64.2 69.0 7.8 0.0
3 573.0 1.0 70.0 70.0 7.0 0.0
1 617.625 0.0 60.4 60.0 12.8 0.0
2 742.923076923 2.0 58.6 73.2 3.4 0.0
0 719.0 2.0 71.4 65.6 5.8 0.0
1 530.75 1.0 69.0 72.2 6.8 0.0
0 571.0 2.0 60.4 62.6 4.4 0.0
0 581.0 2.0 64.8 78.0 6.2 0.0
1 663.333333333 0.0 46.4 51.4 13.6 0.0
1 655.0 0.0 59.6 63.6 2.0 0.0
1 667.7 0.0 58.4 58.2 8.2 0.0
1 787.333333333 1.0 65.6 71.4 9.4 0.0
2 700.0 3.0 51.4 60.0 1.0 0.0
3 327.0 0.0 60.2 72.0 11.0 0.092
2 629.0 2.0 61.0 84.6 6.6 0.088
3 588.0 0.0 63.0 60.4 4.2 0.0
2 1112.0 2.0 53.8 54.2 2.2 0.0
2 651.9 2.0 60.6 68.2 3.8 0.0
2 671.2 0.0 60.0 74.0 9.6 0.0
2 647.25 0.0 60.6 79.8 5.0 0.0
3 1274.66666667 0.0 56.2 80.4 3.6 0.0
1 700.625 2.0 66.0 73.0 8.0 0.0
2 717.090909091 2.0 65.2 72.6 5.0 0.0
3 467.5 0.0 60.6 79.8 5.0 0.0
2 561.090909091 1.0 68.6 68.4 7.0 0.0
2 778.4 2.0 60.4 62.6 4.4 0.0
1 627.5 1.0 63.2 70.4 9.6 0.0
3 410.0 3.0 43.2 51.0 3.4 0.0
2 799.666666667 1.0 68.0 70.8 7.4 0.0
1 778.0 0.0 52.8 71.0 4.4 0.0
2 754.0 0.0 52.2 52.8 1.8 0.0
2 450.0 3.0 52.8 78.2 5.0 0.0
2 433.5 3.0 50.6 72.8 4.2 0.0
0 384.0 1.0 69.2 67.4 8.4 0.0
2 1991.0 0.0 52.6 72.0 5.2 0.032
0 878.0 0.0 66.0 66.0 5.0 0.0
1 861.238095238 2.0 69.0 58.0 6.0 0.0
3 636.8 0.0 55.2 74.6 3.6 0.002
3 770.0 0.0 60.8 74.8 3.2 0.0
2 851.214285714 0.0 57.4 67.2 5.6 0.0
2 822.666666667 3.0 55.8 80.6 9.4 0.114
1 767.0 2.0 58.6 78.4 4.2 0.0
3 652.666666667 1.0 68.0 53.0 7.0 0.0
0 20491.0 0.0 64.8 46.8 8.4 0.0
1 842.5 2.0 59.2 73.8 4.2 0.0
1 581.0 2.0 59.8 80.6 8.6 0.056
2 565.0 1.0 69.4 72.8 7.6 0.0
3 269.0 0.0 53.2 55.0 1.8 0.0
3 637.0 0.0 54.0 84.4 3.6 0.0
1 786.1 0.0 57.6 67.8 5.2 0.0
1 735.857142857 1.0 75.2 63.0 6.4 0.0
1 580.5 0.0 57.6 82.4 11.0 0.104
2 602.444444444 0.0 62.0 62.4 11.0 0.0
2 896.0 0.0 59.4 60.4 3.6 0.0
3 672.0 0.0 61.0 44.0 3.0 0.0
