2 274.666666667 2.0 64.0 54.0 3.0 0.0
2 247.0 0.0 56.4 45.6 2.4 0.0
2 192.666666667 0.0 52.4 81.0 2.6 0.0
2 249.6 0.0 59.4 77.0 4.6 0.0
0 230.0 0.0 56.2 80.4 3.6 0.0
0 308.0 0.0 63.2 62.4 6.4 0.0
0 263.0 2.0 62.6 64.8 4.4 0.0
0 277.0 2.0 57.8 77.2 3.4 0.0
2 277.0 0.0 56.8 79.6 10.8 0.544
2 265.833333333 0.0 57.0 59.0 8.0 0.0
2 591.375 3.0 51.0 62.0 2.0 0.0
0 268.0 2.0 62.0 46.6 8.4 0.0
1 179.0 0.0 54.4 66.8 4.8 0.0
2 258.666666667 0.0 54.6 80.0 2.4 0.0
2 275.0 3.0 50.6 72.8 4.2 0.0
1 170.0 0.0 54.0 44.0 1.0 0.0
0 286.0 0.0 59.8 67.2 8.2 0.0
3 315.0 2.0 69.6 68.8 4.8 0.0
3 257.0 2.0 72.0 57.2 3.6 0.0
2 237.0 2.0 60.2 70.2 6.8 0.042
2 251.0 0.0 56.0 80.0 3.0 0.0
0 257.0 2.0 63.2 68.8 8.8 0.0
2 253.25 2.0 69.8 54.2 4.2 0.0
1 522.0 2.0 65.0 67.0 7.0 0.0
2 217.333333333 0.0 55.2 74.6 3.6 0.002
0 258.0 3.0 43.6 65.4 5.4 0.122
0 270.0 0.0 55.6 80.4 5.4 0.082
2 2436.5 0.0 63.8 72.2 7.8 0.0
2 240.0 1.0 62.0 68.4 8.0 0.0
1 453.5 1.0 69.2 67.4 8.4 0.0
2 263.333333333 1.0 64.0 53.4 7.2 0.0
2 272.142857143 1.0 73.0 67.0 8.0 0.0
0 287.0 0.0 57.8 68.0 9.0 0.0
0 261.0 0.0 56.0 73.0 7.0 0.036
2 261.333333333 0.0 60.2 70.0 6.6 0.0
2 274.666666667 0.0 59.4 47.4 4.0 0.0
0 261.0 0.0 54.4 66.8 4.8 0.0
3 759.666666667 0.0 63.6 70.6 8.0 0.0
0 486.333333333 2.0 60.6 58.2 2.0 0.0
3 376.0 2.0 56.6 69.0 5.2 0.0
1 502.0 2.0 65.0 66.0 4.0 0.0
0 292.0 0.0 56.0 61.0 4.4 0.0
1 340.0 0.0 58.0 68.0 6.0 0.0
1 568.0 0.0 58.6 66.0 5.2 0.0
0 250.0 0.0 53.8 76.8 3.4 0.0
1 391.5 2.0 65.2 42.4 2.4 0.0
2 342.5 2.0 65.4 46.8 3.6 0.0
1 493.0 1.0 68.0 66.0 8.0 0.0
1 241.0 0.0 47.0 74.0 3.0 0.0
1 368.666666667 0.0 57.0 57.0 13.0 0.0
0 285.0 0.0 62.4 71.8 6.0 0.056
1 387.0 1.0 67.6 71.8 6.0 0.0
2 286.5 2.0 57.8 61.4 2.4 0.0
1 444.0 0.0 63.0 60.4 4.2 0.0
0 264.0 1.0 71.0 69.0 7.6 0.0
2 271.0 1.0 70.0 68.0 6.0 0.0
2 250.5 0.0 61.6 69.6 5.8 0.0
1 189.0 0.0 56.0 53.4 8.0 0.0
2 265.0 3.0 58.0 76.2 2.8 0.004
1 364.0 1.0 71.0 68.0 6.2 0.0
2 769.5 0.0 58.0 74.0 10.0 0.33
3 293.0 3.0 52.8 78.2 5.0 0.0
1 318.0 1.0 71.0 66.0 8.0 0.0
2 5194.75 2.0 65.4 73.2 5.2 0.0
2 264.0 2.0 56.8 88.4 5.4 0.348
3 197.0 1.0 64.4 66.2 7.8 0.0
1 178.0 2.0 71.0 62.0 7.0 0.0
1 164.5 0.0 56.0 67.0 4.0 0.0
1 16156.75 0.0 67.8 57.8 6.6 0.0
1 537.0 0.0 57.2 70.6 8.0 0.0
1 280.0 0.0 62.4 62.2 5.4 0.0
1 304.333333333 0.0 53.0 74.0 4.0 0.0
0 268.0 0.0 61.6 64.8 8.2 0.004
2 290.5 0.0 62.0 62.4 11.0 0.0
3 815.5 0.0 67.0 49.6 6.0 0.0
1 361.5 0.0 62.4 55.4 5.8 0.0
3 681.0 3.0 43.2 51.0 3.4 0.0
3 289.5 1.0 68.0 66.8 7.8 0.0
2 268.4 0.0 57.4 67.2 5.6 0.0
2 185.5 0.0 62.0 59.0 7.0 0.0
1 171.0 0.0 58.4 65.8 3.2 0.0
1 207.0 2.0 55.0 64.0 4.0 0.0
1 390.0 0.0 56.0 59.0 3.0 0.0
2 249.5 0.0 52.4 69.2 1.2 0.0
2 273.333333333 0.0 59.0 80.0 4.0 0.0
2 226.5 1.0 67.2 69.8 9.4 0.004
0 236.0 1.0 68.4 75.0 6.2 0.0
2 273.0 2.0 67.4 64.2 5.6 0.0
2 236.0 0.0 53.8 57.8 9.0 0.0
3 315.0 1.0 67.6 72.0 7.6 0.0
2 276.142857143 2.0 65.4 76.0 6.2 0.32
0 253.0 2.0 65.8 68.8 5.6 0.0
2 255.0 0.0 66.4 59.8 4.0 0.0
1 257.0 2.0 66.4 71.8 6.0 0.0
2 224.0 3.0 60.0 75.0 4.0 0.0
2 265.125 0.0 61.4 70.4 3.8 0.0
1 299.5 2.0 67.0 71.0 8.0 0.0
2 258.0 3.0 57.8 82.0 3.2 0.0
2 1510.0 0.0 62.0 63.4 4.6 0.0
1 305.5 0.0 59.6 71.2 8.4 0.0
2 287.0 2.0 61.8 59.2 5.2 0.0
2 272.6 2.0 69.8 67.6 6.6 0.0
2 283.0 1.0 69.2 67.4 8.4 0.0
0 332.0 2.0 63.4 62.4 4.0 0.0
2 274.2 0.0 55.8 62.0 6.6 0.002
1 471.666666667 0.0 50.8 69.2 1.4 0.0
2 283.666666667 2.0 62.8 50.8 6.4 0.0
2 268.0 2.0 72.2 70.0 7.6 0.0
2 252.0 2.0 66.0 63.0 8.0 0.0
0 283.0 1.0 71.2 70.2 9.0 0.0
2 277.0 1.0 68.0 70.0 7.8 0.0
2 243.0 0.0 50.0 75.2 4.8 0.0
2 290.5 2.0 58.6 73.2 3.4 0.0
0 284.0 0.0 51.4 77.6 9.6 0.268
2 245.666666667 3.0 41.0 60.2 1.2 0.0
1 257.0 0.0 62.0 68.0 5.0 0.0
2 746.4 0.0 51.2 68.6 5.8 0.0
1 273.333333333 0.0 56.6 46.2 3.6 0.0
2 428.666666667 2.0 55.2 78.6 4.0 0.0
1 249.0 1.0 64.2 70.6 8.0 0.0
2 267.0 0.0 70.0 48.0 5.2 0.0
1 1987.5 2.0 66.8 70.0 6.8 0.0
1 300.0 3.0 58.0 87.0 3.0 0.0
3 192.0 2.0 58.6 73.2 3.4 0.0
1 773.0 0.0 61.0 86.0 13.0 0.39
1 292.0 1.0 65.0 62.0 9.0 0.0
0 194.0 0.0 56.4 67.4 4.2 0.0
3 249.0 0.0 53.0 86.0 8.0 0.096
0 276.0 0.0 53.6 46.8 4.2 0.0
2 247.333333333 0.0 58.0 68.4 9.0 0.0
2 236.5 0.0 47.0 70.0 4.2 0.0
0 251.0 3.0 44.4 63.8 1.4 0.0
1 379.0 0.0 60.0 55.0 7.0 0.0
0 67499.0 2.0 59.8 70.0 3.0 0.0
0 324.0 0.0 64.0 68.6 5.0 0.0
0 267.0 1.0 70.6 65.4 8.0 0.002
1 241.0 0.0 62.0 62.4 11.0 0.0
1 316.0 0.0 58.8 75.6 6.4 0.004
1 443.0 3.0 60.4 82.8 6.4 0.028
2 168.5 2.0 70.0 74.0 6.0 0.0
1 403.0 0.0 51.0 60.8 1.8 0.0
0 297.0 0.0 59.8 69.0 9.0 0.0
0 300.5 0.0 57.8 47.8 6.8 0.0
3 727.0 2.0 69.0 32.0 6.6 0.0
1 282.0 2.0 66.0 63.0 8.0 0.0
2 217.166666667 1.0 62.6 66.8 8.0 0.0
2 268.0 2.0 59.6 78.8 3.6 0.004
1 501.0 1.0 62.6 66.8 8.0 0.0
1 427.0 0.0 52.8 70.0 1.8 0.0
1 467.0 0.0 59.0 64.0 8.0 0.0
0 358.0 1.0 66.2 73.2 7.8 0.0
0 327.0 0.0 54.6 34.4 9.4 0.0
2 239.0 0.0 54.6 34.4 9.4 0.0
3 61360.5 2.0 62.8 51.0 3.2 0.0
0 250.0 1.0 67.6 71.8 6.0 0.0
2 426.5 3.0 48.2 69.2 1.0 0.0
2 312.25 0.0 60.8 67.4 6.6 0.0
2 218.666666667 0.0 50.0 53.0 1.0 0.0
2 265.8 1.0 65.2 65.6 9.8 0.0
0 250.0 0.0 52.8 67.2 3.2 0.0
1 409.0 3.0 58.2 86.0 7.0 0.94
2 1071.0 1.0 69.2 68.4 6.2 0.0
2 263.0 1.0 68.2 68.8 8.0 0.0
0 298.0 2.0 60.4 64.8 5.6 0.0
2 239.5 2.0 60.0 82.0 4.0 0.0
2 276.0 2.0 63.4 76.6 6.2 0.35
2 194.4 0.0 57.6 83.4 3.0 0.0
1 156.0 1.0 69.0 66.0 9.0 0.0
2 347.0 3.0 50.0 66.6 8.4 0.0
1 196.0 2.0 59.0 69.0 7.0 0.0
0 269.0 3.0 48.0 43.6 2.4 0.0
2 261.666666667 3.0 56.0 74.6 6.2 0.0
0 277.0 0.0 51.8 77.6 1.6 0.0
0 281.0 3.0 58.2 86.0 7.0 0.94
1 441.0 3.0 59.6 79.4 7.4 0.002
2 284.25 2.0 63.0 60.2 6.4 0.0
0 254.0 0.0 59.4 77.0 4.6 0.0
1 225.666666667 0.0 53.6 82.6 3.0 0.0
1 499.666666667 0.0 63.6 70.6 8.0 0.0
3 494.0 0.0 75.4 35.6 5.2 0.0
0 300.0 0.0 53.6 70.2 3.0 0.0
1 249.0 3.0 52.8 78.2 5.0 0.0
1 280.0 0.0 69.4 45.4 3.8 0.0
2 258.666666667 1.0 67.2 67.6 9.0 0.0
1 249.5 2.0 72.0 41.0 4.0 0.0
0 262.0 0.0 63.8 72.2 7.8 0.0
2 1220.28571429 0.0 61.0 56.4 6.0 0.0
2 266.333333333 0.0 49.2 58.0 1.6 0.0
0 326.0 2.0 64.2 43.4 3.2 0.0
1 348.5 0.0 61.4 72.8 6.2 0.0
1 177.0 0.0 54.0 82.0 5.0 0.0
3 321.0 2.0 57.6 71.6 5.6 0.0
2 256.0 3.0 46.2 70.8 2.2 0.0
1 201.0 2.0 69.0 70.0 6.0 0.0
0 295.0 2.0 61.0 84.6 6.6 0.088
1 721.0 1.0 67.8 68.8 6.8 0.0
2 275.0 0.0 57.0 57.0 13.0 0.0
1 399.0 2.0 61.0 84.6 6.6 0.088
1 180.0 0.0 54.0 85.0 1.0 0.0
0 198.0 0.0 55.4 72.2 8.0 0.132
0 294.0 1.0 68.0 66.8 7.8 0.0
1 264.333333333 0.0 62.0 42.0 4.0 0.0
1 569.0 0.0 58.4 81.4 4.2 0.0
2 584.5 0.0 50.8 48.6 1.8 0.0
0 296.0 2.0 61.8 73.6 1.4 0.0
1 427.5 1.0 78.0 48.0 6.0 0.0
1 384.5 2.0 61.4 61.0 3.6 0.0
2 237.333333333 2.0 65.6 74.6 4.4 0.0
0 306.0 3.0 50.6 61.4 7.4 0.0
2 229.428571429 1.0 69.0 68.0 6.0 0.0
1 277.0 1.0 68.0 69.8 7.2 0.0
1 326.0 2.0 67.2 35.6 2.4 0.0
2 412.0 3.0 50.4 82.2 1.8 0.004
2 346.0 2.0 72.0 41.0 4.0 0.0
3 308.0 2.0 57.4 72.2 3.0 0.0
2 193.0 0.0 63.0 63.0 7.0 0.0
2 148.0 2.0 67.0 68.0 8.0 0.0
0 252.0 1.0 66.2 62.2 7.6 0.0
0 317.0 2.0 67.6 59.4 5.4 0.0
1 610.25 0.0 60.4 55.0 10.6 0.0
1 290.0 0.0 56.0 65.6 5.8 0.014
1 411.5 0.0 56.0 66.6 5.4 0.022
0 270.0 2.0 68.6 73.6 6.2 0.0
0 470.0 0.0 56.4 45.6 2.4 0.0
0 273.0 0.0 54.6 60.6 3.4 0.0
1 176.0 0.0 66.0 63.0 7.0 0.0
0 279.0 1.0 75.2 63.0 6.4 0.0
1 654.0 2.0 58.4 70.0 2.8 0.0
2 253.666666667 0.0 55.0 69.0 8.0 0.09
2 157.0 2.0 72.0 61.0 4.0 0.0
0 323.0 2.0 72.2 70.0 7.6 0.0
0 266.0 0.0 52.8 71.0 4.4 0.0
0 286.0 2.0 67.0 43.6 4.4 0.0
1 1053.5 1.0 69.2 68.4 6.2 0.0
1 3430.5 2.0 67.2 71.2 7.2 0.0
0 290.0 0.0 52.4 60.8 2.2 0.0
2 295.0 3.0 53.0 80.4 6.0 0.104
0 236.5 0.0 58.4 81.6 3.2 0.0
1 226.0 2.0 63.0 60.0 6.0 0.0
2 270.333333333 0.0 58.4 65.8 3.2 0.0
2 229.75 0.0 57.2 73.6 2.8 0.0
3 932.0 0.0 59.8 69.0 9.0 0.0
1 304.666666667 0.0 68.0 55.0 8.0 0.0
0 267.0 0.0 50.0 75.2 4.8 0.0
2 202.0 0.0 60.2 72.0 11.0 0.092
3 355.0 1.0 67.8 68.8 6.8 0.0
1 200.0 1.0 68.0 66.0 8.0 0.0
2 193.0 2.0 58.0 49.0 6.0 0.0
0 260.0 0.0 62.4 62.8 4.4 0.0
1 312.5 1.0 70.0 65.0 8.0 0.0
1 494.0 1.0 69.0 63.0 7.0 0.0
3 206.0 2.0 71.4 65.6 5.8 0.0
2 228.6 3.0 61.6 80.6 4.6 0.006
0 235.0 0.0 52.8 62.6 2.4 0.0
2 269.0 0.0 53.0 86.0 8.0 0.096
3 218.0 0.0 60.8 68.2 6.8 0.0
1 189.0 0.0 63.0 55.0 4.0 0.0
0 267.0 0.0 58.0 68.4 9.0 0.0
2 256.0 3.0 59.6 79.4 7.4 0.002
0 446.0 1.0 67.6 75.4 7.2 0.0
2 164.0 2.0 61.0 66.0 2.0 0.0
1 410.0 0.0 54.0 84.4 3.6 0.0
2 2830.5 2.0 56.8 83.0 4.4 0.272
2 211.2 0.0 54.2 54.4 3.0 0.0
1 429.0 2.0 57.8 61.4 2.4 0.0
2 260.0 0.0 61.8 48.6 4.6 0.0
2 2371.66666667 2.0 68.0 65.8 9.0 0.0
2 268.0 0.0 61.6 42.8 10.6 0.0
1 186.0 2.0 64.0 60.0 2.0 0.0
3 429.0 0.0 57.4 68.2 7.0 0.0
2 316.8 3.0 58.8 83.0 2.8 0.0
2 243.333333333 2.0 56.0 71.0 6.0 0.0
1 324.0 0.0 57.8 68.0 9.0 0.0
1 240.0 0.0 53.4 52.6 2.2 0.0
1 304.0 2.0 60.0 62.0 5.0 0.0
2 266.25 2.0 65.2 42.4 2.4 0.0
0 285.0 0.0 60.2 76.8 6.4 0.0
1 303.0 2.0 55.2 57.6 3.0 0.0
2 1000.0 0.0 55.4 68.6 7.4 0.008
1 145.0 0.0 54.0 67.0 4.0 0.0
1 671.0 0.0 53.0 53.0 2.0 0.0
0 196.0 1.0 66.0 69.0 8.0 0.0
3 2077.0 1.0 66.0 72.0 8.0 0.0
0 295.0 1.0 68.6 70.4 7.0 0.0
0 292.0 2.0 67.6 72.2 7.0 0.0
1 263.0 0.0 61.0 43.0 4.0 0.0
0 256.0 0.0 62.4 55.4 5.8 0.0
1 534.0 0.0 54.0 31.0 9.0 0.0
3 779.0 2.0 57.8 77.2 3.4 0.0
0 258.0 0.0 67.0 49.6 6.0 0.0
2 256.5 0.0 57.4 68.2 7.0 0.0
1 410.0 1.0 68.4 75.0 6.2 0.0
1 297.25 0.0 57.0 68.0 4.0 0.0
1 268.0 0.0 60.8 74.8 3.2 0.0
2 254.5 0.0 58.0 80.0 8.0 0.01
2 273.5 1.0 68.4 75.0 6.2 0.0
2 610.909090909 0.0 60.8 74.8 3.2 0.0
1 444.0 0.0 66.0 61.0 8.0 0.0
2 222.25 2.0 55.2 57.6 3.0 0.0
0 268.0 1.0 64.8 74.6 8.4 0.0
1 167.0 0.0 64.0 57.0 5.0 0.0
0 240.0 0.0 64.8 68.8 7.6 0.0
2 279.25 0.0 57.0 70.0 7.0 0.08
0 282.0 0.0 51.2 78.0 9.0 0.302
3 204.0 2.0 52.2 73.6 3.2 0.0
1 278.75 1.0 70.0 68.0 6.0 0.0
2 233.0 0.0 60.0 74.0 9.6 0.0
1 714.0 0.0 60.2 60.0 5.4 0.0
2 252.714285714 0.0 58.4 81.4 4.2 0.0
0 401.0 1.0 66.2 71.4 8.4 0.0
2 1030.0 2.0 58.0 74.0 2.6 0.0
0 302.0 2.0 60.8 58.6 3.2 0.0
2 320.0 2.0 60.4 62.6 4.4 0.0
1 198.0 0.0 62.0 65.0 8.0 0.0
1 169.0 1.0 70.0 65.0 7.0 0.0
1 243.666666667 0.0 56.0 56.0 9.0 0.0
2 258.4 1.0 68.0 66.0 7.4 0.0
2 252.333333333 1.0 61.2 63.2 9.4 0.0
1 441.0 0.0 58.4 58.2 8.2 0.0
0 341.0 2.0 56.8 88.4 5.4 0.348
1 409.0 0.0 54.6 80.0 2.4 0.0
1 470.0 2.0 59.0 74.0 2.0 0.0
1 298.0 0.0 54.0 52.0 2.0 0.0
2 230.0 2.0 53.0 62.0 3.0 0.0
1 357.0 2.0 52.0 63.0 5.0 0.0
1 236.0 2.0 65.0 77.0 5.0 0.0
0 327.0 0.0 57.8 73.4 11.2 0.178
2 228.2 0.0 62.2 68.4 5.6 0.0
3 557.5 0.0 64.8 46.8 8.4 0.0
1 299.5 0.0 51.0 72.0 3.0 0.0
2 399.5 2.0 60.2 78.4 3.2 0.004
1 263.0 3.0 41.0 60.2 1.2 0.0
3 366.0 3.0 46.2 70.8 2.2 0.0
2 280.0 2.0 71.4 67.6 4.6 0.0
1 2800.0 0.0 61.2 70.0 6.0 0.0
3 274.0 2.0 69.2 70.4 5.0 0.0
3 209.0 2.0 60.8 58.6 3.2 0.0
0 282.0 0.0 57.2 59.0 3.4 0.0
2 294.5 0.0 66.0 61.0 8.0 0.0
2 301.25 1.0 69.8 70.8 6.6 0.0
1 399.666666667 0.0 58.0 65.8 7.8 0.0
2 293.0 0.0 52.0 74.2 2.6 0.0
1 283.666666667 1.0 71.0 64.0 8.0 0.0
0 239.0 3.0 51.4 60.0 1.0 0.0
1 253.0 2.0 63.0 56.0 6.0 0.0
2 1482.6 0.0 58.8 65.8 6.2 0.006
2 257.6 1.0 74.0 63.0 5.0 0.0
2 1643.0 0.0 56.0 66.6 5.4 0.022
2 205.5 0.0 58.8 75.6 6.4 0.004
2 234.333333333 0.0 51.8 77.6 1.6 0.0
0 217.0 1.0 72.8 64.2 7.4 0.0
1 450.0 0.0 59.0 73.0 14.0 0.21
2 174.0 2.0 63.0 80.0 7.0 0.0
0 229.0 0.0 74.8 35.2 4.2 0.0
2 381.0 0.0 54.4 66.8 4.8 0.0
0 277.0 1.0 67.6 72.0 7.6 0.0
2 156.5 0.0 60.0 58.0 2.0 0.0
1 599.5 2.0 55.4 68.6 3.6 0.0
2 237.8 0.0 54.0 65.0 4.0 0.0
1 338.0 1.0 65.6 71.4 9.4 0.0
2 1748.0 1.0 63.6 62.8 9.0 0.0
2 315.0 1.0 67.8 68.8 6.8 0.0
2 323.5 0.0 59.6 71.6 7.0 0.0
0 274.0 2.0 56.0 64.8 3.4 0.0
0 286.0 1.0 67.8 68.8 6.8 0.0
2 301.0 1.0 72.6 66.6 7.4 0.0
0 280.5 0.0 61.4 70.4 3.8 0.0
2 294.0 1.0 64.2 70.6 8.0 0.0
2 342.0 0.0 57.6 67.8 5.2 0.0
2 296.0 0.0 57.4 60.6 4.4 0.0
2 170.5 0.0 59.0 66.0 10.0 0.01
2 295.0 0.0 55.2 76.8 8.4 0.22
2 246.5 0.0 54.6 71.4 10.2 0.23
3 286.0 1.0 69.4 72.8 7.6 0.0
0 326.0 2.0 68.6 56.8 5.0 0.0
2 3287.2 1.0 70.0 70.0 7.0 0.0
2 258.8 0.0 67.0 48.0 4.0 0.0
0 251.0 0.0 47.4 70.4 4.6 0.022
1 175.0 0.0 60.0 61.0 5.0 0.0
1 447.0 0.0 63.8 72.2 7.8 0.0
2 281.5 3.0 52.8 78.2 5.0 0.0
2 285.0 0.0 59.6 66.8 6.2 0.0
1 284.5 1.0 63.0 67.0 10.0 0.0
2 229.2 1.0 64.0 73.0 10.0 0.0
0 272.0 0.0 60.0 68.0 7.0 0.0
2 423.666666667 0.0 50.8 69.2 1.4 0.0
1 447.0 2.0 68.8 64.2 7.2 0.342
2 1674.16666667 0.0 53.0 47.0 2.0 0.0
1 318.5 2.0 64.0 76.0 5.0 0.0
1 360.333333333 1.0 74.0 62.0 6.0 0.0
2 292.25 0.0 58.4 58.2 8.2 0.0
1 446.0 0.0 59.4 64.2 8.6 0.0
0 14409.6666667 3.0 49.6 70.2 3.2 0.0
2 232.0 2.0 56.0 67.0 5.0 0.0
1 3093.42857143 0.0 55.2 68.0 6.0 0.048
2 280.833333333 2.0 62.0 64.2 3.4 0.0
2 699.0 2.0 66.8 70.0 6.8 0.0
0 271.0 0.0 62.2 64.0 11.6 0.0
1 425.0 2.0 64.0 73.6 6.2 0.0
1 438.0 3.0 47.8 64.8 1.0 0.0
2 216.2 0.0 62.2 60.0 5.8 0.0
0 173.0 3.0 54.6 69.6 2.0 0.0
1 366.0 0.0 67.2 36.4 7.4 0.0
2 248.0 2.0 66.4 71.8 6.0 0.0
1 628.75 2.0 57.8 77.2 3.4 0.0
2 284.75 2.0 68.6 73.6 6.2 0.0
0 272.0 1.0 70.4 48.2 6.0 0.0
2 248.5 0.0 56.6 46.2 3.6 0.0
2 302.5 2.0 68.6 71.2 7.2 0.0
1 697.5 0.0 63.0 66.0 6.0 0.0
2 366.0 3.0 48.0 71.2 2.2 0.0
2 250.5 0.0 56.0 65.6 5.8 0.014
2 259.2 2.0 62.0 61.6 2.2 0.0
1 863.5 0.0 50.0 50.0 2.0 0.0
2 839.0 0.0 59.8 65.2 3.4 0.0
2 298.166666667 2.0 69.6 68.4 7.0 0.0
0 276.0 2.0 58.4 78.2 3.8 0.0
2 259.25 0.0 61.0 64.0 6.0 0.0
0 256.0 2.0 57.8 36.0 6.0 0.0
2 2813.75 3.0 60.4 82.8 6.4 0.028
2 285.333333333 0.0 59.6 71.2 8.4 0.0
1 171.0 2.0 63.0 70.0 7.0 0.0
0 269.0 1.0 69.6 73.6 6.0 0.0
2 245.666666667 0.0 60.2 76.8 6.4 0.0
0 273.0 0.0 61.0 65.2 7.0 0.002
2 243.0 0.0 56.0 74.0 8.0 0.1
2 261.833333333 0.0 61.0 54.0 6.0 0.0
2 254.833333333 0.0 51.4 71.6 3.0 0.0
0 306.0 2.0 59.2 62.4 4.2 0.0
1 202.0 0.0 52.0 73.0 7.0 0.01
1 363.0 2.0 59.8 85.6 5.8 0.194
2 454.6 2.0 66.0 70.0 6.0 0.0
1 1204.5 2.0 71.8 53.2 3.8 0.0
2 258.5 2.0 63.6 79.6 5.0 0.0
1 432.0 2.0 65.4 46.8 3.6 0.0
1 455.0 0.0 55.2 73.8 2.0 0.0
3 267.0 2.0 61.0 84.6 6.6 0.088
0 257.0 2.0 55.2 78.6 4.0 0.0
1 450.0 0.0 57.0 72.0 10.0 0.0
1 354.0 3.0 43.6 65.4 5.4 0.122
0 240.0 0.0 58.0 65.8 7.8 0.0
1 203.0 0.0 62.0 68.0 3.0 0.0
3 1609.0 1.0 69.0 68.6 8.0 0.0
1 450.5 0.0 57.8 75.4 10.6 0.762
1 754.0 0.0 49.0 52.0 4.0 0.0
0 303.0 2.0 70.0 66.8 4.6 0.0
2 139.0 0.0 57.0 60.0 5.0 0.0
2 230.5 2.0 53.4 63.6 3.2 0.0
1 304.0 0.0 51.0 80.0 3.0 0.01
2 352.333333333 1.0 70.4 73.2 7.4 0.0
2 215.75 0.0 55.4 72.6 2.8 0.0
1 306.5 3.0 61.0 84.0 4.0 0.01
3 1121.0 0.0 59.0 75.0 4.0 0.0
1 973.5 3.0 40.6 50.8 2.2 0.0
2 1715.0 0.0 52.0 72.0 6.0 0.0
2 320.5 2.0 54.8 63.2 2.4 0.0
2 220.5 2.0 58.0 69.0 2.0 0.0
2 255.666666667 1.0 71.0 66.0 8.0 0.0
0 40394.0 0.0 59.0 66.8 7.6 0.0
0 288.0 2.0 58.0 74.0 2.6 0.0
2 278.0 0.0 60.8 68.2 6.8 0.0
1 484.5 2.0 64.2 43.4 3.2 0.0
2 256.5 1.0 68.8 70.2 7.2 0.0
1 317.0 0.0 55.2 74.6 3.6 0.002
3 384.0 2.0 69.6 68.4 7.0 0.0
0 267.0 0.0 55.4 72.6 2.8 0.0
0 270.0 1.0 61.2 63.2 9.4 0.0
1 321.0 0.0 57.0 74.4 5.6 0.0
3 147.0 0.0 64.0 57.0 5.0 0.0
1 135.5 0.0 59.0 65.0 4.0 0.0
1 324.0 0.0 62.0 62.0 9.0 0.0
2 330.285714286 0.0 66.4 57.6 5.6 0.0
0 289.0 0.0 53.6 82.6 3.0 0.0
1 307.5 2.0 51.6 69.0 1.4 0.0
0 260.0 0.0 58.4 63.4 8.4 0.0
3 226.0 3.0 50.6 72.8 4.2 0.0
0 390.0 2.0 58.8 46.6 3.0 0.0
1 654.0 0.0 62.0 64.0 13.0 0.0
2 771.0 2.0 56.0 78.0 5.0 0.02
2 277.6 1.0 65.0 62.0 9.0 0.0
2 255.428571429 2.0 62.6 74.2 6.0 0.006
2 419.333333333 2.0 60.0 66.8 5.2 0.0
2 297.8 1.0 67.6 66.8 6.2 0.0
1 342.25 2.0 71.4 65.6 5.8 0.0
3 15932.0 2.0 65.8 68.8 5.6 0.0
1 372.5 0.0 62.0 69.0 10.0 0.0
3 41312.0 1.0 72.6 66.6 7.4 0.0
3 418.0 0.0 52.4 60.8 2.2 0.0
0 307.0 3.0 61.6 80.6 4.6 0.006
0 271.0 0.0 56.6 46.2 3.6 0.0
0 291.0 0.0 73.0 42.8 5.2 0.0
1 262.0 2.0 56.6 66.6 2.4 0.0
1 358.0 1.0 65.2 65.6 9.8 0.0
0 293.0 0.0 48.8 70.8 5.8 0.0
2 215.25 0.0 52.8 70.0 1.8 0.0
1 154.0 3.0 51.0 62.0 2.0 0.0
1 201.5 0.0 59.0 66.0 9.0 0.0
2 440.2 0.0 57.2 70.6 8.0 0.0
1 176.0 1.0 71.0 67.0 6.0 0.0
1 441.0 0.0 61.0 73.2 6.0 0.04
2 622.75 1.0 66.2 71.4 8.4 0.0
2 549.0 1.0 71.0 69.0 7.6 0.0
1 324.0 1.0 71.0 71.0 8.0 0.0
2 231.5 0.0 58.2 62.0 6.8 0.0
1 629.0 0.0 57.0 55.4 3.2 0.0
2 316.857142857 0.0 54.6 60.6 3.4 0.0
1 443.0 0.0 55.8 62.0 6.6 0.002
0 324.0 2.0 63.6 79.6 5.0 0.0
1 528.0 2.0 65.6 75.0 8.0 0.0
2 154.5 0.0 53.0 43.0 1.0 0.0
0 265.0 0.0 61.6 69.6 5.8 0.0
0 266.0 0.0 58.6 66.0 5.2 0.0
1 160.0 2.0 59.0 60.0 8.0 0.0
2 258.8 1.0 70.2 73.6 8.4 0.0
2 233.0 1.0 66.4 74.8 8.0 0.0
2 229.75 0.0 60.0 73.0 6.0 0.26
2 220.0 3.0 55.0 78.2 7.2 0.024
2 135.0 0.0 57.0 60.0 5.0 0.0
1 1456.0 3.0 39.2 60.2 4.6 0.0
1 190.5 2.0 72.0 62.0 4.0 0.0
2 294.5 2.0 61.0 84.6 6.6 0.088
0 273.0 2.0 71.4 65.6 5.8 0.0
1 301.0 1.0 67.2 69.8 9.4 0.004
1 3770.5 0.0 45.0 68.0 2.0 0.0
2 567.0 0.0 58.4 68.8 5.0 0.0
2 1259.0 0.0 52.8 62.6 2.4 0.0
1 203.0 2.0 71.0 70.0 6.0 0.0
2 275.333333333 3.0 43.6 65.4 5.4 0.122
0 308.0 0.0 53.4 52.6 2.2 0.0
3 1041.0 1.0 64.2 69.0 7.8 0.0
3 346.0 1.0 62.0 68.4 8.0 0.0
2 269.0 0.0 50.6 85.6 7.2 0.458
2 260.0 0.0 51.0 66.0 2.0 0.0
0 266.0 1.0 68.6 58.8 7.0 0.0
0 286.0 0.0 53.2 55.0 1.8 0.0
1 343.75 0.0 58.2 71.2 8.6 0.0
0 299.0 0.0 59.0 84.0 4.0 0.0
1 332.5 2.0 57.4 81.8 4.0 0.0
1 276.5 1.0 68.0 70.0 7.8 0.0
2 261.0 0.0 57.8 47.8 6.8 0.0
2 246.0 0.0 59.0 66.0 7.0 0.0
2 266.8 2.0 62.8 61.0 6.2 0.0
2 277.75 3.0 58.2 86.0 7.0 0.94
3 15724.5 3.0 61.6 80.6 4.6 0.006
1 327.5 2.0 71.0 48.0 5.0 0.0
2 178.5 0.0 59.0 62.0 6.0 0.0
2 1928.8 0.0 51.0 60.8 1.8 0.0
2 412.0 3.0 59.8 81.2 3.0 0.028
0 295.0 0.0 56.8 79.6 10.8 0.544
0 253.0 2.0 62.0 64.2 3.4 0.0
1 313.5 2.0 58.0 65.0 5.0 0.0
2 227.5 0.0 52.8 71.0 4.4 0.0
1 179.0 0.0 69.0 53.0 6.0 0.0
3 193.0 3.0 60.6 76.8 3.6 0.002
0 273.0 0.0 58.8 70.0 6.8 0.0
2 572.5 3.0 47.4 65.4 1.0 0.0
1 289.0 1.0 69.0 68.6 8.0 0.0
1 412.5 2.0 62.0 50.0 3.0 0.0
2 867.0 2.0 67.2 71.2 7.2 0.0
1 446.0 0.0 58.0 50.0 2.0 0.0
1 443.0 0.0 54.6 71.4 10.2 0.23
1 721.0 2.0 58.4 78.2 3.8 0.0
2 244.0 1.0 62.0 76.0 9.0 0.0
1 353.0 1.0 69.0 65.0 8.0 0.0
2 214.25 2.0 54.0 68.0 2.0 0.0
0 292.0 1.0 69.8 70.8 6.6 0.0
2 294.0 2.0 57.8 36.0 6.0 0.0
0 254.0 0.0 57.0 57.0 13.0 0.0
1 424.0 0.0 61.6 77.2 18.0 0.696
1 1642.25 0.0 56.6 57.2 7.0 0.0
3 204.0 2.0 63.6 79.6 5.0 0.0
2 314.0 2.0 72.0 57.2 3.6 0.0
3 362.0 0.0 48.8 60.2 4.6 0.0
1 380.0 0.0 53.8 76.8 3.4 0.0
2 290.0 0.0 51.2 78.0 9.0 0.302
0 288.0 0.0 58.8 65.8 6.2 0.006
2 283.666666667 0.0 56.0 53.4 8.0 0.0
0 256.0 0.0 57.2 74.2 7.8 0.19
1 169.0 0.0 59.0 68.0 6.0 0.0
2 169.0 2.0 62.0 66.0 2.0 0.0
2 1187.0 3.0 50.4 63.0 1.8 0.0
2 1400.0 0.0 62.4 62.2 5.4 0.0
0 278.0 2.0 59.8 85.6 5.8 0.194
2 2047.0 1.0 68.6 66.4 7.4 0.0
2 1328.5 0.0 62.8 67.0 6.4 0.0
2 249.666666667 0.0 57.0 59.8 6.2 0.0
0 242.0 0.0 64.6 67.0 8.2 0.0
2 304.2 1.0 70.6 67.2 7.0 0.0
0 249.0 0.0 54.0 72.0 4.4 0.0
0 189.0 0.0 57.6 82.4 11.0 0.104
0 243.0 2.0 61.4 61.0 3.6 0.0
2 451.333333333 0.0 59.0 60.0 7.0 0.0
2 187.0 3.0 52.0 47.0 2.0 0.0
2 2675.0 3.0 52.2 66.4 1.2 0.0
3 283.0 1.0 63.2 65.0 7.2 0.0
0 310.0 0.0 61.4 73.0 8.2 0.0
2 430.0 2.0 67.2 35.6 2.4 0.0
0 326.0 0.0 59.8 69.0 6.0 0.214
1 456.0 3.0 57.8 82.0 3.2 0.0
0 296.0 0.0 58.2 57.0 3.0 0.0
2 248.166666667 3.0 43.2 51.0 3.4 0.0
2 225.75 2.0 65.4 70.0 6.8 0.0
0 288.0 0.0 55.6 85.8 5.0 0.006
1 3775.0 2.0 59.2 73.8 4.2 0.0
2 273.2 0.0 60.0 60.0 11.0 0.0
1 7994.8 1.0 68.0 71.2 8.4 0.0
2 333.0 2.0 56.2 61.6 3.8 0.002
3 147.0 0.0 58.4 81.6 3.2 0.0
1 353.0 3.0 53.0 68.0 3.0 0.0
2 274.0 2.0 56.0 69.0 6.0 0.0
2 1221.0 2.0 62.6 71.4 6.2 0.002
2 237.333333333 0.0 56.0 61.0 4.4 0.0
0 283.0 0.0 50.8 69.2 1.4 0.0
2 189.0 1.0 72.0 56.0 5.0 0.0
1 604.0 0.0 59.0 80.0 4.0 0.0
0 266.0 1.0 67.8 73.0 7.2 0.0
2 266.0 2.0 59.2 62.4 4.2 0.0
0 239.0 0.0 64.8 46.8 8.4 0.0
1 185.0 2.0 65.0 63.0 5.0 0.0
0 289.0 1.0 70.0 70.0 7.0 0.0
1 4733.0 0.0 65.4 49.4 6.4 0.0
0 261.0 0.0 69.4 45.4 3.8 0.0
1 268.0 0.0 58.0 68.0 2.0 0.0
3 292.0 2.0 58.4 78.2 3.8 0.0
0 282.0 0.0 58.4 65.8 3.2 0.0
3 359.0 0.0 58.4 71.0 2.2 0.0
2 1529.0 2.0 64.6 73.0 4.4 0.0
2 5278.66666667 0.0 61.0 68.0 7.0 0.0
1 189.0 1.0 65.0 54.0 10.0 0.0
2 268.75 0.0 61.0 65.0 7.0 0.0
2 217.285714286 0.0 58.0 78.2 4.4 0.0
2 191.333333333 0.0 56.2 80.4 3.6 0.0
3 230.0 2.0 60.4 62.6 4.4 0.0
0 268.0 1.0 65.2 65.6 9.8 0.0
1 353.0 3.0 60.6 76.8 3.6 0.002
0 276.0 0.0 65.4 31.2 10.6 0.0
1 518.0 0.0 66.6 64.0 3.6 0.0
1 419.0 0.0 51.4 71.6 3.0 0.0
1 82354.25 1.0 65.6 72.4 6.8 0.0
0 270.0 2.0 61.8 69.2 3.4 0.0
1 300.666666667 0.0 59.8 69.0 6.0 0.214
0 256.0 0.0 75.4 45.6 4.4 0.0
1 275.5 0.0 55.6 80.4 5.4 0.082
0 279.0 1.0 74.2 60.2 6.0 0.0
0 277.0 0.0 60.8 67.4 6.6 0.0
2 255.833333333 0.0 60.2 65.0 8.6 0.0
1 1031.0 3.0 50.0 72.0 4.0 0.0
2 281.5 0.0 52.0 68.2 4.6 0.02
3 651.0 1.0 72.6 70.4 7.2 0.0
1 328.0 2.0 71.6 65.2 6.4 0.0
1 831.0 0.0 53.0 76.6 5.0 0.004
0 289.0 0.0 56.2 47.0 1.8 0.0
0 261.0 2.0 53.8 70.8 1.2 0.0
1 280.333333333 0.0 57.0 54.0 4.0 0.0
1 2250.0 2.0 67.2 67.8 5.6 0.0
2 247.0 0.0 63.0 60.4 4.2 0.0
2 1327.0 0.0 64.0 61.2 11.6 0.0
0 537.0 2.0 57.0 75.0 4.0 0.0
2 235.0 2.0 67.2 40.2 2.8 0.002
1 317.0 3.0 55.8 80.6 9.4 0.114
3 293.5 0.0 42.8 69.4 2.0 0.0
0 268.0 0.0 60.8 68.2 6.8 0.0
2 181.0 3.0 62.0 78.0 4.0 0.02
0 527.0 1.0 63.2 70.4 9.6 0.0
1 280.0 0.0 55.8 81.4 3.4 0.006
2 267.0 0.0 59.6 82.4 7.8 0.09
2 234.25 0.0 61.4 55.0 10.0 0.0
3 545.333333333 1.0 72.8 64.2 7.4 0.0
2 1349.0 0.0 61.0 66.0 9.0 0.0
1 360.333333333 0.0 53.0 83.0 2.6 0.0
0 257.0 0.0 57.4 57.6 8.6 0.0
0 240.0 0.0 61.4 55.0 10.0 0.0
0 245.0 0.0 62.0 62.4 11.0 0.0
2 202.75 0.0 53.0 78.0 3.0 0.0
2 242.0 1.0 66.4 65.0 9.0 0.0
2 340.0 0.0 67.2 36.4 7.4 0.0
1 1304.0 2.0 55.2 76.6 2.6 0.0
2 290.0 0.0 55.6 85.8 5.0 0.006
1 257.0 2.0 68.0 72.0 6.0 0.0
2 249.2 0.0 75.4 35.6 5.2 0.0
1 206.0 1.0 70.0 69.0 6.0 0.0
1 336.0 0.0 59.0 60.0 9.0 0.0
3 330.0 2.0 64.8 64.6 2.4 0.0
1 539.0 0.0 56.0 61.0 4.4 0.0
1 346.0 0.0 60.0 70.0 4.0 0.0
3 403.5 0.0 61.4 65.8 4.2 0.0
2 222.166666667 0.0 55.0 69.0 3.0 0.0
2 416.25 0.0 60.0 45.0 7.8 0.0
0 302.0 0.0 55.4 74.8 4.8 0.0
2 291.666666667 2.0 58.6 78.4 4.2 0.0
1 168.0 2.0 65.0 68.0 4.0 0.0
2 5509.0 0.0 59.0 66.8 7.6 0.0
2 483.0 1.0 67.6 72.0 7.6 0.0
2 246.0 0.0 64.8 68.8 7.6 0.0
2 314.5 2.0 69.0 32.0 6.6 0.0
1 568.0 1.0 68.6 70.4 7.0 0.0
1 359.0 0.0 60.0 54.0 4.0 0.0
0 1736.5 1.0 64.0 62.0 6.0 0.0
1 474.0 2.0 70.0 76.0 6.0 0.0
1 367.0 0.0 64.8 46.8 8.4 0.0
3 302.0 0.0 53.8 57.8 9.0 0.0
2 219.25 0.0 57.0 55.4 3.2 0.0
2 223.333333333 2.0 63.4 62.4 4.0 0.0
0 264.0 0.0 49.2 58.0 1.6 0.0
3 938.0 1.0 70.6 65.4 8.0 0.002
1 603.0 0.0 68.0 36.0 7.0 0.0
2 163.5 0.0 55.0 62.0 11.0 0.0
0 275.0 2.0 57.0 73.0 4.4 0.0
2 432.5 2.0 57.6 71.6 5.6 0.0
1 225.75 0.0 60.6 85.0 4.2 0.004
3 350.5 1.0 67.8 73.0 7.2 0.0
2 310.0 0.0 67.0 49.6 6.0 0.0
2 244.6 0.0 67.8 60.8 6.6 0.0
3 2840.33333333 0.0 60.8 74.8 3.2 0.0
0 307.0 0.0 59.6 71.2 8.4 0.0
2 244.4 0.0 62.4 62.8 4.4 0.0
2 260.8 0.0 53.4 81.8 4.6 0.004
2 240.666666667 0.0 56.8 69.0 8.6 0.0
1 498.0 2.0 57.0 78.0 8.0 0.0
2 248.666666667 1.0 64.8 74.6 8.4 0.0
0 195.0 0.0 59.6 82.4 7.8 0.09
1 293.75 0.0 54.0 72.0 4.4 0.0
1 460.5 2.0 53.0 69.2 1.0 0.0
2 264.0 0.0 61.0 58.0 5.0 0.0
2 256.2 1.0 63.2 65.0 7.2 0.0
0 295.0 2.0 60.2 78.4 3.2 0.004
2 687.5 1.0 66.8 68.8 7.4 0.0
2 2682.0 1.0 69.0 72.2 6.8 0.0
0 298.0 0.0 60.2 70.0 6.6 0.0
0 231.0 0.0 56.0 84.6 5.2 0.0
2 311.666666667 0.0 57.8 75.4 10.6 0.762
1 516.0 1.0 73.0 67.0 8.0 0.0
1 219.0 2.0 57.0 76.0 4.4 0.0
2 251.333333333 0.0 52.6 66.8 2.6 0.0
2 915.142857143 0.0 58.6 66.0 5.2 0.0
0 277.0 0.0 63.0 63.6 7.6 0.0
2 231.25 2.0 61.2 59.0 3.6 0.032
2 176.0 2.0 54.0 53.0 6.0 0.0
1 275.5 2.0 55.2 78.6 4.0 0.0
2 1449.66666667 2.0 74.0 38.0 3.0 0.0
3 655.0 2.0 62.0 46.6 8.4 0.0
2 248.0 2.0 67.2 73.2 5.6 0.0
3 173.0 0.0 47.0 70.0 4.2 0.0
3 244.0 2.0 65.4 76.0 6.2 0.32
2 343.2 2.0 67.6 72.2 7.0 0.0
1 236.0 0.0 60.0 70.0 6.0 0.0
2 252.166666667 2.0 68.6 64.0 5.8 0.0
2 254.0 1.0 71.0 43.0 7.0 0.0
2 248.666666667 3.0 51.4 61.8 1.2 0.0
0 241.5 1.0 68.4 65.0 6.0 0.0
2 898.0 2.0 56.0 86.0 7.0 0.71
1 196.0 0.0 76.0 43.0 5.0 0.0
2 255.333333333 2.0 68.6 56.8 5.0 0.0
0 248.5 1.0 77.2 53.0 6.0 0.0
2 299.0 1.0 64.4 66.2 7.8 0.0
0 264.0 3.0 48.2 69.2 1.0 0.0
2 286.2 3.0 48.0 60.0 3.0 0.0
1 286.0 2.0 52.2 73.6 3.2 0.0
1 348.5 3.0 48.0 71.2 2.2 0.0
0 472.5 0.0 57.4 53.0 6.2 0.0
2 250.0 0.0 69.4 63.8 5.0 0.0
1 394.0 0.0 50.0 60.8 1.2 0.0
0 296.0 0.0 52.8 70.0 1.8 0.0
2 252.0 3.0 51.4 60.0 1.0 0.0
1 359.0 1.0 75.2 63.0 6.4 0.0
1 346.0 0.0 58.8 61.6 12.2 0.016
2 407.375 0.0 55.0 51.0 3.0 0.0
3 604.0 2.0 62.8 64.0 3.0 0.0
1 379.0 3.0 40.2 49.2 4.2 0.0
3 231.0 2.0 65.2 72.2 3.2 0.002
1 263.0 0.0 64.0 26.0 7.0 0.0
2 214.2 0.0 56.0 84.6 5.2 0.0
2 1606.0 2.0 53.0 72.2 2.0 0.0
2 766.25 0.0 58.4 71.0 2.2 0.0
0 272.0 1.0 61.4 66.2 8.8 0.0
3 328.0 2.0 53.0 72.2 2.0 0.0
2 912.666666667 0.0 59.4 67.6 8.2 0.0
1 261.5 1.0 68.0 64.0 6.0 0.0
2 306.333333333 0.0 64.0 58.0 6.0 0.0
2 242.0 2.0 64.8 64.6 2.4 0.0
0 302.0 2.0 74.6 41.8 3.4 0.0
2 249.666666667 0.0 75.4 45.6 4.4 0.0
2 260.75 3.0 40.2 49.2 4.2 0.0
1 435.0 0.0 59.2 68.6 8.2 0.02
1 177.0 1.0 71.0 43.0 7.0 0.0
2 23124.0 1.0 68.0 71.2 8.4 0.0
0 290.0 2.0 65.4 76.0 6.2 0.32
2 251.0 0.0 63.0 57.2 7.8 0.0
2 355.0 2.0 56.6 69.0 5.2 0.0
0 276.0 0.0 55.2 68.0 6.0 0.048
0 232.0 0.0 50.8 48.6 1.8 0.0
3 1334.0 2.0 63.8 75.4 8.2 0.0
2 307.75 0.0 60.0 64.0 2.0 0.0
1 341.0 0.0 56.2 47.0 1.8 0.0
1 641.333333333 2.0 60.6 58.2 2.0 0.0
2 277.0 1.0 68.4 65.0 6.0 0.0
2 193.5 2.0 55.0 68.0 5.0 0.0
3 303.0 2.0 69.2 70.4 6.8 0.0
2 388.25 2.0 65.8 68.8 5.6 0.0
1 292.0 0.0 43.0 63.0 2.0 0.0
0 307.0 0.0 52.8 70.2 6.6 0.008
0 284.0 2.0 59.0 50.6 1.2 0.0
2 279.0 0.0 47.0 64.0 5.0 0.01
3 761.0 2.0 68.6 67.2 7.8 0.0
1 296.666666667 0.0 65.0 60.0 3.0 0.0
1 284.0 3.0 48.0 43.6 2.4 0.0
1 111.0 3.0 52.0 64.0 1.2 0.0
2 238.333333333 1.0 61.4 66.2 8.8 0.0
1 310.0 2.0 60.2 70.2 6.8 0.042
2 265.25 1.0 66.0 50.0 6.0 0.0
1 444.0 1.0 70.8 58.2 8.2 0.0
0 313.0 0.0 56.6 73.2 3.4 0.0
2 216.333333333 1.0 67.8 72.0 8.6 0.0
3 607.0 0.0 62.0 64.0 13.0 0.0
1 441.0 0.0 58.2 57.0 3.0 0.0
2 218.0 1.0 68.0 61.0 9.0 0.0
2 224.0 0.0 57.0 64.0 3.0 0.0
2 217.0 0.0 55.8 76.6 2.2 0.0
3 3743.0 1.0 71.0 68.0 6.2 0.0
3 40394.0 1.0 68.8 70.2 7.2 0.0
1 546.0 1.0 69.4 72.8 7.6 0.0
2 235.166666667 2.0 64.0 71.0 11.0 0.0
2 276.25 0.0 62.4 55.4 5.8 0.0
3 411.0 0.0 55.4 72.2 8.0 0.132
2 643.2 0.0 63.0 63.6 7.6 0.0
2 249.666666667 2.0 63.0 79.6 6.4 0.0
0 267.0 0.0 66.0 61.0 8.0 0.0
0 295.0 2.0 65.8 66.2 4.6 0.0
3 311.0 2.0 57.8 61.4 2.4 0.0
2 231.0 0.0 56.0 40.0 1.0 0.0
2 269.0 0.0 53.4 52.6 2.2 0.0
0 258.0 0.0 67.2 36.4 7.4 0.0
3 309.0 2.0 53.4 63.6 3.2 0.0
1 900.0 0.0 62.4 85.8 6.6 0.086
2 1458.0 0.0 52.6 72.0 3.2 0.0
2 426.75 2.0 69.2 70.4 5.0 0.0
1 342.5 1.0 67.0 63.0 5.0 0.0
2 1416.625 0.0 59.8 67.2 8.2 0.0
1 450.5 0.0 55.4 74.8 4.8 0.0
2 229.75 0.0 62.0 84.0 4.0 0.01
2 232.333333333 1.0 67.8 73.0 7.2 0.0
0 267.0 1.0 65.0 70.0 5.8 0.0
2 2244.5 2.0 70.0 66.8 7.2 0.0
1 159.0 1.0 74.0 65.0 7.0 0.0
2 214.5 0.0 64.0 49.0 10.0 0.0
1 279.0 2.0 62.8 51.0 3.2 0.0
1 321.0 3.0 55.0 76.0 8.0 0.55
0 167.0 0.0 65.6 60.0 4.0 0.0
3 968.0 3.0 50.4 66.2 1.4 0.0
1 2977.0 0.0 53.0 84.0 4.0 0.01
0 290.0 3.0 58.8 83.0 2.8 0.0
0 253.0 0.0 54.6 52.0 3.4 0.0
0 267.0 1.0 64.2 70.6 8.0 0.0
2 870.0 2.0 70.8 74.0 7.4 0.0
3 219.0 2.0 55.2 78.6 4.0 0.0
2 247.333333333 1.0 63.2 70.4 9.6 0.0
2 646.8 1.0 69.6 56.8 6.8 0.0
1 212.0 2.0 60.0 79.0 3.0 0.0
3 278.0 0.0 61.6 42.8 10.6 0.0
3 314.0 0.0 63.0 66.2 7.2 0.0
2 243.0 2.0 64.0 57.0 2.0 0.0
2 246.333333333 2.0 56.2 82.2 4.8 0.0
1 1463.25 0.0 56.6 73.2 3.4 0.0
2 257.8 0.0 61.4 73.0 8.2 0.0
3 245.0 1.0 65.8 72.0 9.0 0.0
0 242.0 0.0 50.4 78.8 2.6 0.0
2 270.0 2.0 60.0 73.6 3.2 0.0
0 353.5 2.0 57.6 65.8 9.6 0.0
2 739.0 2.0 74.0 41.4 3.6 0.0
2 174.5 0.0 58.0 58.0 3.0 0.0
2 397.25 2.0 58.4 78.2 3.8 0.0
2 1419.0 1.0 67.2 69.0 6.2 0.0
0 267.0 2.0 60.0 73.6 3.2 0.0
1 192.5 0.0 72.0 49.0 4.0 0.0
1 329.0 0.0 56.6 71.0 8.2 0.01
3 293.0 1.0 68.4 75.0 6.2 0.0
0 342.0 0.0 57.0 55.4 3.2 0.0
1 348.0 0.0 61.6 64.8 8.2 0.004
1 525.0 2.0 53.0 48.0 1.0 0.0
0 258.0 2.0 68.2 75.2 5.8 0.0
0 280.0 2.0 60.4 62.6 4.4 0.0
0 256.0 2.0 51.6 69.0 1.4 0.0
0 325.0 2.0 58.6 78.4 4.2 0.0
0 290.0 2.0 62.0 60.2 11.8 0.0
2 894.0 3.0 49.6 70.2 3.2 0.0
2 277.5 0.0 56.8 47.4 11.6 0.0
1 499.333333333 2.0 56.2 69.6 4.2 0.0
3 218.5 0.0 72.8 36.6 5.0 0.0
2 238.0 1.0 68.0 70.4 8.0 0.0
1 5719.0 1.0 73.0 68.8 5.6 0.0
1 418.0 0.0 58.2 73.4 1.8 0.0
3 751.0 0.0 57.6 83.4 3.0 0.0
0 252.0 1.0 68.0 70.4 8.0 0.0
1 547.0 2.0 60.6 63.0 4.2 0.0
2 1311.75 2.0 65.8 55.4 5.0 0.0
2 243.25 2.0 56.0 64.8 3.4 0.0
0 298.0 2.0 66.4 71.8 6.0 0.0
1 318.0 0.0 60.8 72.8 5.4 0.0
2 262.5 2.0 56.0 85.8 3.4 0.184
1 181.0 0.0 57.8 78.6 3.6 0.0
1 276.666666667 0.0 74.0 29.0 7.0 0.0
3 363.0 3.0 49.6 70.2 3.2 0.0
1 597.0 0.0 62.0 59.0 7.0 0.0
3 268.0 0.0 60.0 74.0 9.6 0.0
1 445.0 1.0 74.2 60.2 6.0 0.0
1 290.0 0.0 51.0 43.0 4.0 0.0
0 262.0 1.0 70.8 58.2 8.2 0.0
2 271.5 2.0 52.2 73.6 3.2 0.0
1 432.5 0.0 52.4 60.8 2.2 0.0
1 505.0 2.0 61.8 69.2 3.4 0.0
2 581.75 2.0 64.0 48.6 3.4 0.0
1 443.0 2.0 56.0 85.8 3.4 0.184
2 425.5 0.0 67.4 59.0 6.8 0.0
1 447.0 0.0 63.0 57.2 7.8 0.0
1 178.0 2.0 60.0 44.0 2.0 0.0
0 284.0 3.0 40.6 50.8 2.2 0.0
3 198.0 0.0 64.0 68.6 5.0 0.0
2 638.666666667 1.0 68.6 58.8 7.0 0.0
1 771.5 2.0 68.8 66.6 6.8 0.0
0 272.0 1.0 71.4 69.4 5.8 0.0
1 171.0 0.0 55.0 55.0 4.0 0.0
2 253.75 0.0 53.6 46.8 4.2 0.0
1 614.5 1.0 66.0 62.0 7.0 0.0
2 282.5 0.0 49.0 75.8 8.0 0.22
0 260.0 0.0 66.6 64.0 3.6 0.0
0 392.0 2.0 56.0 80.2 3.0 0.002
2 248.0 0.0 65.4 31.2 10.6 0.0
3 350.5 2.0 61.8 59.2 5.2 0.0
1 444.5 0.0 62.0 53.0 6.0 0.0
2 264.0 2.0 67.8 68.6 4.0 0.0
0 282.0 0.0 57.6 67.8 5.2 0.0
2 573.666666667 2.0 67.6 59.4 5.4 0.0
2 242.333333333 1.0 69.4 72.2 6.4 0.0
1 652.0 0.0 57.0 82.0 9.0 0.33
1 429.0 1.0 72.4 64.6 6.6 0.0
2 326.0 2.0 56.0 80.2 3.0 0.002
1 295.5 3.0 44.4 59.4 1.4 0.0
1 508.666666667 0.0 66.0 58.0 6.0 0.0
2 298.5 0.0 52.8 67.2 3.2 0.0
1 1568.0 2.0 55.0 68.0 5.0 0.0
2 1557.0 2.0 68.4 73.0 8.4 0.0
1 490.5 0.0 49.6 73.2 3.0 0.0
0 275.0 0.0 54.0 84.4 3.6 0.0
1 199.0 1.0 65.0 64.0 8.0 0.0
0 286.0 0.0 61.8 48.6 4.6 0.0
1 419.0 3.0 51.4 61.8 1.2 0.0
0 262.0 2.0 52.2 73.6 3.2 0.0
2 304.333333333 2.0 68.8 66.6 6.8 0.0
1 384.0 3.0 50.6 61.4 7.4 0.0
2 1064.0 0.0 63.6 70.6 8.0 0.0
2 251.333333333 0.0 60.0 68.0 7.0 0.0
1 417.0 2.0 67.2 73.2 5.6 0.0
0 254.0 2.0 53.0 69.2 1.0 0.0
1 341.333333333 0.0 52.4 62.2 7.0 0.002
0 218.5 1.0 67.8 72.0 8.6 0.0
1 418.0 0.0 58.8 70.0 6.8 0.0
2 199.0 0.0 47.6 69.0 2.0 0.0
1 103.0 2.0 55.2 69.8 1.6 0.0
2 389.5 1.0 69.6 73.6 6.0 0.0
3 783.0 3.0 49.0 53.0 6.0 0.0
2 1493.0 0.0 63.0 66.2 7.2 0.0
1 438.0 0.0 62.4 62.8 4.4 0.0
2 314.5 2.0 60.6 58.2 2.0 0.0
2 256.0 2.0 69.2 70.4 6.8 0.0
0 319.0 2.0 69.2 70.4 6.8 0.0
0 294.0 2.0 60.0 66.8 5.2 0.0
2 231.333333333 2.0 60.6 68.2 3.8 0.0
0 262.0 2.0 69.0 32.0 6.6 0.0
1 406.666666667 0.0 56.0 73.0 7.0 0.036
1 887.333333333 0.0 55.6 61.4 3.8 0.0
1 405.0 2.0 75.0 37.0 4.0 0.0
2 342.5 0.0 58.2 57.0 3.0 0.0
1 352.0 2.0 56.4 79.2 4.6 0.208
2 242.8 1.0 67.0 70.0 8.0 0.0
3 294.0 1.0 62.6 66.8 8.0 0.0
2 161.0 2.0 55.0 76.0 4.0 0.0
3 18659.0 2.0 55.4 66.0 6.0 0.0
1 342.0 0.0 60.2 65.0 8.6 0.0
1 345.0 0.0 56.8 47.4 11.6 0.0
1 292.5 2.0 69.2 70.4 6.8 0.0
2 478.75 0.0 61.6 64.8 8.2 0.004
3 931.0 2.0 57.0 76.0 4.4 0.0
2 257.25 1.0 74.0 65.0 7.0 0.0
1 324.0 2.0 62.0 46.6 8.4 0.0
0 300.0 2.0 55.4 66.0 6.0 0.0
0 290.0 2.0 64.0 48.6 3.4 0.0
1 1437.5 2.0 72.0 54.0 3.0 0.0
2 1004.5 1.0 65.0 66.4 6.6 0.0
1 343.0 0.0 59.8 67.2 8.2 0.0
0 284.0 0.0 54.2 54.4 3.0 0.0
1 4239.75 0.0 61.0 70.0 6.0 0.0
1 436.0 0.0 73.0 42.8 5.2 0.0
0 246.0 2.0 57.4 72.2 3.0 0.0
0 264.0 2.0 65.2 42.4 2.4 0.0
2 194.0 0.0 56.0 72.0 8.0 0.01
1 150.0 2.0 57.0 60.0 2.0 0.0
0 675.0 0.0 63.6 70.6 8.0 0.0
2 1973.66666667 0.0 61.2 70.0 6.0 0.0
2 334.0 2.0 66.0 64.0 9.6 0.0
1 166.0 0.0 48.0 68.0 1.0 0.0
1 192.0 0.0 64.0 58.0 6.0 0.0
0 324.0 0.0 55.2 76.8 8.4 0.22
2 1355.5 1.0 66.6 73.2 7.4 0.0
1 279.5 3.0 44.4 63.8 1.4 0.0
2 271.333333333 0.0 54.6 52.0 3.4 0.0
3 386.0 0.0 58.8 65.8 6.2 0.006
2 248.5 1.0 72.4 64.6 6.6 0.0
2 4292.5 0.0 58.6 71.0 8.6 0.0
0 246.0 3.0 40.2 49.2 4.2 0.0
1 429.5 0.0 56.8 79.6 10.8 0.544
1 222.0 1.0 69.0 69.0 9.0 0.0
2 178.0 0.0 54.0 80.0 2.0 0.0
1 524.0 1.0 65.6 57.4 6.6 0.0
1 201.0 1.0 67.0 70.0 8.0 0.0
1 335.0 2.0 67.8 68.6 4.0 0.0
2 250.6 0.0 60.4 78.8 7.2 0.0
2 502.0 3.0 52.0 64.0 1.2 0.0
2 151.0 2.0 57.0 78.0 8.0 0.0
2 1616.0 0.0 53.4 85.8 3.0 0.0
2 209.6 0.0 58.2 65.2 4.4 0.0
3 387.0 1.0 77.2 53.0 6.0 0.0
1 438.0 0.0 51.8 77.6 1.6 0.0
2 340.0 3.0 46.0 67.0 4.0 0.0
0 263.0 0.0 54.6 80.0 2.4 0.0
3 652.666666667 0.0 57.0 74.4 5.6 0.0
2 260.8 0.0 55.0 76.0 6.0 0.0
1 374.0 2.0 57.0 73.0 4.4 0.0
3 231.0 2.0 58.8 46.6 3.0 0.0
2 1314.0 2.0 54.6 66.8 1.6 0.0
1 215.0 1.0 68.6 58.8 7.0 0.0
1 212.0 2.0 68.0 49.0 5.0 0.0
2 265.4 0.0 57.4 53.0 6.2 0.0
0 272.0 0.0 57.6 55.8 14.2 0.0
3 473.0 0.0 63.0 57.2 7.8 0.0
2 270.25 0.0 67.8 42.8 4.8 0.0
0 275.0 2.0 61.8 59.2 5.2 0.0
0 221.0 2.0 54.6 59.4 5.2 0.0
2 221.8 0.0 57.4 71.2 5.6 0.0
2 3105.0 0.0 45.8 74.0 2.4 0.0
2 344.666666667 0.0 52.4 60.8 2.2 0.0
1 173.0 1.0 71.0 60.0 9.0 0.0
2 286.0 2.0 55.8 67.0 1.8 0.0
1 218.0 2.0 55.6 64.6 6.4 0.002
2 230.333333333 0.0 57.0 54.0 4.0 0.0
1 387.5 1.0 63.2 70.4 9.6 0.0
0 276.0 0.0 57.0 74.4 5.6 0.0
1 232.0 0.0 58.4 50.0 4.4 0.0
2 259.5 2.0 70.6 73.4 6.6 0.002
1 8926.5 3.0 46.2 70.8 2.2 0.0
1 384.0 0.0 48.8 70.8 5.8 0.0
2 267.0 0.0 48.8 70.8 5.8 0.0
1 134.5 0.0 53.0 86.0 8.0 0.096
1 683.0 2.0 69.0 32.0 6.6 0.0
1 143.0 0.0 59.0 60.0 7.0 0.0
2 3073.33333333 1.0 66.0 69.6 6.8 0.0
1 317.0 2.0 56.0 60.0 1.0 0.0
1 303.0 1.0 75.0 55.0 5.0 0.0
1 163.0 2.0 61.0 66.0 2.0 0.0
2 246.5 1.0 69.0 68.6 8.0 0.0
0 288.0 0.0 60.6 79.8 5.0 0.0
2 316.5 2.0 69.0 63.0 6.0 0.0
0 273.0 1.0 69.8 71.2 6.6 0.0
2 1562.0 2.0 59.8 80.6 8.6 0.056
2 289.0 0.0 75.0 33.0 4.0 0.0
1 306.0 0.0 61.0 52.0 10.0 0.0
2 312.0 2.0 68.2 75.2 5.8 0.0
3 456.0 0.0 61.0 65.2 7.0 0.002
2 232.0 0.0 64.6 67.0 8.2 0.0
2 503.5 0.0 54.2 59.2 7.8 0.0
2 769.5 1.0 65.0 63.2 6.2 0.0
0 326.0 2.0 66.0 64.0 9.6 0.0
0 273.0 1.0 62.6 66.8 8.0 0.0
0 298.0 0.0 59.4 69.8 10.0 0.054
2 325.333333333 2.0 62.0 46.6 8.4 0.0
1 282.0 2.0 68.0 65.8 9.0 0.0
0 263.0 2.0 57.8 61.4 2.4 0.0
2 788.333333333 0.0 58.6 75.4 4.8 0.0
3 481.0 2.0 66.8 70.6 6.2 0.0
1 429.0 0.0 51.2 61.6 0.8 0.0
2 266.0 0.0 62.0 53.0 6.0 0.0
2 362.8 1.0 71.0 60.0 9.0 0.0
1 161.333333333 0.0 75.0 43.0 6.0 0.0
2 234.5 2.0 65.2 72.2 3.2 0.002
2 232.25 2.0 55.6 64.6 6.4 0.002
1 305.0 0.0 51.2 68.6 5.8 0.0
2 237.0 2.0 53.8 54.2 2.2 0.0
2 924.0 0.0 59.2 62.2 6.2 0.0
1 362.0 1.0 66.6 73.2 7.4 0.0
2 252.6 2.0 55.2 52.2 3.6 0.0
1 455.0 0.0 67.0 49.6 6.0 0.0
1 327.5 0.0 57.8 47.8 6.8 0.0
1 404.0 3.0 50.0 66.6 8.4 0.0
2 305.125 0.0 62.8 67.0 3.4 0.0
2 283.0 0.0 61.0 73.2 6.0 0.04
1 330.5 1.0 69.0 61.0 9.0 0.0
3 303.0 0.0 63.8 72.2 7.8 0.0
1 6425.0 0.0 57.4 53.0 6.2 0.0
2 257.25 0.0 53.0 83.0 2.6 0.0
0 273.0 0.0 60.4 62.0 10.8 0.0
2 344.333333333 2.0 57.0 73.0 4.4 0.0
0 195.0 0.0 60.6 58.2 6.8 0.0
1 419.5 0.0 54.6 52.0 3.4 0.0
0 274.0 0.0 62.2 60.0 5.8 0.0
2 273.5 0.0 57.8 78.6 3.6 0.0
1 702.5 2.0 63.0 63.0 4.0 0.0
2 307.666666667 1.0 69.4 72.8 7.6 0.0
2 1427.0 3.0 58.0 83.0 2.2 0.004
2 769.714285714 2.0 68.0 64.0 0.0 0.0
2 218.333333333 0.0 60.8 72.8 5.4 0.0
2 442.0 0.0 51.8 84.6 2.0 0.004
2 260.5 2.0 71.6 65.2 6.4 0.0
2 266.5 1.0 70.8 58.2 8.2 0.0
2 335.5 0.0 59.4 66.8 7.6 0.0
2 222.0 0.0 55.0 59.0 4.0 0.0
2 241.142857143 0.0 66.6 64.0 3.6 0.0
1 1056.0 0.0 60.0 65.0 5.0 0.0
2 297.333333333 2.0 62.8 51.0 3.2 0.0
0 277.0 0.0 60.0 64.8 7.4 0.0
0 296.0 1.0 70.6 67.2 7.0 0.0
2 601.666666667 0.0 65.2 58.0 5.2 0.0
0 292.0 0.0 57.4 67.2 5.6 0.0
2 271.333333333 2.0 70.2 64.4 4.2 0.0
1 552.0 0.0 61.0 65.0 7.0 0.0
1 239.5 2.0 62.0 58.0 2.0 0.0
0 271.0 2.0 55.4 68.6 3.6 0.0
0 282.0 0.0 48.2 76.0 1.6 0.0
1 514.0 1.0 66.2 62.2 7.6 0.0
2 263.333333333 0.0 59.8 69.0 9.0 0.0
0 249.0 1.0 67.2 69.8 9.4 0.004
0 258.0 3.0 43.2 51.0 3.4 0.0
1 417.0 0.0 74.8 35.2 4.2 0.0
3 351.0 2.0 57.0 73.0 4.4 0.0
0 243.0 0.0 58.2 73.4 1.8 0.0
1 441.333333333 0.0 52.0 63.0 4.0 0.0
0 275.0 3.0 52.0 64.0 1.2 0.0
2 270.333333333 0.0 74.0 40.0 6.0 0.0
2 219.75 0.0 55.2 68.0 6.0 0.048
3 242.0 2.0 67.0 31.0 3.0 0.0
1 204.0 2.0 59.0 66.0 6.0 0.0
1 227.5 0.0 55.0 37.0 2.0 0.0
1 365.5 2.0 64.0 71.0 11.0 0.0
0 178.0 0.0 60.0 66.4 7.4 0.0
1 451.0 1.0 69.0 72.2 6.8 0.0
2 237.666666667 0.0 51.2 61.6 0.8 0.0
0 263.0 3.0 52.8 78.2 5.0 0.0
2 277.333333333 2.0 65.2 72.6 5.0 0.0
1 533.0 0.0 61.0 64.0 6.0 0.0
0 385.0 2.0 58.6 73.2 3.4 0.0
1 1609.0 2.0 55.4 68.0 3.6 0.0
1 173.5 3.0 58.0 84.0 2.0 0.0
1 247.0 0.0 60.0 60.0 11.0 0.0
0 270.0 2.0 62.8 50.8 6.4 0.0
2 341.666666667 3.0 48.0 43.6 2.4 0.0
2 279.5 2.0 58.2 70.0 4.0 0.0
2 307.666666667 2.0 67.4 74.0 6.8 0.0
3 344.0 0.0 56.4 67.4 4.2 0.0
3 4751.0 1.0 66.6 73.2 7.4 0.0
2 191.0 0.0 54.0 44.0 1.0 0.0
0 198.0 0.0 47.8 69.0 1.0 0.0
3 323.0 1.0 71.0 69.0 7.6 0.0
1 793.0 0.0 56.8 69.0 8.6 0.0
0 291.0 2.0 62.8 51.0 3.2 0.0
0 292.0 3.0 50.0 66.6 8.4 0.0
1 360.0 0.0 62.0 65.0 9.0 0.0
2 268.666666667 0.0 52.4 62.2 7.0 0.002
2 1547.0 1.0 68.0 69.8 7.2 0.0
0 261.0 3.0 44.4 59.4 1.4 0.0
1 298.0 0.0 58.0 58.0 6.0 0.0
2 200.0 0.0 57.0 79.0 13.0 0.02
1 177.0 1.0 75.0 59.0 7.0 0.0
1 595.0 2.0 69.2 70.4 5.0 0.0
1 681.0 0.0 55.0 62.0 11.0 0.0
1 297.0 0.0 52.0 57.0 3.0 0.0
2 225.666666667 0.0 59.2 68.6 8.2 0.02
2 3422.66666667 2.0 69.2 72.8 5.2 0.0
2 233.666666667 0.0 57.6 55.8 14.2 0.0
2 249.0 1.0 64.8 65.8 7.2 0.0
2 403.666666667 0.0 60.0 54.0 4.0 0.0
1 316.0 2.0 54.0 53.0 6.0 0.0
2 362.571428571 0.0 60.0 69.2 13.0 0.0
1 453.0 3.0 56.0 74.6 6.2 0.0
1 438.0 3.0 59.8 81.2 3.0 0.028
1 639.5 2.0 66.0 60.0 5.0 0.0
1 439.0 2.0 65.2 72.2 3.2 0.002
3 195.0 2.0 72.2 70.0 7.6 0.0
0 269.0 2.0 54.8 63.2 2.4 0.0
1 444.0 0.0 60.4 78.8 7.2 0.0
2 252.833333333 0.0 53.0 70.0 6.0 0.01
1 349.0 0.0 53.8 57.0 3.0 0.0
2 303.0 0.0 58.8 61.6 12.2 0.016
2 279.428571429 0.0 62.4 66.2 5.8 0.0
0 272.0 0.0 59.6 70.2 7.8 0.004
2 223.0 0.0 60.0 48.0 4.0 0.0
0 241854.0 0.0 57.4 71.2 5.6 0.0
0 302.5 0.0 58.4 71.0 2.2 0.0
2 9607.0 3.0 51.6 56.8 10.4 0.0
0 44709.0 2.0 63.0 60.2 6.4 0.0
2 238.666666667 0.0 55.6 80.4 5.4 0.082
0 285.0 0.0 53.2 52.8 2.0 0.0
0 251.0 0.0 60.2 60.0 5.4 0.0
2 392.666666667 0.0 60.0 55.0 7.0 0.0
0 6852.0 0.0 55.4 68.6 7.4 0.008
1 310.0 2.0 62.6 71.4 6.2 0.002
1 896.0 0.0 68.0 59.0 4.0 0.0
0 260.0 3.0 41.0 60.2 1.2 0.0
0 283.0 3.0 56.0 74.6 6.2 0.0
1 455.0 1.0 66.0 66.0 7.0 0.0
1 361.0 1.0 66.0 75.0 7.0 0.0
2 226.833333333 0.0 75.0 41.0 6.0 0.0
1 335.0 2.0 61.0 75.0 6.0 0.0
2 247.555555556 2.0 65.8 66.2 4.6 0.0
1 446.0 0.0 62.2 68.4 5.6 0.0
1 240.0 0.0 57.0 60.0 5.0 0.0
0 307.0 2.0 65.0 64.6 9.6 0.0
2 274.5 0.0 53.8 76.8 3.4 0.0
1 435.0 2.0 61.2 59.0 3.6 0.032
2 247.5 1.0 66.8 72.4 7.2 0.0
3 340.0 1.0 67.4 63.8 8.4 0.0
0 256.5 0.0 60.4 78.8 7.2 0.0
2 264.833333333 1.0 70.0 63.0 9.0 0.0
1 266.0 0.0 52.6 66.8 2.6 0.0
1 418.0 1.0 66.4 74.8 8.0 0.0
1 230.0 2.0 60.6 66.4 6.6 0.0
1 393.75 2.0 56.2 82.2 4.8 0.0
2 389.666666667 0.0 57.8 68.0 9.0 0.0
2 261.666666667 0.0 64.0 68.6 5.0 0.0
0 150.0 1.0 66.0 69.6 6.8 0.0
3 143.0 1.0 67.0 70.0 8.0 0.0
1 512.0 2.0 60.4 62.6 4.4 0.0
3 892.0 2.0 67.8 68.6 4.0 0.0
0 298.0 1.0 66.8 72.4 7.2 0.0
1 746.0 0.0 52.0 69.0 5.0 0.0
1 387.0 2.0 60.0 62.0 4.0 0.0
0 276.0 2.0 54.8 53.8 4.8 0.0
0 263.0 2.0 65.4 46.8 3.6 0.0
2 347.333333333 1.0 68.0 66.8 7.8 0.0
3 11435.0 1.0 68.6 58.8 7.0 0.0
2 253.8 3.0 56.0 76.6 8.6 0.306
2 290.75 2.0 57.8 77.2 3.4 0.0
1 196.333333333 0.0 60.0 78.0 3.0 0.0
2 283.6 2.0 64.2 43.4 3.2 0.0
3 281.0 2.0 62.8 50.8 6.4 0.0
2 244.714285714 2.0 69.2 53.0 4.8 0.0
0 260.0 0.0 60.2 60.6 9.2 0.0
1 245.666666667 0.0 52.0 69.0 2.0 0.0
2 362.833333333 2.0 65.6 75.0 8.0 0.0
2 235.125 0.0 58.8 70.0 6.8 0.0
2 326.8 2.0 67.0 43.6 4.4 0.0
0 258.0 1.0 70.2 73.6 8.4 0.0
2 169.0 0.0 43.0 63.0 2.0 0.0
1 290.0 2.0 57.6 71.6 5.6 0.0
2 233.0 2.0 62.6 64.8 4.4 0.0
3 258.0 0.0 62.4 62.8 4.4 0.0
1 414.0 0.0 57.2 73.6 2.8 0.0
3 305.0 0.0 60.0 68.0 7.0 0.0
1 316.5 0.0 59.4 69.8 10.0 0.054
3 250.0 0.0 53.2 52.8 2.0 0.0
1 627.0 0.0 65.6 60.0 4.0 0.0
1 285.5 0.0 52.0 69.0 4.0 0.04
2 417.333333333 0.0 62.2 64.0 11.6 0.0
1 225.0 2.0 57.8 36.0 6.0 0.0
3 351.5 1.0 72.0 48.0 6.0 0.0
2 286.0 1.0 64.6 71.4 6.4 0.0
2 284.8 1.0 69.0 65.0 8.0 0.0
2 283.0 2.0 67.2 67.8 5.6 0.0
2 288.333333333 0.0 54.0 72.0 4.4 0.0
1 512.0 1.0 68.0 61.0 9.0 0.0
2 286.75 2.0 51.6 69.0 1.4 0.0
2 254.0 3.0 50.6 61.4 7.4 0.0
1 39337.0 0.0 53.2 52.8 2.0 0.0
1 381.0 0.0 55.6 85.8 5.0 0.006
0 281.0 0.0 55.8 76.6 2.2 0.0
3 274.0 3.0 44.0 58.0 1.0 0.0
2 4256.5 0.0 60.2 60.6 9.2 0.0
3 404.0 2.0 56.0 80.2 3.0 0.002
3 4669.0 0.0 57.6 67.8 5.2 0.0
1 344.0 1.0 66.0 62.0 8.0 0.0
1 311.5 0.0 47.0 70.0 4.2 0.0
0 300.0 2.0 68.6 64.0 5.8 0.0
0 242.0 1.0 67.6 66.8 6.2 0.0
1 317.5 2.0 54.0 52.0 2.0 0.0
1 200.0 3.0 44.0 59.0 2.0 0.0
0 270.0 0.0 56.0 65.6 5.8 0.014
1 1700.66666667 0.0 57.8 67.0 3.6 0.0
1 11731.5 2.0 68.6 64.0 5.8 0.0
2 266.0 0.0 58.2 71.2 8.6 0.0
1 308.0 2.0 58.0 49.0 6.0 0.0
2 236.857142857 2.0 60.4 64.8 5.6 0.0
0 307.0 3.0 46.2 70.8 2.2 0.0
2 235.5 0.0 50.4 78.8 2.6 0.0
2 228.333333333 2.0 60.0 44.0 2.0 0.0
0 256.0 0.0 58.2 62.0 6.8 0.0
0 264.0 0.0 59.4 66.8 7.6 0.0
1 446.0 2.0 56.0 78.0 5.0 0.02
1 281.666666667 0.0 63.0 61.0 7.0 0.0
0 284.0 1.0 62.0 68.4 8.0 0.0
1 377.0 0.0 53.8 57.8 9.0 0.0
2 265.0 2.0 66.0 70.0 7.0 0.0
0 1876.0 0.0 49.0 75.8 8.0 0.22
1 341.0 2.0 64.0 57.0 2.0 0.0
1 185.5 2.0 65.0 73.0 5.0 0.0
2 874.6 0.0 59.4 64.2 8.6 0.0
2 623.333333333 0.0 62.0 69.0 10.0 0.0
2 281.0 0.0 54.0 46.0 1.0 0.0
0 272.0 0.0 59.4 64.2 8.6 0.0
2 257.75 2.0 62.0 50.0 3.0 0.0
1 194.0 0.0 63.0 72.0 8.0 0.0
1 505.0 2.0 56.0 80.2 3.0 0.002
2 234.25 0.0 60.6 79.8 5.0 0.0
0 261.0 1.0 72.4 64.6 6.6 0.0
1 339.0 3.0 51.4 60.0 1.0 0.0
3 279.0 2.0 67.2 73.2 5.6 0.0
2 257.75 2.0 56.4 79.2 4.6 0.208
1 1455.0 0.0 72.0 54.0 4.0 0.0
0 270.0 0.0 66.4 57.6 5.6 0.0
2 186.0 0.0 53.0 84.0 4.0 0.01
2 258.5 2.0 62.0 60.2 11.8 0.0
0 331.0 0.0 56.8 47.4 11.6 0.0
1 1204.0 1.0 67.6 75.4 7.2 0.0
0 228.0 0.0 57.0 59.8 6.2 0.0
0 287.0 2.0 65.4 70.0 6.8 0.0
2 254.0 3.0 50.2 54.2 8.2 0.0
2 221.5 0.0 59.8 69.0 6.0 0.214
2 227.0 1.0 66.2 62.2 7.6 0.0
1 313.5 0.0 57.0 69.0 2.0 0.0
1 1875.0 1.0 68.0 60.0 10.0 0.0
1 292.0 0.0 67.8 60.8 6.6 0.0
2 238.333333333 0.0 45.0 51.0 13.0 0.0
2 174.0 2.0 55.0 64.0 5.0 0.0
1 274.333333333 1.0 70.0 66.0 7.0 0.0
1 741.0 1.0 70.0 68.0 5.0 0.0
2 304.0 3.0 53.2 63.8 1.6 0.0
2 243.0 1.0 68.6 68.4 7.0 0.0
0 265.0 3.0 53.2 63.8 1.6 0.0
2 1160.0 0.0 59.0 76.6 7.0 0.0
1 803.666666667 2.0 65.6 74.6 4.4 0.0
2 253.5 2.0 61.4 68.4 4.2 0.0
1 213.0 0.0 52.0 69.0 4.0 0.05
1 312.5 0.0 58.2 65.2 4.4 0.0
2 242.5 3.0 55.8 80.6 9.4 0.114
3 283.0 1.0 70.0 70.0 7.0 0.0
2 248.666666667 0.0 49.0 52.0 4.0 0.0
2 236.5 0.0 61.6 77.2 18.0 0.696
2 572.0 0.0 60.8 56.6 8.4 0.0
1 341.25 1.0 63.2 65.0 7.2 0.0
1 1602.0 0.0 61.4 69.6 5.2 0.0
2 251.0 2.0 53.0 69.2 1.0 0.0
0 228.0 1.0 68.0 69.8 7.2 0.0
2 278.0 3.0 60.8 84.2 10.8 0.93
2 283.5 2.0 59.8 85.6 5.8 0.194
0 296.0 1.0 64.8 65.8 7.2 0.0
1 350.5 0.0 58.0 63.0 6.0 0.0
2 228.2 2.0 63.0 77.0 8.0 0.0
2 277.5 1.0 75.2 63.0 6.4 0.0
3 365.5 0.0 62.4 55.4 5.8 0.0
0 185.0 2.0 56.2 82.2 4.8 0.0
2 290.5 1.0 73.0 68.8 5.6 0.0
3 313.0 2.0 76.2 52.8 4.2 0.0
2 998.0 0.0 64.2 44.2 9.0 0.0
0 263.0 2.0 71.6 43.0 3.6 0.0
2 215.666666667 0.0 58.2 73.4 1.8 0.0
3 1535.0 0.0 69.4 45.4 3.8 0.0
1 526.0 1.0 71.4 69.4 5.8 0.0
0 268.0 1.0 68.2 68.8 8.0 0.0
2 250.0 1.0 66.0 69.4 7.6 0.0
1 405.0 2.0 56.0 64.8 3.4 0.0
0 300.0 2.0 55.6 64.6 6.4 0.002
0 255.0 0.0 58.8 75.6 6.4 0.004
2 6059.66666667 0.0 51.0 78.0 3.0 0.0
0 251.0 0.0 63.0 57.2 7.8 0.0
1 7260.0 1.0 69.8 70.8 6.6 0.0
1 291.5 2.0 69.0 68.0 9.0 0.0
1 283.0 0.0 59.0 75.0 4.0 0.0
0 298.0 3.0 58.0 76.2 2.8 0.004
0 261.0 0.0 58.2 71.2 8.6 0.0
2 586.625 0.0 67.8 57.8 6.6 0.0
2 244.75 1.0 65.0 70.0 5.8 0.0
1 4637.5 0.0 61.4 65.8 4.2 0.0
0 21466.0 0.0 60.0 45.0 7.8 0.0
0 288.0 0.0 47.0 70.0 4.2 0.0
3 414.0 1.0 62.2 65.6 6.4 0.0
3 506.0 0.0 53.6 70.2 3.0 0.0
2 1697.8 1.0 68.6 70.2 8.2 0.0
0 257.0 0.0 67.8 42.8 4.8 0.0
1 291.5 0.0 50.6 85.6 7.2 0.458
0 278.0 0.0 61.6 42.8 10.6 0.0
2 249.5 2.0 58.4 70.0 2.8 0.0
0 269.0 1.0 69.4 72.2 6.4 0.0
1 241.666666667 0.0 59.0 57.0 7.0 0.0
2 257.0 0.0 65.4 49.4 6.4 0.0
2 276.4 0.0 60.4 60.0 12.8 0.0
1 236.0 1.0 63.0 62.0 7.0 0.0
1 325.5 2.0 59.0 65.0 5.0 0.0
1 266.0 0.0 62.0 62.2 5.6 0.0
2 294.0 2.0 74.6 41.8 3.4 0.0
2 286.666666667 0.0 51.4 77.6 9.6 0.268
1 364.666666667 0.0 59.0 66.8 7.6 0.0
1 656.5 2.0 58.6 78.4 4.2 0.0
1 346.0 0.0 60.0 45.0 7.8 0.0
1 428.0 0.0 70.0 48.0 5.2 0.0
1 213.5 0.0 50.2 91.2 2.2 0.0
2 263.0 0.0 61.4 72.8 6.2 0.0
1 191.0 0.0 62.0 75.0 6.0 0.0
2 320.666666667 3.0 48.8 71.8 3.8 0.0
0 272.0 0.0 59.8 57.8 6.2 0.0
0 517.0 2.0 61.4 68.4 4.2 0.0
2 1523.0 0.0 50.2 91.2 2.2 0.0
0 260.0 0.0 55.2 74.6 3.6 0.002
2 269.6 0.0 58.0 65.8 7.8 0.0
1 314.5 0.0 59.0 66.0 7.0 0.0
1 557.0 2.0 60.0 77.0 5.0 0.0
3 340.0 0.0 57.8 73.4 11.2 0.178
2 275.428571429 2.0 70.6 65.6 4.4 0.0
2 1472.0 2.0 61.8 73.6 1.4 0.0
3 339.5 2.0 67.0 43.6 4.4 0.0
3 457.0 3.0 50.4 63.0 1.8 0.0
0 293.0 2.0 65.6 74.6 4.4 0.0
2 380.5 0.0 53.6 82.6 3.0 0.0
2 272.666666667 1.0 69.8 71.2 6.6 0.0
3 280.0 0.0 54.6 34.4 9.4 0.0
2 700.0 0.0 62.8 65.8 9.0 0.0
1 327.0 0.0 60.4 70.4 2.0 0.0
1 347.0 2.0 55.0 53.0 3.0 0.0
1 343.0 0.0 64.0 56.0 5.0 0.0
3 269.0 2.0 68.6 71.2 7.2 0.0
0 207.0 0.0 62.4 66.2 5.8 0.0
2 229.5 1.0 67.4 68.4 8.6 0.0
3 2193.0 0.0 53.6 82.6 3.0 0.0
2 570.5 2.0 64.0 73.6 6.2 0.0
0 269.0 1.0 67.6 71.0 8.0 0.0
1 175.0 2.0 72.0 61.0 4.0 0.0
0 236.0 3.0 50.4 66.2 1.4 0.0
2 249.0 2.0 63.2 68.8 8.8 0.0
2 257.75 2.0 71.4 65.6 5.8 0.0
2 261.666666667 0.0 58.0 82.0 4.0 0.0
2 870.5 0.0 64.0 56.0 6.0 0.0
2 18274.0 0.0 56.8 54.4 1.8 0.0
1 343.0 0.0 64.8 68.8 7.6 0.0
2 318.0 2.0 65.0 64.6 9.6 0.0
1 204.0 1.0 70.2 73.6 8.4 0.0
2 257.333333333 2.0 59.0 60.0 8.0 0.0
1 178.5 0.0 57.0 70.0 7.0 0.08
2 276.5 0.0 57.0 74.4 5.6 0.0
1 739.0 0.0 59.0 62.0 6.0 0.0
0 265.0 0.0 57.8 78.6 3.6 0.0
0 288.0 0.0 70.0 48.0 5.2 0.0
1 358.0 2.0 56.8 88.4 5.4 0.348
1 255.5 2.0 65.0 77.0 7.0 0.36
1 309.0 3.0 52.0 47.0 2.0 0.0
1 3203.0 1.0 70.0 63.0 8.0 0.0
0 277.0 0.0 69.4 63.8 5.0 0.0
1 615.0 2.0 58.0 69.0 2.0 0.0
1 378.0 2.0 69.0 63.0 6.0 0.0
1 333.5 0.0 58.0 80.0 8.0 0.01
2 302.0 3.0 40.6 50.8 2.2 0.0
2 202.666666667 0.0 55.6 81.2 3.2 0.0
1 238.0 1.0 72.0 60.0 6.0 0.0
0 325.0 0.0 60.0 74.0 9.6 0.0
3 837.5 1.0 62.4 67.4 8.0 0.0
2 292.142857143 0.0 53.0 76.6 5.0 0.004
1 423.0 1.0 71.0 69.0 7.6 0.0
3 527.0 1.0 61.2 63.2 9.4 0.0
3 320.0 3.0 56.0 74.6 6.2 0.0
2 294.666666667 2.0 61.8 69.2 3.4 0.0
0 285.0 2.0 56.4 79.2 4.6 0.208
2 393.666666667 0.0 60.4 70.4 2.0 0.0
1 193.0 2.0 65.0 74.0 6.0 0.0
0 271.0 0.0 56.0 53.4 8.0 0.0
