521 67.6 59.4 5.4 0.0
509 70.6 73.4 6.6 0.002
617 65.8 55.4 5.0 0.0
478 67.4 64.2 5.6 0.0
5822 56.6 69.0 5.2 0.0
581 58.0 66.0 7.0 0.0
1328 71.0 58.0 8.0 0.0
654 58.4 70.0 2.8 0.0
491 69.6 68.4 7.0 0.0
1113 62.8 64.0 3.0 0.0
531 67.2 73.2 5.6 0.0
2144 66.8 70.0 6.8 0.0
681 65.6 75.0 8.0 0.0
613 69.2 53.0 4.8 0.0
638 71.4 67.6 4.6 0.0
471 58.2 70.0 4.0 0.0
2436 55.2 75.8 7.8 0.002
995 60.6 68.2 3.8 0.0
736 66.8 70.6 6.2 0.0
731 59.8 70.0 3.0 0.0
599 55.2 78.6 4.0 0.0
420 70.2 64.4 4.2 0.0
664 68.4 73.0 8.4 0.0
486 58.6 73.2 3.4 0.0
492 53.6 72.4 4.6 0.0
572 64.8 71.0 7.6 0.0
699 66.4 71.8 6.0 0.0
553 57.8 77.2 3.4 0.0
546 68.0 71.0 8.0 0.0
564 57.4 81.8 4.0 0.0
693 65.2 42.4 2.4 0.0
1689 67.2 71.2 7.2 0.0
462 58.6 78.4 4.2 0.0
491 55.8 67.0 1.8 0.0
969 62.0 64.2 3.4 0.0
524 56.0 85.8 3.4 0.184
825 65.4 76.0 6.2 0.32
1875 59.2 73.8 4.2 0.0
971 61.4 61.0 3.6 0.0
553 59.0 50.6 1.2 0.0
959 60.2 70.2 6.8 0.042
1600 52.2 73.6 3.2 0.0
747 69.0 67.0 9.0 0.0
795 51.6 69.0 1.4 0.0
804 62.8 51.0 3.2 0.0
1309 69.0 32.0 6.6 0.0
6427 53.0 69.2 1.0 0.0
630 65.4 46.8 3.6 0.0
12450 61.8 73.6 1.4 0.0
3026 57.0 76.0 4.4 0.0
1284 58.4 78.2 3.8 0.0
3073 65.8 70.4 7.4 0.0
4355 64.8 74.6 9.0 0.106
364 61.2 59.0 3.6 0.032
483 74.6 41.8 3.4 0.0
576 69.2 70.4 5.0 0.0
712 65.0 64.6 9.6 0.0
208 56.2 61.6 3.8 0.002
744 63.0 75.0 12.0 0.23
423 56.0 80.2 3.0 0.002
419 56.0 64.8 3.4 0.0
1057 60.8 58.6 3.2 0.0
747 53.8 54.2 2.2 0.0
483 72.2 70.0 7.6 0.0
1142 68.6 67.2 7.8 0.0
640 58.8 46.6 3.0 0.0
11818 53.2 73.8 3.0 0.0
458 62.6 64.8 4.4 0.0
988 57.6 66.8 2.0 0.0
2979 61.0 84.6 6.6 0.088
615 56.2 82.2 4.8 0.0
1252 62.0 61.6 2.2 0.0
581 71.6 43.0 3.6 0.0
1968 53.8 70.8 1.2 0.0
967 76.2 52.8 4.2 0.0
522 57.4 72.2 3.0 0.0
494 58.0 80.0 7.0 0.28
1470 69.8 67.6 6.6 0.0
589 60.0 66.0 7.0 0.0
800 68.6 71.2 7.2 0.0
520 64.6 73.0 4.4 0.0
761 54.6 59.4 5.2 0.0
900 70.0 66.8 4.6 0.0
526 68.6 73.6 6.2 0.0
851 67.0 43.6 4.4 0.0
483 67.4 74.0 6.8 0.0
474 56.6 66.6 2.4 0.0
5014 68.6 68.8 5.8 0.0
628 60.0 73.6 3.2 0.0
510 64.8 64.6 2.4 0.0
573 58.6 81.0 6.6 0.226
482 59.8 85.6 5.8 0.194
973 72.2 63.6 5.0 0.0
716 62.8 61.0 6.2 0.0
3709 55.2 69.8 1.6 0.0
796 56.8 88.4 5.4 0.348
11204 69.2 72.8 5.2 0.0
578 57.6 65.8 9.6 0.0
2578 57.0 75.2 5.8 0.01
1041 62.6 71.4 6.2 0.002
1085 55.2 57.6 3.0 0.0
510 54.8 63.2 2.4 0.0
1513 67.2 67.8 5.6 0.0
877 68.6 64.0 5.8 0.0
898 68.0 65.8 9.0 0.0
540 55.6 64.6 6.4 0.002
532 57.0 73.0 4.4 0.0
506 60.4 64.8 5.6 0.0
592 56.0 67.0 14.0 0.0
897 60.6 63.0 4.2 0.0
2638 68.8 64.2 7.2 0.342
440 53.4 63.6 3.2 0.0
1233 64.6 79.4 5.4 0.0
580 63.4 62.4 4.0 0.0
500 65.8 66.2 4.6 0.0
409 60.2 78.4 3.2 0.004
469 58.0 74.0 2.6 0.0
524 68.0 58.0 4.0 0.0
352 70.0 66.8 7.2 0.0
1921 70.8 74.0 7.4 0.0
547 74.0 41.4 3.6 0.0
1058 60.4 62.6 4.4 0.0
559 68.0 66.0 5.0 0.0
1189 67.2 40.2 2.8 0.002
398 63.6 79.6 5.0 0.0
645 61.8 59.2 5.2 0.0
803 64.8 78.0 6.2 0.0
2845 63.8 75.4 8.2 0.0
2995 57.6 71.6 5.6 0.0
4518 64.0 48.6 3.4 0.0
1176 66.2 73.6 6.2 0.0
804 72.4 50.0 3.8 0.0
1386 67.2 35.6 2.4 0.0
550 64.0 73.6 6.2 0.0
355 69.0 76.8 6.4 0.0
538 54.8 53.8 4.8 0.0
660 54.6 66.8 1.6 0.0
1822 57.8 61.4 2.4 0.0
410 61.4 68.4 4.2 0.0
2046 64.0 75.0 4.0 0.01
526 65.2 72.6 5.0 0.0
2309 60.8 76.4 3.0 0.0
573 62.6 74.2 6.0 0.006
527 63.0 79.6 6.4 0.0
422 61.0 69.0 4.0 0.0
427 66.0 64.0 9.6 0.0
482 71.4 65.6 5.8 0.0
415 67.6 72.2 7.0 0.0
10598 63.2 68.8 8.8 0.0
1295 55.2 52.2 3.6 0.0
1436 62.0 47.0 13.0 0.0
7735 52.2 67.0 2.0 0.0
786 57.8 36.0 6.0 0.0
536 64.2 43.4 3.2 0.0
1579 65.0 64.0 6.0 0.0
1228 63.0 60.2 6.4 0.0
423 68.2 75.2 5.8 0.0
2863 69.6 68.8 4.8 0.0
1838 71.8 53.2 3.8 0.0
424 68.8 66.6 6.8 0.0
482 60.0 66.8 5.2 0.0
770 56.0 69.6 4.0 0.0
524 62.0 60.2 11.8 0.0
418 62.8 50.8 6.4 0.0
975 60.6 58.2 2.0 0.0
529 59.2 62.4 4.2 0.0
832 65.6 70.6 4.8 0.0
999 55.4 66.0 6.0 0.0
946 55.4 68.0 3.6 0.0
721 53.0 72.2 2.0 0.0
447 63.0 72.0 8.0 0.0
1372 59.0 80.0 10.0 0.26
474 68.6 56.8 5.0 0.0
495 65.4 70.0 6.8 0.0
470 64.0 73.0 5.0 0.0
519 59.6 78.8 3.6 0.004
816 55.4 68.6 3.6 0.0
3274 65.8 68.8 5.6 0.0
3507 55.2 76.6 2.6 0.0
430 65.6 74.6 4.4 0.0
671 65.4 73.2 5.2 0.0
