1 316.5 3.0 41.0 60.2 1.2 0.0
2 235.0 3.0 56.0 76.6 8.6 0.306
2 11207.375 0.0 59.4 69.8 10.0 0.054
1 492.727272727 1.0 69.0 73.0 6.8 0.0
2 713.6 1.0 68.6 58.8 7.0 0.0
2 520.666666667 0.0 58.8 70.0 6.8 0.0
3 220.0 1.0 65.0 63.2 6.2 0.0
1 410.625 1.0 70.0 70.0 7.0 0.0
2 386.5 2.0 67.0 43.6 4.4 0.0
2 599.0 0.0 53.0 83.0 2.6 0.0
1 380.888888889 2.0 65.4 73.2 5.2 0.0
2 506.0 3.0 52.8 78.2 5.0 0.0
3 653.0 2.0 55.4 68.0 3.6 0.0
0 219.0 2.0 60.4 64.8 5.6 0.0
3 471.0 2.0 58.6 78.4 4.2 0.0
3 372.0 0.0 65.2 58.0 5.2 0.0
1 9960.33333333 2.0 54.0 69.2 6.0 0.0
1 405.2 2.0 60.0 66.8 5.2 0.0
1 421.133333333 0.0 70.0 48.0 5.2 0.0
2 448.75 0.0 63.2 62.4 6.4 0.0
1 656.6 2.0 64.0 73.6 6.2 0.0
2 663.181818182 2.0 65.0 68.0 4.0 0.0
2 465.428571429 0.0 58.0 66.0 7.0 0.0
1 502.8 1.0 66.0 57.0 7.0 0.0
2 631.5 0.0 65.2 58.0 5.2 0.0
2 557.0 1.0 65.6 72.4 6.8 0.0
3 700.0 0.0 52.6 66.8 2.6 0.0
1 317.25 0.0 53.8 76.8 3.4 0.0
2 736.0 2.0 67.4 74.0 6.8 0.0
2 514.25 0.0 57.4 67.2 5.6 0.0
0 621.333333333 1.0 65.6 71.4 9.4 0.0
1 350.2 0.0 56.4 45.6 2.4 0.0
1 886.0 2.0 65.0 66.0 4.0 0.0
2 835.571428571 1.0 61.4 66.2 8.8 0.0
1 2287.27272727 2.0 56.0 85.8 3.4 0.184
3 521.0 3.0 59.8 81.2 3.0 0.028
3 441.0 2.0 71.8 53.2 3.8 0.0
3 483.25 1.0 69.4 72.8 7.6 0.0
1 410.666666667 1.0 69.6 66.0 7.0 0.0
0 276.0 0.0 62.4 62.8 4.4 0.0
3 3978.0 0.0 63.6 70.6 8.0 0.0
2 482.0 0.0 53.0 54.6 1.4 0.0
0 705.0 2.0 58.8 46.6 3.0 0.0
1 303.833333333 3.0 56.0 74.6 6.2 0.0
1 543.6 0.0 58.8 65.8 6.2 0.006
2 369.0 0.0 57.0 60.6 3.8 0.0
1 439.777777778 2.0 57.8 36.0 6.0 0.0
1 555.875 2.0 55.2 57.6 3.0 0.0
3 703.0 1.0 72.0 65.0 5.0 0.0
3 294.5 0.0 62.0 62.2 5.6 0.0
0 527.0 2.0 69.2 70.4 5.0 0.0
1 480.0 2.0 56.2 69.6 4.2 0.0
1 465.555555556 0.0 51.8 77.6 1.6 0.0
2 445.166666667 2.0 65.0 64.6 9.6 0.0
2 414.666666667 2.0 57.0 73.0 4.4 0.0
3 594.5 2.0 57.0 73.0 4.4 0.0
2 900.5 2.0 67.2 35.6 2.4 0.0
0 240.0 0.0 54.6 52.0 3.4 0.0
2 443.2 0.0 54.0 67.0 7.0 0.03
0 355.0 0.0 59.8 65.2 3.4 0.0
1 488.555555556 2.0 63.2 68.8 8.8 0.0
2 668.333333333 1.0 77.2 53.0 6.0 0.0
3 588.333333333 2.0 56.2 69.6 4.2 0.0
3 467.666666667 0.0 60.2 70.0 6.6 0.0
2 542.0 0.0 59.0 60.0 9.0 0.0
1 437.571428571 2.0 58.4 78.2 3.8 0.0
0 582.0 0.0 55.2 76.8 8.4 0.22
1 374.833333333 2.0 63.0 63.0 4.0 0.0
3 573.0 2.0 62.6 74.2 6.0 0.006
3 393.0 2.0 57.4 81.8 4.0 0.0
2 583.4 0.0 69.4 45.4 3.8 0.0
0 657.0 1.0 65.6 72.4 6.8 0.0
2 487.6 0.0 53.8 57.0 3.0 0.0
3 408.0 2.0 72.0 68.0 8.0 0.0
1 422.769230769 0.0 58.8 70.0 6.8 0.0
2 743.75 2.0 69.2 70.4 5.0 0.0
1 465.0 1.0 67.2 69.8 9.4 0.004
1 536.5 0.0 60.4 60.0 12.8 0.0
1 451.625 2.0 53.0 48.0 1.0 0.0
0 332.5 2.0 72.2 70.0 7.6 0.0
0 674.0 3.0 52.2 66.4 1.2 0.0
2 458.5 2.0 53.0 72.2 2.0 0.0
3 905.333333333 3.0 52.8 78.2 5.0 0.0
3 526.0 2.0 57.4 72.2 3.0 0.0
3 490.0 1.0 66.0 69.4 7.6 0.0
2 593.142857143 1.0 67.6 71.0 8.0 0.0
3 526.666666667 0.0 59.0 61.0 3.0 0.0
0 220.0 0.0 67.0 49.6 6.0 0.0
3 553.0 1.0 69.2 67.4 8.4 0.0
0 209.0 0.0 53.8 57.0 3.0 0.0
1 430.538461538 1.0 68.0 70.4 8.0 0.0
2 544.0 0.0 59.0 84.0 4.0 0.0
2 821.666666667 1.0 66.4 74.8 8.0 0.0
3 543.0 0.0 50.0 86.0 10.0 0.61
3 559.571428571 1.0 70.4 48.2 6.0 0.0
1 569.5 2.0 69.2 70.4 6.8 0.0
2 554.0 2.0 63.0 79.6 6.4 0.0
1 455.125 0.0 61.0 56.4 6.0 0.0
2 474.166666667 1.0 71.0 66.0 8.0 0.0
2 391.8 1.0 63.2 70.4 9.6 0.0
3 555.0 2.0 68.2 75.2 5.8 0.0
2 4802.66666667 2.0 55.2 75.8 7.8 0.002
3 235.0 2.0 61.0 84.6 6.6 0.088
2 640.0 3.0 56.0 74.6 6.2 0.0
1 453.75 2.0 71.6 43.0 3.6 0.0
1 405.0 2.0 65.6 70.6 4.8 0.0
2 378.0 2.0 60.0 73.6 3.2 0.0
0 232.0 3.0 44.4 59.4 1.4 0.0
3 765.0 0.0 57.0 55.4 3.2 0.0
1 335.666666667 3.0 50.6 61.4 7.4 0.0
1 832.5 2.0 62.6 71.4 6.2 0.002
1 697.0 2.0 72.2 63.6 5.0 0.0
2 500.5 0.0 60.0 47.0 10.0 0.0
2 547.75 0.0 58.4 50.0 4.4 0.0
3 622.666666667 1.0 68.0 70.8 7.4 0.0
1 378.538461538 0.0 58.4 58.2 8.2 0.0
3 489.0 0.0 55.8 81.4 3.4 0.006
2 498.857142857 0.0 58.4 65.8 3.2 0.0
1 368.0 0.0 54.4 85.4 3.6 0.002
1 515.545454545 2.0 71.4 65.6 5.8 0.0
2 682.8 0.0 62.8 67.0 3.4 0.0
1 483.8 0.0 52.8 70.2 6.6 0.008
2 451.8 0.0 53.6 46.8 4.2 0.0
2 501.5 1.0 75.2 63.0 6.4 0.0
1 419.5 2.0 63.4 76.6 6.2 0.35
2 625.0 0.0 55.4 72.6 2.8 0.0
0 256.0 2.0 52.2 73.6 3.2 0.0
0 218.0 2.0 71.4 65.6 5.8 0.0
3 923.0 3.0 39.2 60.2 4.6 0.0
0 205.0 3.0 51.4 60.0 1.0 0.0
3 414.166666667 1.0 71.0 69.0 7.6 0.0
0 199.0 0.0 53.2 55.0 1.8 0.0
0 248.0 1.0 69.6 66.0 7.0 0.0
1 501.0 2.0 66.8 70.6 6.2 0.0
3 503.0 0.0 60.0 65.0 2.0 0.0
2 592.428571429 0.0 58.2 65.2 4.4 0.0
2 567.75 0.0 57.2 70.6 8.0 0.0
1 390.0 0.0 57.8 68.0 9.0 0.0
0 227.0 2.0 53.0 69.2 1.0 0.0
3 496.333333333 2.0 65.2 72.6 5.0 0.0
1 431.111111111 0.0 60.0 55.0 7.0 0.0
1 411.0 0.0 53.4 52.6 2.2 0.0
2 438.0 0.0 59.2 77.0 6.4 0.008
2 626.6 0.0 54.6 60.6 3.4 0.0
0 208.0 2.0 63.2 68.8 8.8 0.0
1 505.0 2.0 69.8 54.2 4.2 0.0
1 413.666666667 0.0 57.0 70.0 7.0 0.08
1 647.75 0.0 62.0 62.4 11.0 0.0
2 562.857142857 0.0 62.4 55.4 5.8 0.0
3 512.333333333 1.0 64.2 69.0 7.8 0.0
2 563.222222222 1.0 67.6 72.0 7.6 0.0
2 579.0 0.0 49.0 75.8 8.0 0.22
1 492.666666667 2.0 54.8 63.2 2.4 0.0
1 407.25 2.0 71.4 67.6 4.6 0.0
3 610.0 2.0 68.6 71.2 7.2 0.0
3 519.0 1.0 67.6 66.8 6.2 0.0
1 749.0 0.0 55.4 89.2 2.6 0.0
0 249.0 1.0 67.2 69.8 9.4 0.004
1 367.0 0.0 61.6 69.6 5.8 0.0
0 271.0 0.0 58.0 78.2 4.4 0.0
0 601.0 0.0 61.4 65.8 4.2 0.0
3 563.5 2.0 66.8 70.0 6.8 0.0
3 187.0 0.0 66.6 64.0 3.6 0.0
2 489.166666667 1.0 65.2 65.6 9.8 0.0
1 417.5 0.0 57.8 78.6 3.6 0.0
3 291.0 3.0 46.2 70.8 2.2 0.0
2 215.0 3.0 43.8 63.8 8.6 0.064
1 415.111111111 2.0 64.2 43.4 3.2 0.0
0 193.0 0.0 51.2 78.0 9.0 0.302
1 386.461538462 0.0 53.8 57.8 9.0 0.0
2 460.0 2.0 58.6 81.0 6.6 0.226
3 215.0 3.0 57.8 82.0 3.2 0.0
1 431.0 0.0 51.4 71.6 3.0 0.0
2 746.285714286 1.0 66.4 65.0 9.0 0.0
2 533.2 0.0 58.8 75.6 6.4 0.004
2 681.5 0.0 57.6 65.4 6.0 0.0
1 392.272727273 2.0 56.0 80.2 3.0 0.002
3 886.25 1.0 62.0 68.4 8.0 0.0
2 614.428571429 2.0 68.6 64.0 5.8 0.0
1 572.4 2.0 69.0 58.0 5.0 0.0
3 625.0 0.0 55.6 80.4 5.4 0.082
2 418.666666667 3.0 50.4 66.2 1.4 0.0
3 490.0 0.0 66.4 59.8 4.0 0.0
0 278.0 0.0 56.8 69.0 8.6 0.0
1 398.3 3.0 40.6 50.8 2.2 0.0
3 639.5 0.0 63.0 68.0 11.0 0.0
3 489.833333333 1.0 67.6 72.0 7.6 0.0
3 631.0 1.0 73.0 68.8 5.6 0.0
0 256.0 0.0 55.6 85.8 5.0 0.006
2 554.5 0.0 66.0 61.0 8.0 0.0
3 473.333333333 2.0 67.4 64.2 5.6 0.0
3 553.5 1.0 68.0 66.8 7.8 0.0
2 519.571428571 2.0 71.4 65.6 5.8 0.0
3 522.0 0.0 51.8 77.6 1.6 0.0
3 359.0 2.0 70.6 65.6 4.4 0.0
2 595.6 2.0 59.8 85.6 5.8 0.194
3 444.857142857 0.0 64.8 46.8 8.4 0.0
2 590.166666667 1.0 69.6 66.0 7.0 0.0
2 3072.5 1.0 61.2 63.2 9.4 0.0
0 775.0 0.0 51.2 68.6 5.8 0.0
1 370.833333333 0.0 54.6 71.4 10.2 0.23
3 409.0 2.0 62.0 62.0 3.0 0.0
2 606.666666667 0.0 50.4 78.8 2.6 0.0
1 497.5 0.0 53.0 86.0 8.0 0.096
3 320.5 2.0 63.6 79.6 5.0 0.0
1 398.571428571 0.0 60.8 67.4 6.6 0.0
1 344.0 3.0 48.8 71.8 3.8 0.0
2 461.0 0.0 57.0 59.0 8.0 0.0
3 560.6 0.0 57.6 67.8 5.2 0.0
3 750.25 2.0 64.8 71.0 7.6 0.0
2 461.333333333 0.0 54.6 34.4 9.4 0.0
3 404.5 0.0 64.8 68.8 7.6 0.0
2 885.0 2.0 57.0 75.2 5.8 0.01
3 316.0 0.0 63.0 63.6 7.6 0.0
1 389.083333333 0.0 68.0 57.0 7.0 0.0
1 341.1 0.0 52.6 66.8 2.6 0.0
3 607.0 2.0 58.2 70.0 4.0 0.0
1 661.0 0.0 56.6 57.2 7.0 0.0
3 1038.0 0.0 52.0 74.2 2.6 0.0
2 681.2 0.0 74.8 35.2 4.2 0.0
0 286.0 0.0 57.0 74.4 5.6 0.0
3 519.0 0.0 60.2 76.8 6.4 0.0
3 553.0 2.0 56.8 88.4 5.4 0.348
3 388.5 2.0 65.0 64.6 9.6 0.0
2 620.2 0.0 52.4 62.2 7.0 0.002
2 646.375 1.0 68.0 66.0 7.4 0.0
1 711.636363636 0.0 56.0 61.0 4.4 0.0
0 290.0 0.0 61.6 77.2 18.0 0.696
0 238.0 0.0 62.8 67.0 3.4 0.0
3 359.0 0.0 56.8 54.4 1.8 0.0
1 435.545454545 1.0 68.6 70.4 7.0 0.0
3 542.0 0.0 60.6 58.2 6.8 0.0
2 450.666666667 0.0 62.0 63.0 10.0 0.01
2 687.5 3.0 54.6 69.6 2.0 0.0
3 203.0 2.0 57.6 71.6 5.6 0.0
3 391.0 2.0 56.6 69.0 5.2 0.0
2 608.6 0.0 57.6 83.4 3.0 0.0
1 401.6 1.0 68.8 70.2 7.2 0.0
3 935.5 2.0 66.0 67.0 7.0 0.0
2 945.75 2.0 60.8 58.6 3.2 0.0
1 414.166666667 0.0 52.8 71.0 4.4 0.0
0 232.0 0.0 62.2 68.4 5.6 0.0
1 448.625 0.0 60.6 58.2 6.8 0.0
0 229.0 0.0 58.8 65.8 6.2 0.006
3 601.0 0.0 56.0 65.6 5.8 0.014
1 486.0 0.0 60.2 72.0 11.0 0.092
1 441.6 3.0 57.8 82.0 3.2 0.0
3 633.5 1.0 62.0 58.0 7.0 0.0
2 487.0 0.0 53.0 86.0 8.0 0.096
0 204.0 0.0 57.4 57.6 8.6 0.0
0 233.0 2.0 60.6 68.2 3.8 0.0
3 417.25 1.0 70.0 65.0 7.0 0.0
2 486.666666667 2.0 55.6 64.6 6.4 0.002
2 405.0 2.0 62.8 51.0 3.2 0.0
3 421.0 0.0 62.8 65.8 9.0 0.0
2 579.875 3.0 59.8 81.2 3.0 0.028
1 490.125 1.0 69.8 71.2 6.6 0.0
3 564.8 0.0 53.6 82.6 3.0 0.0
2 521.0 0.0 54.4 85.4 3.6 0.002
0 191.0 0.0 52.8 65.8 4.4 0.0
3 196.0 2.0 65.6 75.0 8.0 0.0
1 603.0 0.0 58.0 58.0 4.0 0.0
2 447.5 2.0 53.0 69.2 1.0 0.0
1 519.8 2.0 69.6 68.4 7.0 0.0
3 509.666666667 2.0 60.4 62.6 4.4 0.0
0 226.0 1.0 68.8 70.2 7.2 0.0
1 395.0 1.0 67.6 71.8 6.0 0.0
2 496.5 2.0 68.6 56.8 5.0 0.0
1 428.461538462 2.0 55.4 68.6 3.6 0.0
1 450.153846154 0.0 58.0 78.2 4.4 0.0
2 625.777777778 2.0 68.6 73.6 6.2 0.0
2 254.0 3.0 53.2 63.8 1.6 0.0
1 636.75 0.0 46.4 51.4 13.6 0.0
1 536.090909091 0.0 59.4 66.8 7.6 0.0
0 219.0 0.0 59.4 66.8 7.6 0.0
2 697.75 1.0 71.2 70.2 9.0 0.0
0 196.0 1.0 64.0 53.4 7.2 0.0
3 503.0 2.0 62.8 50.8 6.4 0.0
0 400.0 0.0 57.8 78.6 3.6 0.0
1 434.9 0.0 53.0 76.6 5.0 0.004
0 215.0 0.0 47.0 70.0 4.2 0.0
3 752.0 1.0 72.4 64.6 6.6 0.0
2 469.5 2.0 55.0 84.0 2.0 0.0
2 566.666666667 2.0 70.0 54.0 6.0 0.0
0 198.0 0.0 62.0 62.4 11.0 0.0
3 558.0 1.0 72.8 64.2 7.4 0.0
0 228.0 0.0 60.8 67.4 6.6 0.0
1 348.166666667 0.0 63.2 62.4 6.4 0.0
0 387.0 0.0 73.0 42.8 5.2 0.0
2 509.25 2.0 70.0 66.8 4.6 0.0
0 236.0 2.0 68.6 64.0 5.8 0.0
1 420.75 1.0 67.6 72.0 7.6 0.0
2 649.0 0.0 67.8 42.8 4.8 0.0
2 602.333333333 0.0 56.0 61.0 4.4 0.0
3 608.0 0.0 52.0 57.0 3.0 0.0
2 600.285714286 2.0 63.0 63.0 4.0 0.0
2 1307.0 2.0 60.6 66.4 6.6 0.0
1 401.1 0.0 60.4 62.0 10.8 0.0
1 401.0 0.0 56.0 53.0 7.0 0.0
3 449.666666667 0.0 54.0 68.6 5.8 0.0
3 574.2 0.0 58.6 66.0 5.2 0.0
2 460.0 0.0 58.6 71.0 8.6 0.0
3 590.0 2.0 54.6 66.8 1.6 0.0
2 483.857142857 0.0 53.8 76.8 3.4 0.0
2 420.0 2.0 55.4 68.6 3.6 0.0
1 343.428571429 0.0 56.0 65.6 5.8 0.014
2 448.666666667 2.0 53.4 63.6 3.2 0.0
1 427.555555556 2.0 60.8 58.6 3.2 0.0
2 507.833333333 0.0 58.2 73.4 1.8 0.0
2 1449.71428571 0.0 54.6 71.4 10.2 0.23
1 1893.0 2.0 70.0 66.8 7.2 0.0
1 1701.75 2.0 67.2 40.2 2.8 0.002
2 909.0 2.0 65.8 68.8 5.6 0.0
2 601.0 2.0 64.8 78.0 6.2 0.0
3 601.333333333 1.0 64.8 74.6 8.4 0.0
3 467.75 0.0 61.8 48.6 4.6 0.0
3 500.0 0.0 64.0 60.0 11.0 0.0
0 226.5 2.0 71.6 65.2 6.4 0.0
3 204.0 0.0 47.6 69.0 2.0 0.0
1 746.5 2.0 52.2 73.6 3.2 0.0
3 640.0 0.0 56.8 69.0 8.6 0.0
2 613.7 2.0 69.6 68.4 7.0 0.0
1 326.727272727 2.0 65.2 72.6 5.0 0.0
1 450.111111111 3.0 44.4 59.4 1.4 0.0
1 486.0 2.0 67.0 43.6 4.4 0.0
1 456.375 2.0 58.4 70.0 2.8 0.0
3 586.0 1.0 68.0 70.4 8.0 0.0
1 465.5 0.0 57.4 53.0 6.2 0.0
3 614.5 0.0 58.4 81.6 3.2 0.0
2 431.0 0.0 61.0 62.0 8.0 0.0
1 379.75 0.0 75.4 35.6 5.2 0.0
3 948.0 0.0 51.4 71.6 3.0 0.0
3 520.0 2.0 71.4 67.6 4.6 0.0
0 200.0 2.0 58.0 74.0 2.6 0.0
2 638.5 0.0 51.0 78.0 3.0 0.0
2 434.0 0.0 57.2 59.0 3.4 0.0
3 695.5 2.0 58.0 49.0 6.0 0.0
2 544.0 0.0 57.4 53.0 6.2 0.0
3 372.0 0.0 63.2 62.4 6.4 0.0
1 398.9375 0.0 62.8 67.0 3.4 0.0
1 20369.7 2.0 59.8 85.6 5.8 0.194
2 600.333333333 0.0 62.2 68.4 5.6 0.0
3 471.0 0.0 56.6 46.2 3.6 0.0
2 598.5 0.0 57.0 71.0 9.0 0.02
1 378.153846154 0.0 53.4 81.8 4.6 0.004
2 498.5 2.0 65.4 70.0 6.8 0.0
3 579.666666667 0.0 73.0 42.8 5.2 0.0
2 629.6 1.0 71.0 69.0 7.6 0.0
0 632.0 0.0 59.4 77.0 4.6 0.0
1 3057.0 0.0 60.0 55.0 11.0 0.0
0 205.0 2.0 65.2 72.6 5.0 0.0
2 488.0 3.0 49.0 70.0 10.0 0.0
2 982.0 0.0 75.4 35.6 5.2 0.0
1 721.8 2.0 76.2 52.8 4.2 0.0
1 532.181818182 0.0 57.2 73.6 2.8 0.0
2 453.0 3.0 41.0 60.2 1.2 0.0
3 473.5 0.0 59.8 69.0 6.0 0.214
3 3779.0 0.0 60.8 74.8 3.2 0.0
0 229.0 0.0 55.6 80.4 5.4 0.082
0 390.0 1.0 68.0 70.0 7.8 0.0
1 358.555555556 3.0 40.2 49.2 4.2 0.0
2 298.0 0.0 42.8 69.4 2.0 0.0
2 542.857142857 2.0 54.0 52.0 2.0 0.0
2 722.8 0.0 57.0 74.4 5.6 0.0
3 667.0 1.0 70.0 70.0 7.0 0.0
3 504.0 1.0 68.6 68.4 7.0 0.0
3 664.0 0.0 57.2 59.0 3.4 0.0
2 563.5 3.0 58.0 76.2 2.8 0.004
0 205.0 0.0 54.0 72.0 4.4 0.0
3 405.75 1.0 68.8 70.2 7.2 0.0
1 467.1 3.0 60.4 82.8 6.4 0.028
2 560.7 0.0 57.8 68.0 9.0 0.0
1 439.363636364 2.0 60.4 64.8 5.6 0.0
0 223.0 0.0 58.8 70.0 6.8 0.0
3 614.5 0.0 55.6 85.8 5.0 0.006
3 659.0 0.0 60.0 69.0 7.0 0.02
0 576.0 0.0 66.6 64.0 3.6 0.0
0 180.0 1.0 70.8 58.2 8.2 0.0
1 469.1 0.0 58.2 62.0 6.8 0.0
1 454.0 1.0 70.8 58.2 8.2 0.0
0 195.0 2.0 60.2 70.2 6.8 0.042
3 640.0 2.0 67.2 73.2 5.6 0.0
1 432.333333333 0.0 58.8 75.6 6.4 0.004
1 391.714285714 3.0 59.6 79.4 7.4 0.002
1 429.428571429 1.0 64.4 66.2 7.8 0.0
1 591.428571429 0.0 47.0 70.0 4.2 0.0
2 882.0 0.0 61.0 76.0 16.0 1.26
2 487.0 0.0 54.6 52.0 3.4 0.0
1 506.230769231 1.0 68.4 75.0 6.2 0.0
3 511.0 0.0 56.4 67.4 4.2 0.0
2 455.0 0.0 59.0 64.0 8.0 0.0
3 395.5 0.0 61.4 55.0 10.0 0.0
1 475.727272727 0.0 76.0 43.0 5.0 0.0
2 612.555555556 1.0 70.2 73.6 8.4 0.0
0 699.0 0.0 62.0 63.4 4.6 0.0
2 648.25 2.0 55.8 67.0 1.8 0.0
3 581.0 0.0 56.0 53.4 8.0 0.0
2 745.0 0.0 55.2 76.8 8.4 0.22
2 523.5 3.0 58.2 86.0 7.0 0.94
1 388.545454545 0.0 56.0 84.6 5.2 0.0
2 584.0 0.0 51.4 71.6 3.0 0.0
1 1306.66666667 0.0 53.0 79.0 2.0 0.0
3 680.0 2.0 56.6 66.6 2.4 0.0
3 505.833333333 2.0 67.6 72.2 7.0 0.0
3 651.333333333 3.0 41.0 60.2 1.2 0.0
1 385.111111111 0.0 62.2 64.0 11.6 0.0
0 237.0 0.0 65.4 31.2 10.6 0.0
1 418.777777778 0.0 67.0 28.0 9.0 0.0
2 527.833333333 2.0 70.0 59.0 4.0 0.0
1 585.125 2.0 54.8 53.8 4.8 0.0
2 523.8 0.0 59.0 64.0 5.0 0.0
2 739.666666667 2.0 71.4 67.6 4.6 0.0
3 451.0 2.0 60.0 66.8 5.2 0.0
0 551.0 0.0 60.2 76.8 6.4 0.0
2 528.666666667 0.0 62.2 64.0 11.6 0.0
1 22206.5 0.0 54.2 59.2 7.8 0.0
2 527.0 1.0 69.2 67.4 8.4 0.0
1 463.0 2.0 55.4 68.0 3.6 0.0
1 493.5 0.0 55.6 81.2 3.2 0.0
2 289.0 1.0 73.0 68.8 5.6 0.0
2 575.285714286 1.0 63.2 65.0 7.2 0.0
2 472.0 0.0 53.4 85.8 3.0 0.0
1 460.75 2.0 67.2 73.2 5.6 0.0
0 217.0 3.0 61.6 80.6 4.6 0.006
2 36558.5 2.0 69.0 63.0 6.0 0.0
0 221.0 0.0 60.4 62.0 10.8 0.0
3 974.0 3.0 54.6 69.6 2.0 0.0
3 593.0 3.0 56.0 74.6 6.2 0.0
2 609.8 0.0 59.8 69.0 9.0 0.0
0 250.0 1.0 66.4 74.8 8.0 0.0
1 455.5 0.0 62.0 59.0 7.0 0.0
1 533.0 1.0 70.0 73.2 9.0 0.0
2 654.0 1.0 66.0 72.0 8.0 0.0
2 486.8 2.0 60.0 79.0 3.0 0.0
3 346.0 0.0 59.6 70.2 7.8 0.004
3 188.0 0.0 59.2 60.6 9.4 0.0
2 701.666666667 1.0 69.0 68.0 6.0 0.0
0 211.0 0.0 57.4 53.0 6.2 0.0
2 488.857142857 2.0 65.8 55.4 5.0 0.0
1 404.3 0.0 50.0 60.8 1.2 0.0
2 1946.85714286 0.0 65.4 31.2 10.6 0.0
1 429.0 0.0 49.6 73.2 3.0 0.0
3 512.0 0.0 62.0 70.0 4.0 0.0
2 604.5 2.0 72.4 50.0 3.8 0.0
2 536.666666667 0.0 57.4 60.6 4.4 0.0
1 531.833333333 1.0 69.2 67.4 8.4 0.0
3 793.0 2.0 61.8 73.6 1.4 0.0
1 424.444444444 0.0 59.2 77.0 6.4 0.008
1 1091.0 1.0 67.6 75.4 7.2 0.0
2 613.5 2.0 69.0 32.0 6.6 0.0
2 401.0 0.0 63.0 65.0 7.0 0.0
1 413.0 0.0 59.4 69.8 10.0 0.054
1 425.0 3.0 43.6 65.4 5.4 0.122
1 450.0 1.0 70.4 48.2 6.0 0.0
1 433.166666667 0.0 58.4 50.0 4.4 0.0
2 266.0 0.0 51.2 78.0 9.0 0.302
2 571.8 2.0 53.0 48.0 1.0 0.0
2 494.6 1.0 67.2 67.6 9.0 0.0
1 362.0 0.0 61.6 64.8 8.2 0.004
1 607.0 0.0 59.4 60.4 3.6 0.0
0 214.0 3.0 59.8 81.2 3.0 0.028
2 557.333333333 3.0 55.0 78.2 7.2 0.024
3 532.0 1.0 66.2 73.2 7.8 0.0
0 342.0 2.0 57.4 72.2 3.0 0.0
2 705.5 2.0 66.4 71.8 6.0 0.0
2 616.166666667 0.0 60.2 76.8 6.4 0.0
2 434.0 0.0 59.0 76.6 7.0 0.0
2 541.5 2.0 60.6 68.2 3.8 0.0
0 241.0 3.0 43.2 51.0 3.4 0.0
2 2337.9 0.0 50.8 48.6 1.8 0.0
0 198.0 1.0 69.8 67.8 7.6 0.0
0 683.0 2.0 64.0 48.6 3.4 0.0
2 558.0 0.0 45.0 51.0 13.0 0.0
3 540.0 0.0 62.4 62.2 5.4 0.0
2 385.0 2.0 54.0 69.2 6.0 0.0
1 402.692307692 0.0 59.8 67.2 8.2 0.0
1 331.888888889 0.0 63.0 65.0 12.0 0.0
2 494.75 0.0 58.8 65.8 6.2 0.006
3 767.5 2.0 64.2 43.4 3.2 0.0
2 657.5 0.0 42.0 57.0 2.0 0.0
2 668.5 1.0 69.8 67.8 7.6 0.0
1 487.571428571 2.0 68.0 64.0 0.0 0.0
0 218.0 0.0 54.6 34.4 9.4 0.0
2 607.714285714 2.0 64.0 73.6 6.2 0.0
0 678.0 0.0 49.0 75.8 8.0 0.22
1 445.1 2.0 60.6 68.2 3.8 0.0
1 1551.71428571 2.0 67.2 35.6 2.4 0.0
3 863.0 0.0 54.6 52.0 3.4 0.0
0 244.0 2.0 57.0 73.0 4.4 0.0
2 521.4 0.0 61.0 73.2 6.0 0.04
2 1045.5 0.0 58.0 78.2 4.4 0.0
3 632.5 0.0 62.0 65.4 9.4 0.0
1 816.0 0.0 53.4 70.4 7.4 0.0
2 641.0 0.0 60.8 72.8 5.4 0.0
2 652.333333333 2.0 61.4 68.4 4.2 0.0
3 823.833333333 0.0 59.4 47.4 4.0 0.0
2 521.3 0.0 60.4 70.4 2.0 0.0
3 462.5 2.0 69.0 60.0 4.0 0.0
2 568.5 1.0 69.0 68.6 8.0 0.0
1 426.583333333 2.0 55.0 63.0 5.0 0.0
3 416.0 2.0 56.0 80.2 3.0 0.002
2 330.0 3.0 48.0 71.2 2.2 0.0
3 575.0 2.0 53.0 72.0 5.0 0.0
0 669.0 0.0 54.2 59.2 7.8 0.0
1 372.5 2.0 67.2 67.8 5.6 0.0
2 635.4 2.0 55.0 76.0 3.0 0.01
2 431.666666667 0.0 55.6 80.4 5.4 0.082
3 497.5 2.0 68.8 66.6 6.8 0.0
0 216.0 1.0 66.4 65.0 9.0 0.0
2 612.0 3.0 53.2 82.6 12.2 0.564
3 734.0 2.0 54.6 59.4 5.2 0.0
1 461.75 0.0 62.4 71.8 6.0 0.056
2 544.4 0.0 59.6 71.2 8.4 0.0
3 518.333333333 3.0 60.0 75.0 4.0 0.0
2 536.142857143 2.0 64.8 64.6 2.4 0.0
3 330.0 1.0 66.6 73.2 7.4 0.0
2 693.333333333 1.0 70.0 68.0 6.0 0.0
0 249.5 2.0 56.0 85.8 3.4 0.184
0 786.0 2.0 53.8 54.2 2.2 0.0
1 348.0 3.0 58.2 86.0 7.0 0.94
2 1465.0 0.0 57.8 75.4 10.6 0.762
3 371.75 0.0 60.8 68.2 6.8 0.0
2 462.0 0.0 55.6 61.4 3.8 0.0
3 806.0 3.0 51.4 61.8 1.2 0.0
1 495.363636364 1.0 67.8 68.8 6.8 0.0
2 647.333333333 2.0 60.2 70.2 6.8 0.042
3 402.75 0.0 67.0 49.6 6.0 0.0
0 217.0 2.0 62.0 61.6 2.2 0.0
1 381.444444444 2.0 63.0 60.2 6.4 0.0
3 390.0 0.0 57.8 73.4 11.2 0.178
3 628.0 0.0 54.0 72.0 4.4 0.0
3 487.8 0.0 61.0 65.2 7.0 0.002
2 801.0 1.0 67.4 63.8 8.4 0.0
1 492.0 0.0 49.0 52.0 4.0 0.0
3 505.6 2.0 64.8 64.6 2.4 0.0
1 580.833333333 0.0 55.6 61.4 3.8 0.0
1 504.833333333 2.0 60.2 70.2 6.8 0.042
1 1136.0 2.0 75.0 35.0 4.0 0.0
2 377.5 0.0 57.2 74.2 7.8 0.19
1 491.125 1.0 67.2 67.6 9.0 0.0
2 618.545454545 2.0 62.0 62.0 3.0 0.0
0 218.0 0.0 59.2 77.0 6.4 0.008
2 469.2 2.0 63.2 68.8 8.8 0.0
3 523.0 2.0 64.0 48.6 3.4 0.0
2 237.0 3.0 52.0 64.0 1.2 0.0
1 349.428571429 2.0 65.0 64.0 3.0 0.0
3 249.5 0.0 53.4 52.6 2.2 0.0
1 421.5 2.0 71.6 65.2 6.4 0.0
2 753.0 3.0 50.0 72.0 4.0 0.0
1 380.444444444 1.0 70.2 73.6 8.4 0.0
1 404.363636364 0.0 59.2 68.6 8.2 0.02
3 494.666666667 3.0 43.2 51.0 3.4 0.0
1 389.0 2.0 53.8 70.8 1.2 0.0
2 19292.6666667 0.0 57.0 79.0 13.0 0.02
0 254.0 0.0 60.2 65.0 8.6 0.0
1 511.25 2.0 64.0 48.6 3.4 0.0
3 699.0 1.0 61.4 66.2 8.8 0.0
2 578.166666667 3.0 61.6 80.6 4.6 0.006
1 417.9 0.0 60.0 69.2 13.0 0.0
0 426.5 1.0 68.4 75.0 6.2 0.0
2 509.4 0.0 73.0 42.8 5.2 0.0
0 507.0 1.0 69.0 68.6 8.0 0.0
2 603.5 0.0 58.0 65.8 7.8 0.0
2 427.0 0.0 51.2 68.6 5.8 0.0
2 820.0 1.0 74.0 62.0 6.0 0.0
3 535.333333333 0.0 61.6 69.6 5.8 0.0
2 255.0 1.0 65.8 72.0 9.0 0.0
1 426.333333333 2.0 55.6 64.6 6.4 0.002
2 526.8 0.0 61.6 42.8 10.6 0.0
1 512.909090909 1.0 69.4 72.8 7.6 0.0
3 539.666666667 1.0 67.6 71.0 8.0 0.0
2 380.333333333 0.0 60.0 64.8 7.4 0.0
2 564.444444444 2.0 65.0 73.0 5.0 0.0
2 668.666666667 0.0 55.6 85.8 5.0 0.006
2 519.3 3.0 58.8 83.0 2.8 0.0
3 451.142857143 0.0 64.0 68.6 5.0 0.0
1 560.4 1.0 70.6 65.4 8.0 0.002
2 625.333333333 2.0 56.0 85.8 3.4 0.184
1 378.692307692 0.0 54.6 60.6 3.4 0.0
1 464.0 3.0 50.4 66.2 1.4 0.0
1 1028.5 2.0 65.8 55.4 5.0 0.0
1 388.714285714 3.0 46.0 67.0 4.0 0.0
3 239.0 0.0 55.2 73.8 2.0 0.0
1 984.0 0.0 58.0 50.0 2.0 0.0
2 550.0 2.0 59.0 69.0 7.0 0.0
3 619.0 2.0 72.0 57.2 3.6 0.0
0 245.0 0.0 58.2 71.2 8.6 0.0
3 528.0 0.0 55.2 68.0 6.0 0.048
3 534.333333333 0.0 52.4 60.8 2.2 0.0
1 512.0 0.0 51.2 61.6 0.8 0.0
0 213.0 2.0 69.2 70.4 6.8 0.0
0 233.0 3.0 40.6 50.8 2.2 0.0
3 402.25 2.0 71.4 65.6 5.8 0.0
0 206.0 0.0 54.2 54.4 3.0 0.0
0 224.0 0.0 57.4 71.2 5.6 0.0
3 291.0 0.0 70.0 48.0 5.2 0.0
1 499.75 0.0 67.0 48.0 4.0 0.0
2 1846.0 3.0 51.4 63.4 1.2 0.0
2 311.0 0.0 44.6 45.4 3.8 0.0
2 722.5 0.0 57.6 55.8 14.2 0.0
2 76494.5714286 0.0 60.0 69.2 13.0 0.0
3 569.5 2.0 62.0 64.2 3.4 0.0
1 437.4 1.0 65.6 57.4 6.6 0.0
3 340.25 0.0 72.8 36.6 5.0 0.0
1 391.5 0.0 57.0 82.0 9.0 0.33
2 1107.0 1.0 68.6 66.4 7.4 0.0
2 332.0 1.0 67.8 68.8 6.8 0.0
0 536.0 0.0 54.4 61.8 10.2 0.0
1 437.428571429 2.0 51.6 69.0 1.4 0.0
0 270.0 1.0 75.2 63.0 6.4 0.0
3 377.5 0.0 62.4 66.2 5.8 0.0
3 477.6 0.0 61.0 56.4 6.0 0.0
3 1052.0 0.0 61.4 70.4 3.8 0.0
3 526.0 2.0 74.0 41.4 3.6 0.0
1 407.0 2.0 72.2 70.0 7.6 0.0
0 638.0 1.0 67.8 72.0 8.6 0.0
2 746.571428571 1.0 69.4 72.2 6.4 0.0
3 529.333333333 0.0 55.4 72.6 2.8 0.0
3 596.666666667 1.0 69.8 67.8 7.6 0.0
1 536.5 0.0 41.8 64.6 2.0 0.0
2 550.333333333 0.0 53.6 82.6 3.0 0.0
1 412.222222222 1.0 66.8 72.4 7.2 0.0
1 384.666666667 2.0 68.0 63.0 1.0 0.0
3 561.0 1.0 64.6 71.4 6.4 0.0
1 441.555555556 1.0 64.0 53.4 7.2 0.0
0 220.0 0.0 61.4 55.0 10.0 0.0
0 385.333333333 0.0 55.6 61.4 3.8 0.0
3 737.8 2.0 72.2 63.6 5.0 0.0
2 624.0 0.0 64.0 68.6 5.0 0.0
2 558.8 2.0 65.0 65.0 4.0 0.0
1 4301.54545455 0.0 51.0 60.8 1.8 0.0
3 468.5 0.0 52.4 81.0 2.6 0.0
2 235.5 3.0 48.2 69.2 1.0 0.0
1 302.0 3.0 48.2 69.2 1.0 0.0
3 355.0 0.0 65.6 60.0 4.0 0.0
0 240.0 2.0 64.8 64.6 2.4 0.0
2 587.666666667 2.0 71.6 65.2 6.4 0.0
1 535.384615385 0.0 56.0 75.0 6.0 0.0
3 910.0 0.0 61.4 69.6 5.2 0.0
2 604.222222222 2.0 57.0 68.0 3.0 0.0
3 339.5 2.0 55.2 52.2 3.6 0.0
2 532.125 0.0 51.8 84.6 2.0 0.004
1 390.5 0.0 61.6 42.8 10.6 0.0
2 560.0 1.0 71.0 68.0 5.0 0.0
0 208.0 1.0 68.0 66.0 7.4 0.0
3 805.0 2.0 61.4 61.0 3.6 0.0
3 159.0 2.0 59.2 73.8 4.2 0.0
3 427.0 2.0 63.0 79.6 6.4 0.0
1 2187.14285714 1.0 68.0 66.0 8.0 0.0
3 509.2 1.0 63.2 65.0 7.2 0.0
2 454.166666667 0.0 61.0 52.0 10.0 0.0
1 526.5 2.0 55.0 64.0 4.0 0.0
3 386.5 2.0 69.2 53.0 4.8 0.0
0 505.0 3.0 43.8 63.8 8.6 0.064
1 4844.85714286 3.0 53.2 82.6 12.2 0.564
1 7544.5625 1.0 63.2 65.0 7.2 0.0
1 506.0 0.0 48.2 76.0 1.6 0.0
1 362.352941176 0.0 63.0 60.4 4.2 0.0
1 321.333333333 0.0 58.2 71.2 8.6 0.0
2 623.333333333 0.0 52.0 74.2 2.6 0.0
3 309.0 2.0 59.8 85.6 5.8 0.194
1 2116.5 2.0 68.8 64.2 7.2 0.342
3 503.0 2.0 71.0 62.0 7.0 0.0
1 421.0 1.0 68.0 61.0 9.0 0.0
3 411.0 0.0 60.2 72.0 11.0 0.092
1 486.909090909 1.0 68.0 71.2 8.4 0.0
3 602.666666667 1.0 77.0 54.0 6.0 0.0
3 541.0 1.0 62.4 67.4 8.0 0.0
0 244.0 0.0 47.6 69.0 2.0 0.0
0 244.0 0.0 60.0 68.0 7.0 0.0
1 377.375 0.0 53.2 52.8 2.0 0.0
2 555.583333333 0.0 58.2 71.2 8.6 0.0
3 389.6 1.0 67.8 73.0 7.2 0.0
2 1272.0 1.0 72.6 66.6 7.4 0.0
0 195.0 1.0 61.2 63.2 9.4 0.0
0 222.0 0.0 59.0 84.0 4.0 0.0
3 580.0 1.0 67.4 68.4 8.6 0.0
0 436.5 2.0 67.6 72.2 7.0 0.0
1 654.125 1.0 64.8 74.6 8.4 0.0
2 581.428571429 2.0 58.2 70.0 4.0 0.0
3 277.5 0.0 50.2 91.2 2.2 0.0
3 572.0 2.0 60.0 73.6 3.2 0.0
3 833.0 0.0 58.4 58.2 8.2 0.0
3 676.5 0.0 57.0 60.6 3.8 0.0
2 692.4 0.0 54.6 80.0 2.4 0.0
1 455.0 0.0 58.4 65.8 3.2 0.0
2 470.25 0.0 59.4 66.8 7.6 0.0
1 3451.77777778 3.0 55.8 80.6 9.4 0.114
1 510.0 1.0 71.0 68.0 5.0 0.0
2 609.666666667 0.0 76.0 43.0 5.0 0.0
2 479.333333333 2.0 51.0 74.0 1.0 0.0
0 381.0 1.0 67.4 68.4 8.6 0.0
1 413.666666667 0.0 64.8 46.8 8.4 0.0
3 326.0 1.0 72.6 70.4 7.2 0.0
2 651.8 0.0 64.6 67.0 8.2 0.0
1 445.0 0.0 56.8 79.6 10.8 0.544
2 541.5 0.0 50.0 60.8 1.2 0.0
3 512.8 2.0 65.8 66.2 4.6 0.0
3 323.0 0.0 59.8 69.0 9.0 0.0
2 586.666666667 0.0 52.8 67.2 3.2 0.0
3 332.0 0.0 53.0 83.0 2.6 0.0
2 916.0 0.0 59.4 67.6 8.2 0.0
2 3161.4 0.0 63.6 70.6 8.0 0.0
2 811.5 2.0 60.8 76.4 3.0 0.0
0 213.0 1.0 74.2 60.2 6.0 0.0
2 509.333333333 0.0 63.0 66.0 15.0 0.0
1 667.0 3.0 39.2 60.2 4.6 0.0
0 204.0 0.0 57.8 68.0 9.0 0.0
0 1182.0 2.0 70.0 66.8 4.6 0.0
2 4079.33333333 2.0 67.2 71.2 7.2 0.0
0 235.0 3.0 60.6 76.8 3.6 0.002
3 562.0 0.0 66.4 57.6 5.6 0.0
2 673.0 0.0 52.6 66.8 2.6 0.0
3 454.0 2.0 70.0 54.0 6.0 0.0
2 713.0 0.0 63.0 66.2 7.2 0.0
3 638.0 2.0 62.0 60.2 11.8 0.0
1 364.125 3.0 51.4 61.8 1.2 0.0
1 526.857142857 0.0 55.4 74.8 4.8 0.0
0 762.0 2.0 64.2 43.4 3.2 0.0
2 531.75 0.0 56.2 47.0 1.8 0.0
3 427.714285714 2.0 69.2 70.4 6.8 0.0
0 235.0 1.0 64.4 66.2 7.8 0.0
2 568.166666667 0.0 59.4 47.4 4.0 0.0
3 388.0 0.0 61.8 67.6 10.8 0.0
2 337.0 0.0 62.0 69.0 10.0 0.0
2 681.333333333 3.0 44.0 67.0 1.0 0.0
2 869.142857143 0.0 58.8 61.6 12.2 0.016
1 803.0 0.0 62.0 63.4 4.6 0.0
2 504.833333333 0.0 61.6 69.6 5.8 0.0
1 467.5 0.0 54.6 80.0 2.4 0.0
1 402.666666667 0.0 56.6 71.0 8.2 0.01
1 386.846153846 0.0 56.8 69.0 8.6 0.0
1 430.6 0.0 62.4 62.8 4.4 0.0
0 219.0 2.0 55.2 52.2 3.6 0.0
2 412.285714286 0.0 56.6 46.2 3.6 0.0
3 760.0 0.0 60.0 74.0 9.6 0.0
1 398.25 2.0 57.8 61.4 2.4 0.0
0 234.0 2.0 69.8 67.6 6.6 0.0
0 261.0 0.0 57.6 83.4 3.0 0.0
3 578.0 2.0 68.6 64.0 5.8 0.0
0 226.0 2.0 66.0 67.0 7.0 0.0
2 523.0 2.0 59.0 50.6 1.2 0.0
2 446.333333333 2.0 61.0 44.0 4.0 0.0
3 427.333333333 0.0 57.6 55.8 14.2 0.0
2 824.25 1.0 64.6 71.4 6.4 0.0
2 791.666666667 2.0 56.6 69.0 5.2 0.0
2 503.0 3.0 60.8 84.2 10.8 0.93
2 506.0 2.0 60.4 64.8 5.6 0.0
1 1137.13333333 1.0 65.2 63.8 10.2 0.0
2 7432.0 1.0 66.0 61.0 7.0 0.0
3 672.0 0.0 54.4 66.8 4.8 0.0
2 390.2 2.0 57.4 72.2 3.0 0.0
1 352.6 1.0 64.2 69.0 7.8 0.0
1 252.0 2.0 55.2 69.8 1.6 0.0
0 201.5 2.0 68.6 73.6 6.2 0.0
0 729.0 0.0 51.0 60.8 1.8 0.0
2 630.0 3.0 62.8 79.4 5.0 0.094
1 449.6 0.0 57.2 59.0 3.4 0.0
3 361.0 3.0 55.0 78.2 7.2 0.024
0 240.0 2.0 65.4 73.2 5.2 0.0
3 855.75 2.0 67.6 59.4 5.4 0.0
2 2151.5 2.0 54.6 59.4 5.2 0.0
0 254.0 3.0 50.6 72.8 4.2 0.0
1 404.9 0.0 64.6 67.0 8.2 0.0
3 510.666666667 2.0 67.4 74.0 6.8 0.0
1 420.357142857 0.0 58.2 57.0 3.0 0.0
2 568.0 2.0 54.6 66.8 1.6 0.0
3 409.0 0.0 67.8 57.8 6.6 0.0
3 427.333333333 0.0 50.0 75.2 4.8 0.0
2 456.0 1.0 62.2 65.6 6.4 0.0
1 395.571428571 0.0 52.8 67.2 3.2 0.0
0 217.0 0.0 52.0 68.2 4.6 0.02
2 400.8 3.0 40.2 49.2 4.2 0.0
0 222.0 0.0 58.2 65.2 4.4 0.0
1 533.625 0.0 61.4 55.0 10.0 0.0
0 588.0 0.0 57.4 75.6 7.0 0.014
0 205.0 1.0 66.2 62.2 7.6 0.0
2 1712.6 0.0 56.0 57.0 7.0 0.0
1 433.142857143 0.0 60.2 70.0 6.6 0.0
3 332.5 0.0 57.0 74.4 5.6 0.0
1 492.5 2.0 65.0 77.0 7.0 0.36
1 501.875 2.0 67.4 74.0 6.8 0.0
3 371.0 2.0 69.0 67.0 5.0 0.0
3 777.0 3.0 53.2 73.2 4.8 0.078
2 555.25 0.0 59.2 68.6 8.2 0.02
3 821.0 0.0 50.0 60.8 1.2 0.0
0 279.0 0.0 63.0 63.6 7.6 0.0
1 403.888888889 0.0 53.6 82.6 3.0 0.0
0 243.0 0.0 60.0 69.2 13.0 0.0
3 493.5 2.0 61.4 68.4 4.2 0.0
1 371.0 2.0 64.8 71.0 7.6 0.0
3 391.0 2.0 69.0 32.0 6.6 0.0
3 498.25 1.0 68.2 68.8 8.0 0.0
0 185.0 0.0 64.8 68.8 7.6 0.0
0 2740.0 1.0 69.2 68.4 6.2 0.0
0 220.0 0.0 67.8 42.8 4.8 0.0
2 540.0 2.0 58.6 73.2 3.4 0.0
2 659.0 0.0 60.2 60.0 5.4 0.0
1 469.0 3.0 52.0 47.0 2.0 0.0
0 279.0 2.0 60.0 73.6 3.2 0.0
3 5370.5 3.0 48.0 43.6 2.4 0.0
1 336.090909091 0.0 72.8 36.6 5.0 0.0
3 549.666666667 2.0 55.2 78.6 4.0 0.0
3 476.5 1.0 69.8 71.2 6.6 0.0
3 347.0 0.0 62.2 60.0 5.8 0.0
2 1378.0 0.0 53.2 55.0 1.8 0.0
1 477.5 2.0 66.4 71.8 6.0 0.0
3 657.0 2.0 62.8 51.0 3.2 0.0
0 248.0 0.0 55.2 73.8 2.0 0.0
1 423.833333333 2.0 65.8 66.2 4.6 0.0
3 734.166666667 2.0 57.0 84.0 4.0 0.0
2 437.0 2.0 61.8 59.2 5.2 0.0
2 437.6 0.0 60.0 74.0 9.6 0.0
0 224.0 0.0 62.4 66.2 5.8 0.0
0 212.0 0.0 57.0 59.8 6.2 0.0
2 473.0 0.0 56.8 79.6 10.8 0.544
1 410.0 1.0 68.0 79.0 7.0 0.0
2 932.666666667 1.0 69.6 56.8 6.8 0.0
1 300.142857143 0.0 58.6 66.0 5.2 0.0
2 1292.5 0.0 61.4 69.6 5.2 0.0
2 550.25 1.0 68.2 68.8 8.0 0.0
2 640.714285714 0.0 60.0 65.0 5.0 0.0
3 487.333333333 1.0 68.4 75.0 6.2 0.0
0 583.0 0.0 52.4 62.2 7.0 0.002
2 309.0 2.0 61.4 61.0 3.6 0.0
1 434.4 0.0 50.4 78.8 2.6 0.0
1 429.142857143 2.0 57.0 73.0 4.4 0.0
1 509.0 3.0 52.8 78.2 5.0 0.0
3 404.0 2.0 56.0 69.6 4.0 0.0
1 370.833333333 0.0 49.2 58.0 1.6 0.0
1 422.111111111 1.0 68.6 58.8 7.0 0.0
2 587.833333333 0.0 58.4 81.4 4.2 0.0
2 508.0 0.0 54.0 82.0 5.0 0.0
3 460.0 0.0 58.0 63.0 6.0 0.0
0 283.0 0.0 59.4 47.4 4.0 0.0
0 203.0 0.0 60.6 85.0 4.2 0.004
2 403.0 0.0 55.4 89.2 2.6 0.0
3 594.0 2.0 60.8 58.6 3.2 0.0
1 498.4 2.0 62.8 50.8 6.4 0.0
3 708.0 2.0 53.4 63.6 3.2 0.0
2 506.0 0.0 54.4 66.8 4.8 0.0
3 700.333333333 0.0 57.0 57.0 13.0 0.0
2 565.5 0.0 59.4 77.0 4.6 0.0
0 236.0 2.0 70.6 65.6 4.4 0.0
1 425.833333333 2.0 64.8 64.6 2.4 0.0
1 483.0 2.0 71.0 53.0 5.0 0.0
2 3416.0 0.0 52.8 65.8 4.4 0.0
2 632.333333333 0.0 58.4 63.4 8.4 0.0
0 225.0 2.0 54.8 63.2 2.4 0.0
1 554.0 1.0 71.4 69.4 5.8 0.0
3 526.0 1.0 67.2 69.8 9.4 0.004
2 842.666666667 1.0 67.6 66.8 6.2 0.0
0 252.0 1.0 66.8 72.4 7.2 0.0
0 243.0 0.0 64.6 67.0 8.2 0.0
1 4383.5 2.0 64.8 74.6 9.0 0.106
1 625.0 0.0 64.0 61.2 11.6 0.0
1 566.0 0.0 53.6 70.2 3.0 0.0
2 303.0 2.0 52.0 63.0 5.0 0.0
3 615.333333333 1.0 71.4 69.4 5.8 0.0
0 377.0 0.0 62.4 62.2 5.4 0.0
1 287.0 0.0 62.4 62.2 5.4 0.0
1 469.0 3.0 51.0 59.0 3.0 0.0
2 630.125 2.0 68.2 75.2 5.8 0.0
2 279.333333333 0.0 58.6 66.0 5.2 0.0
2 569.4 0.0 61.4 73.0 8.2 0.0
2 318.5 0.0 49.2 58.0 1.6 0.0
0 219.0 1.0 69.4 72.2 6.4 0.0
2 646.6 2.0 69.8 67.6 6.6 0.0
3 739.0 3.0 50.6 61.4 7.4 0.0
1 1089.4 0.0 46.4 37.2 6.2 0.0
0 195.0 0.0 48.8 70.8 5.8 0.0
3 663.666666667 0.0 52.8 70.2 6.6 0.008
0 213.0 2.0 56.8 88.4 5.4 0.348
2 479.333333333 2.0 63.0 60.2 6.4 0.0
1 416.153846154 0.0 59.6 71.6 7.0 0.0
1 412.666666667 0.0 54.6 52.0 3.4 0.0
2 520.666666667 0.0 64.8 68.8 7.6 0.0
1 291.6 0.0 53.2 55.0 1.8 0.0
1 504.0 0.0 52.0 68.2 4.6 0.02
2 647.7 1.0 67.6 71.8 6.0 0.0
1 29355.2 0.0 58.2 65.2 4.4 0.0
0 597.0 1.0 68.6 58.8 7.0 0.0
1 568.0 0.0 69.4 63.8 5.0 0.0
0 210.0 1.0 65.2 65.6 9.8 0.0
2 740.6 1.0 62.0 68.4 8.0 0.0
2 643.833333333 2.0 59.0 78.0 4.0 0.0
1 415.3 2.0 56.4 79.2 4.6 0.208
2 576.454545455 0.0 57.8 47.8 6.8 0.0
1 342.75 3.0 46.2 70.8 2.2 0.0
2 989.0 2.0 65.8 70.4 7.4 0.0
0 246.0 3.0 57.0 76.6 12.4 1.982
1 405.9 2.0 65.2 72.2 3.2 0.002
2 428.6 0.0 59.4 64.2 8.6 0.0
0 587.0 1.0 77.2 53.0 6.0 0.0
3 583.0 2.0 55.4 68.6 3.6 0.0
0 200.0 0.0 59.6 70.2 7.8 0.004
3 331.0 0.0 55.6 81.2 3.2 0.0
3 900.75 2.0 67.0 43.6 4.4 0.0
1 438.333333333 0.0 50.6 85.6 7.2 0.458
2 21201.1818182 1.0 65.0 54.0 10.0 0.0
2 2287.5 2.0 61.8 73.6 1.4 0.0
2 584.5 0.0 59.6 66.8 6.2 0.0
3 490.0 0.0 67.8 42.8 4.8 0.0
0 483.0 1.0 73.4 60.8 5.4 0.0
2 412.5 3.0 50.6 72.8 4.2 0.0
0 443.0 2.0 68.2 75.2 5.8 0.0
1 423.777777778 0.0 60.0 64.8 7.4 0.0
3 611.0 0.0 60.4 62.0 10.8 0.0
3 248.5 0.0 56.6 73.2 3.4 0.0
1 459.571428571 0.0 61.8 48.6 4.6 0.0
1 432.0 1.0 62.2 65.6 6.4 0.0
2 2665.2 2.0 65.4 46.8 3.6 0.0
1 477.625 0.0 57.8 47.8 6.8 0.0
2 399.2 3.0 44.4 59.4 1.4 0.0
3 398.5 2.0 71.6 43.0 3.6 0.0
2 461.666666667 0.0 57.8 78.6 3.6 0.0
0 468.0 2.0 55.2 57.6 3.0 0.0
1 432.636363636 1.0 66.4 65.0 9.0 0.0
1 437.0 2.0 67.4 64.2 5.6 0.0
3 414.5 2.0 65.0 77.0 7.0 0.36
1 563.8 0.0 64.0 68.6 5.0 0.0
2 559.0 2.0 57.8 61.4 2.4 0.0
1 7596.0 0.0 59.6 63.6 2.0 0.0
3 682.0 0.0 63.0 60.4 4.2 0.0
1 575.666666667 0.0 63.0 66.2 7.2 0.0
0 176.0 0.0 58.4 65.8 3.2 0.0
2 459.714285714 1.0 68.0 70.4 8.0 0.0
1 433.285714286 0.0 55.2 73.8 2.0 0.0
3 544.666666667 1.0 69.0 68.6 8.0 0.0
1 495.0 0.0 67.0 49.6 6.0 0.0
1 566.142857143 1.0 68.6 68.4 7.0 0.0
1 389.0 2.0 72.0 57.2 3.6 0.0
3 782.666666667 0.0 48.8 70.8 5.8 0.0
3 493.285714286 0.0 62.2 64.0 11.6 0.0
2 656.666666667 1.0 68.6 68.4 7.0 0.0
2 550.0 2.0 55.2 76.6 2.6 0.0
2 530.8 0.0 61.0 56.4 6.0 0.0
1 469.5 2.0 68.6 56.8 5.0 0.0
2 728.6 0.0 72.8 36.6 5.0 0.0
3 565.0 3.0 62.8 79.4 5.0 0.094
2 603.75 0.0 58.2 57.0 3.0 0.0
3 862.0 0.0 60.0 68.0 7.0 0.0
0 224.0 0.0 56.0 53.4 8.0 0.0
0 234.0 0.0 52.8 70.0 1.8 0.0
1 352.181818182 0.0 66.6 64.0 3.6 0.0
0 590.5 0.0 53.6 70.2 3.0 0.0
2 524.0 0.0 55.8 76.6 2.2 0.0
1 575.666666667 2.0 69.2 70.4 5.0 0.0
2 475.4 1.0 68.0 71.2 8.4 0.0
3 454.666666667 3.0 40.2 49.2 4.2 0.0
0 230.0 0.0 63.0 60.4 4.2 0.0
3 493.0 0.0 54.2 54.4 3.0 0.0
3 428.0 3.0 58.0 87.0 3.0 0.0
1 376.333333333 0.0 56.8 47.4 11.6 0.0
2 242.0 0.0 48.2 76.0 1.6 0.0
1 379.0 0.0 53.8 57.0 3.0 0.0
2 575.25 0.0 62.0 62.4 11.0 0.0
2 869.5 3.0 48.0 43.6 2.4 0.0
2 1051.5 1.0 70.4 73.2 7.4 0.0
1 462.0 1.0 62.6 66.8 8.0 0.0
1 442.0 0.0 55.6 85.8 5.0 0.006
2 238.5 2.0 62.0 64.2 3.4 0.0
1 3588.33333333 0.0 55.4 72.6 2.8 0.0
2 499.5 3.0 59.6 79.4 7.4 0.002
3 597.0 0.0 56.4 45.6 2.4 0.0
3 612.5 0.0 53.0 86.0 8.0 0.096
1 2028.22222222 2.0 65.4 46.8 3.6 0.0
3 717.0 2.0 51.6 69.0 1.4 0.0
0 745.0 3.0 48.0 43.6 2.4 0.0
3 225.0 1.0 62.2 65.6 6.4 0.0
2 591.0 2.0 66.8 70.6 6.2 0.0
3 632.0 1.0 63.2 70.4 9.6 0.0
2 517.75 0.0 56.0 80.0 3.0 0.0
2 497.0 0.0 57.0 55.4 3.2 0.0
0 213.0 1.0 62.6 66.8 8.0 0.0
3 406.666666667 0.0 60.2 60.6 9.2 0.0
3 739.333333333 2.0 66.4 71.8 6.0 0.0
1 401.583333333 2.0 62.0 46.6 8.4 0.0
2 654.0 0.0 56.0 74.0 8.0 0.1
2 375.0 2.0 55.0 90.0 7.0 0.63
2 446.0 2.0 56.0 76.0 2.0 0.27
2 567.0 0.0 55.8 81.4 3.4 0.006
1 468.5 2.0 65.6 75.0 8.0 0.0
3 670.0 3.0 47.8 64.8 1.0 0.0
1 421.666666667 1.0 62.0 68.4 8.0 0.0
1 513.222222222 1.0 71.0 66.0 6.0 0.0
0 316.5 0.0 61.6 42.8 10.6 0.0
3 639.0 0.0 53.4 81.8 4.6 0.004
1 433.25 0.0 52.8 70.0 1.8 0.0
1 412.545454545 2.0 63.6 79.6 5.0 0.0
1 481.142857143 0.0 63.0 63.6 7.6 0.0
0 269.0 0.0 56.0 84.6 5.2 0.0
1 701.285714286 0.0 68.0 59.0 4.0 0.0
2 529.0 0.0 56.4 45.6 2.4 0.0
1 406.666666667 2.0 56.8 88.4 5.4 0.348
1 468.636363636 1.0 71.0 69.0 7.6 0.0
2 453.0 1.0 65.0 64.0 8.0 0.0
1 427.75 0.0 47.4 70.4 4.6 0.022
3 687.666666667 2.0 59.2 62.4 4.2 0.0
3 619.666666667 2.0 54.8 53.8 4.8 0.0
3 724.333333333 0.0 60.6 85.0 4.2 0.004
0 217.0 0.0 56.2 47.0 1.8 0.0
1 396.75 0.0 68.0 36.0 7.0 0.0
3 480.666666667 1.0 77.2 53.0 6.0 0.0
2 444.5 0.0 61.0 65.2 7.0 0.002
1 454.0 1.0 74.0 62.0 6.0 0.0
1 527.545454545 2.0 61.8 59.2 5.2 0.0
0 236.5 1.0 69.8 71.2 6.6 0.0
2 464.333333333 1.0 68.4 75.0 6.2 0.0
2 30157.5 0.0 56.6 73.2 3.4 0.0
1 340.0 2.0 70.0 74.0 6.0 0.0
1 6116.0 2.0 52.2 67.0 2.0 0.0
3 265.0 2.0 60.2 78.4 3.2 0.004
2 512.285714286 3.0 57.8 82.0 3.2 0.0
1 430.0 0.0 55.2 68.0 6.0 0.048
1 365.875 0.0 52.4 69.2 1.2 0.0
0 215.0 2.0 69.8 54.2 4.2 0.0
1 459.0 2.0 55.0 53.0 3.0 0.0
0 220.0 1.0 70.6 67.2 7.0 0.0
2 465.555555556 0.0 67.2 36.4 7.4 0.0
3 568.8 2.0 58.0 74.0 2.6 0.0
1 403.214285714 0.0 59.6 70.2 7.8 0.004
2 913.5 2.0 67.2 40.2 2.8 0.002
2 518.454545455 2.0 65.6 74.6 4.4 0.0
0 212.0 0.0 56.0 73.0 7.0 0.036
1 407.1 0.0 62.2 60.0 5.8 0.0
2 580.0 0.0 63.0 56.0 5.0 0.0
1 437.625 0.0 61.4 72.8 6.2 0.0
3 503.4 1.0 66.2 62.2 7.6 0.0
2 1520.33333333 2.0 70.8 74.0 7.4 0.0
2 755.666666667 2.0 63.8 75.4 8.2 0.0
3 765.0 0.0 52.0 68.2 4.6 0.02
2 1131.0 2.0 68.4 65.0 4.8 0.0
0 202.0 0.0 61.8 48.6 4.6 0.0
3 478.333333333 0.0 59.6 71.2 8.4 0.0
3 267.0 2.0 67.2 35.6 2.4 0.0
1 475.4 2.0 67.6 72.2 7.0 0.0
2 540.4 1.0 67.8 73.0 7.2 0.0
1 347.0 1.0 65.6 71.4 9.4 0.0
2 4259.75 2.0 67.4 64.2 5.6 0.0
0 232.0 0.0 60.6 58.2 6.8 0.0
2 617.75 2.0 72.0 62.0 4.0 0.0
1 387.428571429 0.0 48.8 70.8 5.8 0.0
1 336.055555556 0.0 59.6 71.2 8.4 0.0
1 702.0 0.0 52.0 64.0 4.0 0.0
1 459.444444444 2.0 57.4 81.8 4.0 0.0
1 362.4 0.0 60.4 78.8 7.2 0.0
2 584.333333333 2.0 65.6 75.0 8.0 0.0
2 555.333333333 0.0 52.8 70.0 1.8 0.0
2 419.0 0.0 62.4 85.8 6.6 0.086
0 219.0 1.0 67.8 73.0 7.2 0.0
2 463.75 2.0 62.6 74.2 6.0 0.006
0 544.5 0.0 58.6 66.0 5.2 0.0
1 500.5 2.0 56.0 78.0 5.0 0.02
1 400.333333333 3.0 59.8 81.2 3.0 0.028
1 1269.0 1.0 68.6 66.4 7.4 0.0
2 316.0 3.0 52.0 84.0 7.0 0.22
3 528.0 0.0 58.0 68.0 2.0 0.0
1 522.5 2.0 57.4 72.2 3.0 0.0
2 452.666666667 0.0 53.0 43.0 1.0 0.0
1 449.5 1.0 66.0 69.4 7.6 0.0
1 372.142857143 1.0 64.6 71.4 6.4 0.0
2 80.0 2.0 56.6 66.6 2.4 0.0
1 445.0 0.0 52.0 57.0 3.0 0.0
1 424.583333333 1.0 65.0 70.0 5.8 0.0
2 571.666666667 0.0 67.8 60.8 6.6 0.0
1 339.0 0.0 57.4 67.2 5.6 0.0
1 430.8 2.0 58.2 70.0 4.0 0.0
1 355.272727273 3.0 48.0 43.6 2.4 0.0
2 614.333333333 0.0 58.0 82.0 4.0 0.0
0 905.0 3.0 54.6 69.6 2.0 0.0
1 304.75 2.0 67.0 53.0 6.0 0.0
2 601.25 0.0 62.4 66.2 5.8 0.0
2 541.6 0.0 50.0 75.2 4.8 0.0
1 341.625 0.0 61.0 54.0 6.0 0.0
1 436.666666667 0.0 51.2 78.0 9.0 0.302
1 564.0 2.0 69.0 63.0 6.0 0.0
1 480.666666667 2.0 70.6 73.4 6.6 0.002
1 12893.0 2.0 53.2 73.8 3.0 0.0
2 759.5 2.0 68.0 65.8 9.0 0.0
0 553.0 2.0 67.6 59.4 5.4 0.0
1 558.5 0.0 55.2 76.8 8.4 0.22
2 415.0 2.0 66.0 67.0 7.0 0.0
1 430.75 0.0 60.8 68.2 6.8 0.0
1 416.214285714 0.0 54.6 34.4 9.4 0.0
0 217.0 2.0 58.2 70.0 4.0 0.0
2 578.333333333 1.0 66.0 69.6 6.8 0.0
3 270.0 0.0 63.8 72.2 7.8 0.0
3 395.0 0.0 53.6 46.8 4.2 0.0
1 368.625 0.0 55.8 76.6 2.2 0.0
0 246.0 0.0 62.4 55.4 5.8 0.0
2 275.0 2.0 57.0 89.0 6.0 0.57
1 431.625 0.0 67.2 36.4 7.4 0.0
2 772.222222222 0.0 56.0 56.0 10.0 0.0
2 543.2 0.0 56.8 69.0 8.6 0.0
2 491.0 2.0 54.8 53.8 4.8 0.0
1 4791.0 2.0 72.4 50.0 3.8 0.0
3 508.333333333 2.0 67.2 67.8 5.6 0.0
1 407.25 2.0 55.8 67.0 1.8 0.0
3 584.5 2.0 68.6 56.8 5.0 0.0
1 385.272727273 2.0 68.8 66.6 6.8 0.0
2 560.5 2.0 75.0 37.0 4.0 0.0
2 563.714285714 0.0 63.8 72.2 7.8 0.0
2 542.75 2.0 62.0 72.0 3.0 0.0
3 563.0 0.0 57.4 57.6 8.6 0.0
0 402.0 0.0 58.4 63.4 8.4 0.0
2 578.666666667 2.0 55.0 51.0 2.0 0.0
0 420.0 0.0 56.4 67.4 4.2 0.0
1 652.0 3.0 47.4 65.4 1.0 0.0
3 569.5 0.0 62.4 71.8 6.0 0.056
0 222.0 0.0 53.2 52.8 2.0 0.0
1 441.181818182 1.0 66.2 73.2 7.8 0.0
2 524.6 0.0 60.2 70.0 6.6 0.0
0 652.0 2.0 70.2 64.4 4.2 0.0
2 687.666666667 1.0 73.4 60.8 5.4 0.0
3 612.0 1.0 67.8 68.8 6.8 0.0
0 629.0 2.0 69.0 32.0 6.6 0.0
1 436.909090909 2.0 70.2 64.4 4.2 0.0
2 418.0 3.0 50.4 63.0 1.8 0.0
1 434.666666667 0.0 74.8 35.2 4.2 0.0
1 13592.8571429 0.0 65.0 70.0 7.0 0.0
3 557.75 1.0 67.8 72.0 8.6 0.0
3 1135.0 0.0 62.8 67.0 3.4 0.0
1 445.3 0.0 61.0 65.0 7.0 0.0
3 470.75 1.0 69.0 73.0 6.8 0.0
1 349.0 0.0 53.0 54.6 1.4 0.0
1 382.272727273 1.0 65.2 65.6 9.8 0.0
3 597.2 0.0 46.0 68.0 5.0 0.0
1 457.529411765 2.0 68.6 73.6 6.2 0.0
0 527.0 1.0 70.0 70.0 7.0 0.0
1 481.916666667 0.0 59.8 69.0 9.0 0.0
1 349.111111111 0.0 54.0 68.6 5.8 0.0
2 581.0 1.0 65.0 63.2 6.2 0.0
2 502.666666667 0.0 68.0 55.0 8.0 0.0
1 679.666666667 2.0 51.0 63.0 2.0 0.0
1 466.2 2.0 60.4 62.6 4.4 0.0
2 512.0 2.0 56.2 69.6 4.2 0.0
2 545.428571429 0.0 59.8 57.8 6.2 0.0
2 639.875 1.0 70.6 67.2 7.0 0.0
1 433.857142857 0.0 61.4 73.0 8.2 0.0
3 401.5 2.0 62.0 61.6 2.2 0.0
2 426.2 0.0 60.6 79.8 5.0 0.0
2 553.133333333 0.0 62.2 60.0 5.8 0.0
0 239.0 2.0 68.8 66.6 6.8 0.0
3 643.0 0.0 67.2 36.4 7.4 0.0
3 653.333333333 0.0 59.0 84.0 4.0 0.0
2 517.75 2.0 62.0 60.2 11.8 0.0
2 686.5 0.0 60.8 67.4 6.6 0.0
1 520.0 3.0 53.2 63.8 1.6 0.0
3 583.0 0.0 63.0 57.2 7.8 0.0
3 943.666666667 2.0 68.8 64.2 7.2 0.342
3 393.0 2.0 62.0 46.6 8.4 0.0
0 498.666666667 0.0 63.0 65.0 8.0 0.0
1 458.3 2.0 62.0 60.2 11.8 0.0
2 658.666666667 1.0 72.0 65.0 5.0 0.0
3 552.777777778 0.0 57.2 74.2 7.8 0.19
2 567.3 3.0 60.6 76.8 3.6 0.002
1 440.75 0.0 57.8 75.4 10.6 0.762
2 540.75 0.0 59.8 69.0 6.0 0.214
2 291.5 3.0 43.6 65.4 5.4 0.122
2 424.0 1.0 70.6 60.2 6.2 0.0
3 426.625 0.0 61.4 72.8 6.2 0.0
1 1272.0 0.0 61.4 65.8 4.2 0.0
1 456.25 2.0 64.8 78.0 6.2 0.0
0 581.0 1.0 64.6 71.4 6.4 0.0
2 1130.0 0.0 51.0 60.8 1.8 0.0
2 540.875 1.0 66.2 73.2 7.8 0.0
1 380.666666667 3.0 55.0 78.2 7.2 0.024
2 547.0 2.0 72.0 57.2 3.6 0.0
2 482.75 2.0 69.6 68.8 4.8 0.0
2 762.0 0.0 59.6 82.4 7.8 0.09
2 359.5 0.0 63.0 68.0 4.8 0.0
3 640.5 2.0 60.6 68.2 3.8 0.0
1 534.166666667 2.0 59.0 50.6 1.2 0.0
2 595.0 2.0 67.2 67.8 5.6 0.0
1 453.444444444 3.0 61.6 80.6 4.6 0.006
2 633.0 2.0 68.6 71.2 7.2 0.0
3 460.444444444 1.0 64.4 66.2 7.8 0.0
1 672.333333333 2.0 74.6 41.8 3.4 0.0
2 530.333333333 2.0 59.2 62.4 4.2 0.0
2 687.333333333 1.0 68.0 72.0 6.0 0.0
0 214.0 0.0 60.2 60.0 5.4 0.0
2 689.666666667 2.0 60.6 58.2 2.0 0.0
3 404.0 0.0 54.0 75.0 4.0 0.0
1 406.0 1.0 68.0 70.0 7.8 0.0
0 468.5 0.0 53.0 86.0 8.0 0.096
0 223.0 0.0 57.2 74.2 7.8 0.19
2 717.4 0.0 64.8 46.8 8.4 0.0
1 398.888888889 0.0 52.4 60.8 2.2 0.0
0 233.0 1.0 64.8 65.8 7.2 0.0
0 446.0 2.0 61.8 69.2 3.4 0.0
2 901.0 0.0 64.0 60.0 11.0 0.0
1 560.0 0.0 59.6 82.4 7.8 0.09
2 667.285714286 2.0 70.0 65.0 7.0 0.0
1 437.555555556 0.0 56.2 80.4 3.6 0.0
1 484.75 2.0 67.8 68.6 4.0 0.0
2 796.0 0.0 53.0 64.2 7.4 0.028
1 376.75 0.0 62.4 55.4 5.8 0.0
2 521.0 0.0 53.6 70.2 3.0 0.0
2 1563.71428571 0.0 59.8 67.2 8.2 0.0
3 543.2 0.0 51.4 77.6 9.6 0.268
1 478.4 0.0 61.0 73.2 6.0 0.04
3 554.5 1.0 64.8 65.8 7.2 0.0
1 416.5 0.0 60.0 74.0 9.6 0.0
0 887.0 2.0 66.2 73.6 6.2 0.0
1 211.0 0.0 51.2 68.6 5.8 0.0
1 434.454545455 0.0 52.0 74.2 2.6 0.0
0 244.0 0.0 58.4 58.2 8.2 0.0
3 712.0 3.0 40.6 50.8 2.2 0.0
2 387.0 0.0 49.0 52.0 4.0 0.0
3 685.666666667 3.0 59.6 79.4 7.4 0.002
2 537.75 1.0 72.6 70.4 7.2 0.0
3 535.75 0.0 61.6 42.8 10.6 0.0
1 1385.0 1.0 66.0 66.0 7.0 0.0
3 523.0 0.0 60.8 67.4 6.6 0.0
3 358.5 1.0 66.8 68.8 7.4 0.0
0 239.0 0.0 61.4 70.4 3.8 0.0
0 38982.5 2.0 63.0 60.2 6.4 0.0
3 665.5 1.0 69.6 66.0 7.0 0.0
0 222.0 2.0 70.6 73.4 6.6 0.002
0 490.5 1.0 73.0 65.0 7.0 0.0
2 599.666666667 2.0 70.2 64.4 4.2 0.0
2 481.0 0.0 58.0 57.0 6.0 0.0
0 350.5 0.0 47.4 70.4 4.6 0.022
3 548.25 2.0 67.8 68.6 4.0 0.0
3 560.0 0.0 59.2 62.2 6.2 0.0
1 396.5 2.0 62.8 51.0 3.2 0.0
2 633.714285714 1.0 65.0 70.0 5.8 0.0
1 167.0 2.0 56.6 66.6 2.4 0.0
2 651.285714286 1.0 67.2 69.8 9.4 0.004
1 464.6 2.0 63.0 79.6 6.4 0.0
2 643.0 0.0 53.4 52.6 2.2 0.0
1 3988.6 2.0 59.2 73.8 4.2 0.0
3 627.0 2.0 57.0 76.0 4.4 0.0
2 534.25 0.0 56.0 53.4 8.0 0.0
3 538.666666667 0.0 54.6 80.0 2.4 0.0
2 645.333333333 1.0 69.4 72.8 7.6 0.0
2 502.0 0.0 56.0 72.0 8.0 0.01
3 573.5 2.0 71.0 70.0 6.0 0.0
2 687.285714286 1.0 66.0 69.4 7.6 0.0
0 14162.0 0.0 59.8 57.8 6.2 0.0
2 604.0 2.0 57.4 81.8 4.0 0.0
1 619.5 2.0 62.0 70.0 1.0 0.0
3 452.0 0.0 67.8 60.8 6.6 0.0
0 246.0 0.0 58.0 68.4 9.0 0.0
0 513.0 0.0 57.6 67.8 5.2 0.0
1 442.333333333 0.0 55.6 80.4 5.4 0.082
0 190.0 0.0 55.2 68.0 6.0 0.048
2 398.0 2.0 69.2 72.8 5.2 0.0
3 394.666666667 0.0 58.4 63.4 8.4 0.0
3 562.666666667 2.0 57.8 77.2 3.4 0.0
1 460.222222222 0.0 53.0 74.0 4.0 0.0
3 662.0 1.0 68.0 66.0 7.4 0.0
2 640.0 2.0 62.0 67.0 3.0 0.0
2 4482.5 0.0 61.4 65.8 4.2 0.0
2 564.666666667 2.0 65.8 66.2 4.6 0.0
3 19395.75 0.0 61.6 64.8 8.2 0.004
2 866.0 3.0 47.8 64.8 1.0 0.0
1 479.0 2.0 56.6 69.0 5.2 0.0
2 724.0 0.0 60.8 56.6 8.4 0.0
2 710.333333333 0.0 52.4 60.8 2.2 0.0
2 708.25 2.0 70.0 66.8 7.2 0.0
0 208.0 0.0 61.4 72.8 6.2 0.0
2 845.0 1.0 65.6 71.4 9.4 0.0
1 437.0 1.0 69.6 73.6 6.0 0.0
3 562.5 2.0 63.4 62.4 4.0 0.0
1 377.0 0.0 59.4 77.0 4.6 0.0
2 609.333333333 2.0 69.2 53.0 4.8 0.0
1 485.571428571 2.0 60.2 78.4 3.2 0.004
3 1042.0 0.0 44.6 45.4 3.8 0.0
1 425.0 3.0 49.6 70.2 3.2 0.0
2 648.5 1.0 69.0 69.0 6.0 0.0
2 644.5 2.0 55.4 66.0 6.0 0.0
3 593.0 1.0 71.2 70.2 9.0 0.0
1 421.166666667 0.0 54.0 72.0 4.4 0.0
3 573.0 3.0 53.2 82.6 12.2 0.564
2 498.0 0.0 59.2 62.2 6.2 0.0
0 203.0 0.0 60.8 68.2 6.8 0.0
3 500.5 2.0 64.8 74.6 9.0 0.106
2 9569.16666667 2.0 68.8 66.6 6.8 0.0
3 547.2 1.0 66.4 74.8 8.0 0.0
3 701.0 1.0 65.6 72.4 6.8 0.0
0 554.0 0.0 57.4 67.2 5.6 0.0
2 446.75 0.0 60.4 78.8 7.2 0.0
1 285.8 1.0 67.4 68.4 8.6 0.0
2 773.0 0.0 61.4 72.8 6.2 0.0
1 444.75 2.0 62.8 61.0 6.2 0.0
3 870.5 3.0 43.6 65.4 5.4 0.122
2 577.0 0.0 58.6 75.4 4.8 0.0
1 446.1 2.0 53.0 69.2 1.0 0.0
3 393.5 0.0 53.6 70.2 3.0 0.0
2 572.5 0.0 54.0 72.0 4.4 0.0
3 873.0 0.0 63.0 66.2 7.2 0.0
3 496.5 0.0 57.4 53.0 6.2 0.0
3 440.0 0.0 68.6 59.6 3.6 0.0
2 604.0 2.0 64.8 71.0 7.6 0.0
0 193.0 0.0 75.4 45.6 4.4 0.0
1 466.285714286 2.0 67.6 59.4 5.4 0.0
1 479.461538462 0.0 66.4 57.6 5.6 0.0
3 437.5 2.0 67.0 32.0 4.0 0.0
1 336.7 0.0 58.4 63.4 8.4 0.0
2 549.875 1.0 71.4 69.4 5.8 0.0
2 563.0 2.0 57.0 76.0 4.4 0.0
1 380.0 2.0 57.6 66.8 2.0 0.0
2 521.25 1.0 74.2 60.2 6.0 0.0
2 407.333333333 0.0 48.8 70.8 5.8 0.0
2 634.333333333 0.0 66.4 59.8 4.0 0.0
3 615.333333333 2.0 56.0 63.0 8.0 0.01
0 638.0 0.0 55.4 72.2 8.0 0.132
0 224.0 1.0 68.0 66.8 7.8 0.0
1 587.0 1.0 65.0 74.0 8.0 0.0
3 672.0 2.0 57.8 36.0 6.0 0.0
3 663.0 1.0 67.2 67.6 9.0 0.0
2 678.714285714 2.0 63.0 60.0 6.0 0.0
3 537.0 0.0 58.2 71.2 8.6 0.0
0 229.0 1.0 67.6 72.0 7.6 0.0
3 851.0 0.0 50.8 48.6 1.8 0.0
3 561.0 0.0 64.2 44.2 9.0 0.0
2 378.666666667 2.0 67.6 59.4 5.4 0.0
2 361.0 2.0 60.4 62.6 4.4 0.0
3 660.5 0.0 59.0 75.0 5.0 0.02
1 425.555555556 0.0 57.0 54.0 3.0 0.0
2 684.166666667 0.0 60.6 58.2 6.8 0.0
0 887.0 2.0 67.4 74.0 6.8 0.0
1 474.777777778 2.0 65.6 74.6 4.4 0.0
3 567.0 1.0 69.4 72.2 6.4 0.0
1 415.818181818 0.0 60.4 70.4 2.0 0.0
2 1668.0 0.0 52.0 69.0 4.0 0.04
2 604.833333333 2.0 59.6 78.8 3.6 0.004
1 705.545454545 0.0 59.8 69.0 6.0 0.214
2 540.166666667 0.0 60.8 74.8 3.2 0.0
1 399.0 0.0 62.2 68.4 5.6 0.0
0 219.0 0.0 62.4 71.8 6.0 0.056
1 455.8 2.0 66.0 67.0 7.0 0.0
3 244.0 0.0 58.0 78.2 4.4 0.0
3 236.0 0.0 63.2 62.2 5.6 0.0
2 591.4 0.0 54.0 68.6 5.8 0.0
0 236.0 2.0 69.6 68.4 7.0 0.0
0 464.0 0.0 59.6 82.4 7.8 0.09
3 373.0 2.0 55.2 57.6 3.0 0.0
2 551.5 0.0 47.0 70.0 4.2 0.0
2 476.0 0.0 55.2 68.0 6.0 0.048
3 527.0 0.0 49.6 73.2 3.0 0.0
3 709.0 0.0 57.8 75.4 10.6 0.762
3 876.0 0.0 59.0 71.8 8.2 0.0
2 513.5 2.0 62.0 61.6 2.2 0.0
1 445.0 0.0 60.2 72.8 2.4 0.0
0 338.0 1.0 70.4 48.2 6.0 0.0
2 1636.0 3.0 50.2 54.2 8.2 0.0
2 358.0 2.0 71.8 53.2 3.8 0.0
2 630.5 0.0 67.0 49.6 6.0 0.0
0 234.0 1.0 69.4 72.8 7.6 0.0
1 422.0 0.0 59.0 57.0 10.0 0.0
1 309.0 0.0 48.0 80.0 10.0 0.08
2 424.0 3.0 58.0 83.0 2.2 0.004
3 456.5 1.0 70.6 60.2 6.2 0.0
2 655.2 1.0 66.8 72.4 7.2 0.0
0 206.0 0.0 60.2 60.6 9.2 0.0
3 562.333333333 1.0 62.6 66.8 8.0 0.0
2 464.0 3.0 43.2 51.0 3.4 0.0
0 249.0 0.0 52.8 71.0 4.4 0.0
3 541.0 2.0 56.0 60.0 4.0 0.0
1 435.857142857 1.0 77.2 53.0 6.0 0.0
1 380.727272727 3.0 58.8 83.0 2.8 0.0
0 484.0 3.0 53.0 77.0 4.0 0.0
2 495.333333333 0.0 60.4 62.0 10.8 0.0
2 515.333333333 2.0 69.0 71.0 6.0 0.0
1 677.333333333 1.0 67.6 66.8 6.2 0.0
2 381.0 0.0 47.4 70.4 4.6 0.022
2 577.111111111 0.0 56.0 84.6 5.2 0.0
3 699.5 0.0 56.8 47.4 11.6 0.0
1 649.5 3.0 43.2 51.0 3.4 0.0
3 816.5 0.0 53.8 57.0 3.0 0.0
3 456.833333333 1.0 70.2 73.6 8.4 0.0
2 783.0 0.0 62.8 67.0 6.4 0.0
3 763.0 0.0 57.0 59.8 6.2 0.0
1 431.0 2.0 57.8 77.2 3.4 0.0
2 518.166666667 0.0 57.0 43.0 11.0 0.0
2 7473.5 2.0 68.4 73.0 8.4 0.0
3 1752.0 0.0 58.2 57.0 3.0 0.0
1 436.166666667 0.0 60.6 79.8 5.0 0.0
1 462.0 3.0 58.0 76.2 2.8 0.004
1 479.8 0.0 73.0 42.8 5.2 0.0
3 700.75 0.0 54.0 84.4 3.6 0.0
1 997.5 2.0 59.8 70.0 3.0 0.0
1 478.166666667 2.0 67.0 69.0 8.0 0.0
1 398.375 2.0 59.2 62.4 4.2 0.0
1 345.833333333 3.0 53.0 80.4 6.0 0.104
3 500.5 2.0 71.6 65.2 6.4 0.0
2 786.285714286 1.0 65.2 63.8 10.2 0.0
3 599.5 0.0 59.4 64.2 8.6 0.0
3 560.75 0.0 57.8 68.0 9.0 0.0
3 222.0 0.0 57.4 60.6 4.4 0.0
2 633.333333333 1.0 68.4 65.0 6.0 0.0
3 501.0 1.0 65.2 63.8 10.2 0.0
1 520.75 1.0 69.8 67.8 7.6 0.0
1 501.1 1.0 70.6 67.2 7.0 0.0
2 634.909090909 1.0 70.0 70.0 7.0 0.0
0 569.0 1.0 68.6 70.2 8.2 0.0
1 370.5 0.0 62.4 66.2 5.8 0.0
1 610.8 1.0 75.2 63.0 6.4 0.0
2 513.857142857 0.0 53.2 52.8 2.0 0.0
2 496.0 0.0 59.6 71.6 7.0 0.0
3 476.5 0.0 50.8 80.8 2.8 0.0
3 649.0 2.0 68.0 65.8 9.0 0.0
2 428.5 0.0 54.0 52.0 2.0 0.0
1 424.0 3.0 51.4 60.0 1.0 0.0
2 468.2 0.0 61.8 48.6 4.6 0.0
1 315.4 0.0 54.0 84.4 3.6 0.0
1 391.80952381 0.0 61.4 70.4 3.8 0.0
2 528.0 0.0 60.0 54.0 4.0 0.0
2 556.571428571 1.0 68.6 70.2 8.2 0.0
3 773.5 2.0 61.8 59.2 5.2 0.0
1 445.2 0.0 55.4 72.2 8.0 0.132
3 535.0 0.0 60.0 54.0 5.0 0.0
3 663.75 0.0 65.4 31.2 10.6 0.0
3 501.4 1.0 70.8 58.2 8.2 0.0
3 602.125 1.0 70.6 65.4 8.0 0.002
1 1799.72727273 1.0 66.4 74.8 8.0 0.0
2 550.0 3.0 44.4 63.8 1.4 0.0
3 594.166666667 1.0 69.8 70.8 6.6 0.0
3 568.5 2.0 55.0 64.0 4.0 0.0
2 560.875 0.0 48.0 68.0 1.0 0.0
1 680.0 2.0 53.8 54.2 2.2 0.0
1 475.7 0.0 60.2 76.8 6.4 0.0
3 686.666666667 3.0 53.0 68.0 3.0 0.0
1 333.166666667 2.0 57.6 65.8 9.6 0.0
3 478.25 0.0 58.8 61.6 12.2 0.016
0 245.0 0.0 59.4 64.2 8.6 0.0
0 340.5 0.0 54.0 68.6 5.8 0.0
1 56719.1818182 3.0 50.6 72.8 4.2 0.0
2 612.0 0.0 58.0 63.0 6.0 0.0
0 244.0 0.0 58.0 65.8 7.8 0.0
0 576.0 1.0 68.0 71.2 8.4 0.0
1 344.818181818 0.0 50.8 69.2 1.4 0.0
3 605.5 0.0 55.0 62.0 11.0 0.0
1 279.0 0.0 43.0 63.0 2.0 0.0
3 763.0 1.0 70.4 73.2 7.4 0.0
3 535.0 2.0 66.0 64.0 9.6 0.0
3 580.25 0.0 56.2 47.0 1.8 0.0
1 1083.5 2.0 59.0 68.0 5.0 0.0
2 555.8 2.0 66.0 64.0 9.6 0.0
1 365.25 2.0 65.8 68.8 5.6 0.0
3 662.5 0.0 59.4 77.0 4.6 0.0
3 2685.0 1.0 68.6 58.8 7.0 0.0
2 19945.7142857 1.0 67.8 72.0 8.6 0.0
3 605.8 0.0 57.4 67.2 5.6 0.0
1 405.0 0.0 58.0 65.8 7.8 0.0
2 537.875 0.0 66.4 57.6 5.6 0.0
1 950.5 0.0 56.2 47.0 1.8 0.0
1 527.166666667 0.0 59.6 66.8 6.2 0.0
2 681.333333333 0.0 60.4 60.0 12.8 0.0
1 376.5 3.0 60.8 84.2 10.8 0.93
1 479.333333333 0.0 60.8 72.8 5.4 0.0
1 438.5 2.0 62.0 65.0 4.0 0.0
1 1222.13333333 2.0 65.2 42.4 2.4 0.0
1 506.0 3.0 43.8 63.8 8.6 0.064
0 523.0 0.0 57.2 59.0 3.4 0.0
1 342.5 0.0 58.4 81.4 4.2 0.0
1 306.6 0.0 57.6 67.8 5.2 0.0
0 202.0 2.0 61.2 59.0 3.6 0.032
2 343.0 1.0 69.0 71.2 7.6 0.0
3 549.0 1.0 70.0 73.2 9.0 0.0
1 412.333333333 1.0 69.0 68.6 8.0 0.0
2 1613.0 0.0 59.0 66.8 7.6 0.0
0 719.5 0.0 60.0 64.8 7.4 0.0
0 202.0 0.0 60.6 79.8 5.0 0.0
2 461.5 2.0 62.8 61.0 6.2 0.0
0 595.0 0.0 58.4 81.6 3.2 0.0
0 305.0 1.0 65.0 70.0 5.8 0.0
1 456.6 1.0 61.2 63.2 9.4 0.0
2 1690.0 0.0 60.0 66.4 7.4 0.0
3 664.75 0.0 60.0 66.4 7.4 0.0
3 214.0 0.0 52.8 65.8 4.4 0.0
3 385.0 2.0 65.6 70.6 4.8 0.0
3 456.0 0.0 51.8 84.6 2.0 0.004
1 495.714285714 0.0 63.0 57.2 7.8 0.0
1 444.714285714 0.0 57.4 57.6 8.6 0.0
3 640.0 2.0 57.0 78.0 8.0 0.29
2 250.0 0.0 51.2 61.6 0.8 0.0
2 10217.4444444 0.0 61.4 70.4 3.8 0.0
2 758.0 1.0 63.6 62.8 9.0 0.0
2 465.333333333 2.0 65.2 42.4 2.4 0.0
0 62.0 2.0 65.8 66.2 4.6 0.0
2 547.833333333 1.0 64.8 65.8 7.2 0.0
0 229.0 1.0 72.6 70.4 7.2 0.0
0 723.0 2.0 55.6 64.6 6.4 0.002
2 408.25 2.0 56.2 82.2 4.8 0.0
3 873.2 0.0 58.0 68.4 9.0 0.0
2 282.0 0.0 51.4 77.6 9.6 0.268
1 435.666666667 2.0 66.0 64.0 9.6 0.0
3 718.0 0.0 52.8 70.0 1.8 0.0
3 651.0 0.0 59.8 57.8 6.2 0.0
2 477.3 0.0 53.8 57.8 9.0 0.0
3 477.428571429 1.0 71.0 66.0 5.0 0.0
2 697.0 2.0 52.2 67.0 2.0 0.0
3 606.333333333 2.0 65.4 46.8 3.6 0.0
1 328.4 1.0 67.8 72.0 8.6 0.0
0 625.0 0.0 57.0 60.6 3.8 0.0
0 779.0 2.0 55.2 78.6 4.0 0.0
2 538.111111111 0.0 50.8 69.2 1.4 0.0
2 640.833333333 1.0 62.6 66.8 8.0 0.0
2 44634.25 0.0 62.8 65.8 9.0 0.0
3 618.125 2.0 65.2 72.2 3.2 0.002
0 1053.0 2.0 66.8 70.6 6.2 0.0
3 495.0 0.0 49.0 75.8 8.0 0.22
1 401.4 3.0 60.0 75.0 4.0 0.0
3 693.0 0.0 51.0 60.8 1.8 0.0
3 698.142857143 0.0 69.4 63.8 5.0 0.0
2 586.4 0.0 52.8 71.0 4.4 0.0
3 730.0 2.0 62.8 61.0 6.2 0.0
1 866.0 2.0 68.4 65.0 4.8 0.0
3 625.0 2.0 63.0 60.2 6.4 0.0
1 21058.0 2.0 68.4 73.0 8.4 0.0
0 507.5 1.0 68.0 79.0 7.0 0.0
3 294.0 0.0 53.2 52.8 2.0 0.0
1 458.4 0.0 53.0 60.0 4.0 0.0
3 554.0 2.0 58.4 78.2 3.8 0.0
2 632.833333333 2.0 70.6 73.4 6.6 0.002
3 393.0 1.0 66.4 65.0 9.0 0.0
2 555.2 0.0 52.4 81.0 2.6 0.0
3 660.5 2.0 69.0 62.0 8.0 0.0
1 567.8 2.0 62.8 64.0 3.0 0.0
1 494.272727273 2.0 61.0 84.6 6.6 0.088
2 1627.0 2.0 62.6 71.4 6.2 0.002
2 498.0 3.0 50.6 61.4 7.4 0.0
3 1045.0 0.0 59.4 66.8 7.6 0.0
2 669.25 2.0 64.0 48.6 3.4 0.0
0 191.0 0.0 55.4 74.8 4.8 0.0
3 632.0 3.0 55.8 80.6 9.4 0.114
1 438.666666667 0.0 57.6 83.4 3.0 0.0
2 547.888888889 0.0 57.2 73.6 2.8 0.0
1 439.5 0.0 60.6 85.0 4.2 0.004
1 372.727272727 1.0 68.4 65.0 6.0 0.0
2 648.0 2.0 76.2 52.8 4.2 0.0
2 492.5 0.0 63.0 57.2 7.8 0.0
2 650.0 0.0 49.6 73.2 3.0 0.0
3 513.0 0.0 59.2 68.6 8.2 0.02
2 588.5 2.0 65.0 77.0 7.0 0.36
3 661.8 2.0 64.6 73.0 4.4 0.0
1 1128.08333333 2.0 70.6 65.6 4.4 0.0
3 372.5 0.0 60.0 69.2 13.0 0.0
1 430.2 2.0 68.2 75.2 5.8 0.0
3 647.0 0.0 56.6 71.0 8.2 0.01
2 677.428571429 0.0 52.0 68.2 4.6 0.02
1 430.5 0.0 60.8 74.8 3.2 0.0
2 484.625 0.0 69.0 55.0 3.0 0.0
2 565.0 2.0 61.2 59.0 3.6 0.032
3 786.0 0.0 52.8 62.6 2.4 0.0
1 411.111111111 0.0 58.0 68.4 9.0 0.0
1 648.0 3.0 52.0 64.0 1.2 0.0
2 485.0 1.0 64.2 70.6 8.0 0.0
2 715.0 3.0 57.6 81.4 2.0 0.014
2 771.0 2.0 62.0 46.6 8.4 0.0
2 562.875 1.0 69.0 61.0 9.0 0.0
1 424.733333333 1.0 61.4 66.2 8.8 0.0
1 314.0 0.0 60.0 60.0 7.0 0.0
1 497.857142857 2.0 63.4 62.4 4.0 0.0
1 295.6 0.0 58.4 81.6 3.2 0.0
0 648.0 0.0 53.4 81.8 4.6 0.004
1 386.0 0.0 58.0 58.0 3.0 0.0
1 389.142857143 0.0 60.2 60.6 9.2 0.0
1 449.5 1.0 73.0 68.8 5.6 0.0
1 272.0 2.0 66.8 70.0 6.8 0.0
2 498.2 0.0 58.2 62.0 6.8 0.0
0 195.0 0.0 75.4 35.6 5.2 0.0
3 599.0 2.0 57.6 65.8 9.6 0.0
3 681.333333333 2.0 61.2 59.0 3.6 0.032
1 495.769230769 2.0 62.6 74.2 6.0 0.006
0 230.0 2.0 61.4 68.4 4.2 0.0
0 700.5 3.0 46.2 70.8 2.2 0.0
2 486.0 0.0 61.2 70.0 6.0 0.0
3 500.0 1.0 65.6 57.4 6.6 0.0
0 202.0 0.0 61.0 56.4 6.0 0.0
2 472.666666667 3.0 47.4 65.4 1.0 0.0
2 510.25 0.0 55.2 74.6 3.6 0.002
3 388.0 1.0 75.2 63.0 6.4 0.0
1 338.1 1.0 64.2 70.6 8.0 0.0
2 602.0 0.0 69.4 63.8 5.0 0.0
3 480.5 0.0 47.4 70.4 4.6 0.022
3 819.666666667 2.0 69.0 76.8 6.4 0.0
3 673.5 3.0 50.0 66.6 8.4 0.0
2 416.5 3.0 40.6 50.8 2.2 0.0
1 338.1 0.0 60.0 68.0 7.0 0.0
2 465.25 2.0 64.2 43.4 3.2 0.0
1 424.555555556 2.0 62.0 64.2 3.4 0.0
1 445.5 1.0 67.6 71.0 8.0 0.0
2 405.0 2.0 53.8 70.8 1.2 0.0
0 247.0 2.0 62.0 64.2 3.4 0.0
1 403.411764706 0.0 58.4 71.0 2.2 0.0
0 206.0 0.0 59.4 69.8 10.0 0.054
2 622.0 3.0 51.4 60.0 1.0 0.0
2 584.0 2.0 53.8 54.2 2.2 0.0
1 468.090909091 2.0 56.2 82.2 4.8 0.0
1 507.933333333 0.0 56.0 56.0 10.0 0.0
1 392.2 0.0 57.2 70.6 8.0 0.0
2 549.0 2.0 61.0 84.6 6.6 0.088
3 709.0 0.0 55.0 74.0 2.0 0.0
0 208.5 0.0 56.8 79.6 10.8 0.544
3 596.5 1.0 64.0 53.4 7.2 0.0
3 513.25 0.0 75.4 45.6 4.4 0.0
3 777.666666667 2.0 59.0 50.6 1.2 0.0
2 591.714285714 1.0 65.6 57.4 6.6 0.0
1 407.777777778 3.0 50.0 66.6 8.4 0.0
1 514.818181818 2.0 58.8 46.6 3.0 0.0
1 958.0 0.0 61.4 69.6 5.2 0.0
0 482.0 3.0 39.2 60.2 4.6 0.0
2 578.0 2.0 53.2 73.8 3.0 0.0
3 362.0 2.0 64.0 73.6 6.2 0.0
1 379.818181818 2.0 60.0 82.0 3.0 0.01
2 789.285714286 1.0 64.4 66.2 7.8 0.0
3 438.2 0.0 58.8 65.8 6.2 0.006
1 400.8 2.0 55.2 78.6 4.0 0.0
0 764.0 2.0 67.4 64.2 5.6 0.0
0 209.0 0.0 69.4 45.4 3.8 0.0
0 276.0 0.0 64.0 68.6 5.0 0.0
3 592.0 0.0 49.2 58.0 1.6 0.0
2 4700.5 2.0 64.8 74.6 9.0 0.106
1 458.428571429 0.0 56.0 73.0 7.0 0.036
2 618.2 0.0 63.0 63.6 7.6 0.0
0 293.0 0.0 55.2 74.6 3.6 0.002
0 739.0 2.0 60.6 58.2 2.0 0.0
1 383.0 0.0 59.8 65.2 3.4 0.0
1 395.0 3.0 56.0 76.6 8.6 0.306
2 453.0 2.0 62.8 64.0 3.0 0.0
0 806.0 1.0 63.6 62.8 9.0 0.0
3 666.0 0.0 57.8 78.6 3.6 0.0
2 1048.0 0.0 60.0 64.0 2.0 0.0
2 482.857142857 0.0 58.0 68.0 2.0 0.0
3 397.0 0.0 59.8 67.2 8.2 0.0
1 412.636363636 0.0 60.2 65.0 8.6 0.0
3 397.333333333 1.0 64.2 70.6 8.0 0.0
1 364.0 2.0 58.6 73.2 3.4 0.0
3 408.0 0.0 56.8 79.6 10.8 0.544
3 581.0 0.0 75.4 35.6 5.2 0.0
0 465.0 0.0 54.6 80.0 2.4 0.0
1 425.866666667 0.0 56.0 77.0 3.0 0.0
3 637.0 0.0 51.2 78.0 9.0 0.302
1 467.428571429 2.0 67.0 72.0 9.0 0.0
2 494.375 2.0 71.6 43.0 3.6 0.0
2 524.333333333 0.0 55.4 74.8 4.8 0.0
3 631.0 0.0 55.6 61.4 3.8 0.0
1 363.0 2.0 63.8 75.4 8.2 0.0
3 649.5 1.0 69.0 71.2 7.6 0.0
2 618.4 0.0 58.0 58.0 6.0 0.0
1 431.076923077 1.0 72.4 64.6 6.6 0.0
2 581.0 0.0 59.0 73.0 14.0 0.21
1 410.2 2.0 60.6 58.2 2.0 0.0
2 472.0 2.0 64.6 73.0 4.4 0.0
2 550.333333333 0.0 61.0 70.0 6.0 0.0
2 671.5 0.0 63.0 60.4 4.2 0.0
1 391.3 2.0 62.0 61.6 2.2 0.0
3 471.5 0.0 61.0 54.0 5.0 0.0
1 421.111111111 0.0 63.8 72.2 7.8 0.0
3 686.5 3.0 44.4 63.8 1.4 0.0
2 739.0 0.0 55.4 72.2 8.0 0.132
0 200.0 1.0 62.0 68.4 8.0 0.0
3 541.0 1.0 66.0 65.0 6.0 0.0
2 516.333333333 2.0 62.8 50.8 6.4 0.0
2 531.333333333 2.0 67.6 72.2 7.0 0.0
3 400.5 0.0 66.0 61.0 8.0 0.0
3 30986.5 0.0 60.0 64.8 7.4 0.0
3 603.0 2.0 54.0 52.0 2.0 0.0
1 596.0 0.0 64.8 68.8 7.6 0.0
3 622.0 0.0 57.8 47.8 6.8 0.0
1 518.333333333 2.0 61.4 61.0 3.6 0.0
2 551.75 0.0 53.0 72.0 1.0 0.0
3 724.0 2.0 53.0 69.2 1.0 0.0
1 503.0 1.0 71.2 70.2 9.0 0.0
1 406.428571429 0.0 57.6 55.8 14.2 0.0
3 628.666666667 0.0 59.8 65.2 3.4 0.0
2 556.2 1.0 66.2 62.2 7.6 0.0
2 577.0 0.0 56.4 67.4 4.2 0.0
0 222.0 1.0 67.6 66.8 6.2 0.0
1 460.888888889 1.0 68.0 66.8 7.8 0.0
1 427.181818182 0.0 53.0 83.0 2.6 0.0
3 670.0 0.0 54.2 59.2 7.8 0.0
1 1753.5 0.0 57.4 75.6 7.0 0.014
1 432.714285714 0.0 55.8 62.0 6.6 0.002
1 291.0 1.0 69.2 68.4 6.2 0.0
1 572.833333333 2.0 58.0 74.0 2.6 0.0
3 624.0 1.0 68.6 70.4 7.0 0.0
2 590.25 0.0 52.8 70.2 6.6 0.008
3 711.5 2.0 70.2 64.4 4.2 0.0
3 594.0 0.0 74.8 35.2 4.2 0.0
3 649.5 1.0 68.0 71.2 8.4 0.0
1 425.375 1.0 74.2 60.2 6.0 0.0
2 592.0 0.0 60.6 85.0 4.2 0.004
1 479.714285714 0.0 53.6 46.8 4.2 0.0
3 538.75 2.0 62.6 64.8 4.4 0.0
0 1603.0 0.0 72.8 36.6 5.0 0.0
2 505.0 0.0 69.0 49.0 4.0 0.0
0 389.0 0.0 58.8 61.6 12.2 0.016
1 452.75 0.0 61.6 77.2 18.0 0.696
1 498.0 2.0 69.8 67.6 6.6 0.0
1 472.357142857 0.0 58.0 63.0 6.0 0.0
2 292.0 1.0 66.0 75.0 7.0 0.0
1 496.0 2.0 68.6 71.2 7.2 0.0
3 506.5 0.0 53.2 55.0 1.8 0.0
2 623.666666667 0.0 56.2 80.4 3.6 0.0
2 534.0 2.0 69.0 76.8 6.4 0.0
1 397.5 1.0 68.6 70.2 8.2 0.0
3 405.4 0.0 58.0 65.8 7.8 0.0
3 663.0 0.0 54.6 34.4 9.4 0.0
1 511.75 0.0 54.2 54.4 3.0 0.0
2 468.0 1.0 68.8 70.2 7.2 0.0
3 442.0 2.0 60.0 77.0 5.0 0.0
2 461.0 2.0 72.2 70.0 7.6 0.0
1 703.75 1.0 67.8 73.0 7.2 0.0
2 577.8 2.0 57.8 77.2 3.4 0.0
1 494.111111111 1.0 72.6 70.4 7.2 0.0
3 451.5 0.0 53.0 64.2 7.4 0.028
2 658.0 0.0 52.4 69.2 1.2 0.0
1 2225.92307692 0.0 57.0 59.8 6.2 0.0
1 1066.66666667 0.0 55.8 81.4 3.4 0.006
3 381.0 0.0 56.0 66.6 5.4 0.022
0 215.0 1.0 67.6 71.0 8.0 0.0
1 471.0 0.0 47.6 69.0 2.0 0.0
3 390.8 0.0 60.6 79.8 5.0 0.0
1 468.625 2.0 60.0 73.6 3.2 0.0
3 364.666666667 2.0 65.4 73.2 5.2 0.0
2 577.25 1.0 68.0 70.8 7.4 0.0
3 593.75 0.0 58.4 50.0 4.4 0.0
3 492.5 1.0 68.4 65.0 6.0 0.0
1 394.5 1.0 68.2 68.8 8.0 0.0
2 481.5 0.0 62.4 62.8 4.4 0.0
1 456.4 0.0 59.0 84.0 4.0 0.0
0 212.0 1.0 66.0 69.4 7.6 0.0
1 598.0 3.0 52.2 66.4 1.2 0.0
1 515.166666667 0.0 52.4 62.2 7.0 0.002
2 622.222222222 1.0 72.4 64.6 6.6 0.0
3 750.0 3.0 44.4 59.4 1.4 0.0
2 2602.66666667 0.0 61.0 66.0 9.0 0.0
3 643.166666667 2.0 63.2 68.8 8.8 0.0
2 741.5 0.0 59.6 70.2 7.8 0.004
3 314.0 2.0 57.8 61.4 2.4 0.0
1 882.833333333 0.0 59.4 47.4 4.0 0.0
0 519.0 0.0 53.4 52.6 2.2 0.0
1 534.75 0.0 51.4 77.6 9.6 0.268
3 507.666666667 2.0 69.6 68.4 7.0 0.0
3 561.666666667 1.0 70.6 67.2 7.0 0.0
0 603.0 0.0 52.4 60.8 2.2 0.0
2 851.285714286 0.0 53.0 76.6 5.0 0.004
2 476.25 0.0 60.2 60.6 9.2 0.0
2 472.0 0.0 68.6 59.6 3.6 0.0
3 612.6 0.0 56.0 73.0 7.0 0.036
3 534.0 2.0 75.0 37.0 4.0 0.0
0 205.0 2.0 56.2 82.2 4.8 0.0
3 512.5 0.0 62.0 65.0 8.0 0.0
2 386.166666667 3.0 60.4 82.8 6.4 0.028
1 611.0 2.0 53.0 72.2 2.0 0.0
1 684.0 0.0 58.6 71.0 8.6 0.0
2 1034.6 2.0 57.6 71.6 5.6 0.0
2 515.5 0.0 46.0 29.0 6.0 0.0
1 453.0 0.0 67.4 59.0 6.8 0.0
1 371.153846154 0.0 50.0 75.2 4.8 0.0
1 417.666666667 0.0 51.8 84.6 2.0 0.004
1 409.8125 0.0 55.2 74.6 3.6 0.002
2 413.0 3.0 49.6 70.2 3.2 0.0
3 1409.0 0.0 55.4 74.8 4.8 0.0
1 344.0 1.0 66.0 75.0 7.0 0.0
3 569.0 0.0 50.4 78.8 2.6 0.0
3 951.5 3.0 61.6 80.6 4.6 0.006
1 404.571428571 0.0 56.6 46.2 3.6 0.0
2 571.666666667 2.0 56.0 64.8 3.4 0.0
0 639.0 0.0 50.8 48.6 1.8 0.0
2 606.0 2.0 57.6 65.8 9.6 0.0
2 727.428571429 1.0 70.4 48.2 6.0 0.0
2 339.333333333 2.0 58.0 74.0 2.6 0.0
2 625.5 1.0 70.8 58.2 8.2 0.0
2 616.25 2.0 51.6 69.0 1.4 0.0
2 1265.5 2.0 59.8 70.0 3.0 0.0
2 582.714285714 1.0 69.8 71.2 6.6 0.0
2 1632.0 1.0 67.4 68.4 8.6 0.0
1 550.0 0.0 57.8 73.4 11.2 0.178
1 429.6 1.0 64.8 65.8 7.2 0.0
2 596.375 0.0 55.2 73.8 2.0 0.0
2 626.285714286 0.0 62.4 71.8 6.0 0.056
0 243.0 1.0 61.4 66.2 8.8 0.0
3 378.0 0.0 60.2 65.0 8.6 0.0
1 394.916666667 2.0 61.2 59.0 3.6 0.032
1 464.0 3.0 48.0 63.0 1.0 0.0
1 440.2 0.0 59.4 64.2 8.6 0.0
2 505.142857143 0.0 55.6 81.2 3.2 0.0
3 772.0 3.0 53.0 80.4 6.0 0.104
3 435.0 2.0 65.8 68.8 5.6 0.0
1 455.833333333 0.0 60.0 45.0 7.8 0.0
1 617.5 2.0 67.0 68.0 8.0 0.0
0 427.0 2.0 69.2 72.8 5.2 0.0
1 452.0 2.0 69.0 32.0 6.6 0.0
1 934.0 0.0 59.4 67.6 8.2 0.0
3 437.0 0.0 61.4 73.0 8.2 0.0
2 547.333333333 2.0 57.8 36.0 6.0 0.0
0 1362.0 2.0 66.4 71.8 6.0 0.0
2 261.0 0.0 58.4 68.8 5.0 0.0
1 406.076923077 2.0 61.8 69.2 3.4 0.0
3 469.0 0.0 51.0 62.0 1.0 0.0
0 242.0 0.0 60.0 74.0 9.6 0.0
0 630.0 1.0 65.6 69.8 8.6 0.0
0 243.0 3.0 41.0 60.2 1.2 0.0
2 706.0 2.0 68.6 67.2 7.8 0.0
3 414.25 2.0 69.2 70.4 5.0 0.0
3 469.0 2.0 69.6 68.8 4.8 0.0
