2 344.0 0.0 61.0 71.0 13.0 0.0
3 179.0 1.0 68.0 66.0 7.4 0.0
0 786.0 0.0 46.4 37.2 6.2 0.0
2 957.0 0.0 63.6 70.6 8.0 0.0
2 1242.33333333 0.0 57.0 74.4 5.6 0.0
2 630.636363636 0.0 53.8 57.8 9.0 0.0
3 766.0 0.0 67.8 42.8 4.8 0.0
2 264.5 0.0 60.0 45.0 7.8 0.0
1 505.6 0.0 56.4 67.4 4.2 0.0
0 344.0 1.0 69.8 67.8 7.6 0.0
3 3749.5 1.0 64.0 53.4 7.2 0.0
2 435.625 3.0 52.6 82.2 3.0 0.172
3 610.0 0.0 61.6 64.8 8.2 0.004
0 239.0 0.0 57.4 71.2 5.6 0.0
1 1632.0 1.0 69.8 71.2 6.6 0.0
1 470.866666667 0.0 57.2 70.6 8.0 0.0
2 700.571428571 2.0 58.6 81.0 6.6 0.226
1 437.166666667 0.0 62.4 71.8 6.0 0.056
2 970.25 0.0 50.2 91.2 2.2 0.0
3 1464.0 1.0 62.6 66.8 8.0 0.0
1 547.333333333 2.0 59.8 70.0 3.0 0.0
1 549.0 1.0 68.0 70.8 7.4 0.0
0 339.0 2.0 64.2 43.4 3.2 0.0
1 642.4 3.0 56.0 76.6 8.6 0.306
1 615.75 2.0 72.2 70.0 7.6 0.0
0 323.5 0.0 61.6 77.2 18.0 0.696
1 1431.8 2.0 62.6 71.4 6.2 0.002
2 435.75 0.0 56.0 84.6 5.2 0.0
2 469.5 2.0 60.0 66.0 7.0 0.0
0 397.5 0.0 54.6 52.0 3.4 0.0
0 391.0 0.0 56.6 46.2 3.6 0.0
0 244.5 1.0 63.2 70.4 9.6 0.0
1 493.857142857 0.0 61.6 42.8 10.6 0.0
3 471.0 1.0 67.8 68.8 6.8 0.0
0 485.0 2.0 72.0 57.2 3.6 0.0
2 555.75 1.0 65.6 57.4 6.6 0.0
3 643.0 3.0 52.6 82.2 3.0 0.172
3 369.0 0.0 54.0 63.0 13.0 0.0
2 503.666666667 2.0 61.2 59.0 3.6 0.032
3 629.0 0.0 63.2 62.2 5.6 0.0
1 367.666666667 2.0 52.2 67.0 2.0 0.0
3 992.75 1.0 70.4 73.2 7.4 0.0
3 566.5 0.0 57.4 57.6 8.6 0.0
3 717.0 3.0 55.8 80.6 9.4 0.114
2 556.75 2.0 65.8 68.8 5.6 0.0
0 669.0 1.0 65.6 57.4 6.6 0.0
1 440.25 0.0 53.8 76.8 3.4 0.0
3 371.25 3.0 53.0 85.0 14.0 1.09
0 265.0 0.0 64.2 44.2 9.0 0.0
2 599.071428571 2.0 62.8 50.8 6.4 0.0
0 270.0 3.0 60.8 84.2 10.8 0.93
1 750.714285714 1.0 62.4 67.4 8.0 0.0
0 502.0 1.0 68.6 58.8 7.0 0.0
3 426.5 0.0 55.6 61.4 3.8 0.0
1 578.5 0.0 55.2 73.8 2.0 0.0
3 491.0 2.0 56.0 85.8 3.4 0.184
2 1794.14285714 1.0 66.8 72.4 7.2 0.0
1 319.0 0.0 42.8 69.4 2.0 0.0
1 1056.0 1.0 73.0 68.8 5.6 0.0
3 142.0 0.0 60.0 70.0 6.0 0.0
2 1665.16666667 2.0 56.6 69.0 5.2 0.0
3 290.0 0.0 57.4 60.6 4.4 0.0
1 707.777777778 0.0 55.0 86.0 5.0 0.0
3 471.0 2.0 67.2 67.8 5.6 0.0
1 283.6 0.0 63.0 66.2 7.2 0.0
1 507.5 0.0 52.8 71.0 4.4 0.0
2 391.0 1.0 69.6 56.8 6.8 0.0
1 409.230769231 2.0 54.8 53.8 4.8 0.0
2 551.6 1.0 61.0 70.0 14.0 0.0
2 529.916666667 2.0 65.6 74.6 4.4 0.0
3 402.5 2.0 60.4 64.8 5.6 0.0
3 993.0 2.0 68.0 65.8 9.0 0.0
1 396.818181818 0.0 58.4 50.0 4.4 0.0
3 708.333333333 2.0 65.2 42.4 2.4 0.0
3 507.5 0.0 58.0 65.8 7.8 0.0
2 389.733333333 0.0 53.6 70.2 3.0 0.0
1 595.5 0.0 54.4 85.4 3.6 0.002
3 761.0 0.0 50.8 48.6 1.8 0.0
3 499.5 2.0 70.0 66.8 4.6 0.0
2 479.0 2.0 57.8 36.0 6.0 0.0
1 533.363636364 1.0 69.0 73.0 6.8 0.0
1 613.888888889 1.0 69.2 67.4 8.4 0.0
3 704.0 2.0 59.0 54.0 4.0 0.0
0 503.0 1.0 68.0 70.4 8.0 0.0
2 519.25 0.0 57.0 72.0 7.0 0.0
3 896.0 0.0 50.0 58.0 5.0 0.0
1 1569.6 0.0 59.8 65.2 3.4 0.0
1 367.5 2.0 71.8 53.2 3.8 0.0
2 538.875 0.0 53.0 76.6 5.0 0.004
2 460.6 0.0 61.0 56.4 6.0 0.0
1 698.5 3.0 54.0 72.0 6.0 0.19
3 510.0 0.0 62.4 62.8 4.4 0.0
0 400.0 2.0 57.6 65.8 9.6 0.0
1 459.222222222 2.0 64.8 71.0 7.6 0.0
1 495.0 0.0 52.4 60.8 2.2 0.0
2 2728.66666667 0.0 55.4 68.6 7.4 0.008
3 308.0 2.0 65.4 70.0 6.8 0.0
1 553.75 0.0 57.2 73.6 2.8 0.0
3 510.0 0.0 57.8 68.0 9.0 0.0
1 527.444444444 1.0 65.2 63.8 10.2 0.0
0 233.0 0.0 57.0 55.4 3.2 0.0
0 428.333333333 0.0 63.0 63.6 7.6 0.0
2 461.181818182 2.0 53.0 69.2 1.0 0.0
3 318.0 0.0 53.6 70.2 3.0 0.0
0 469.0 3.0 41.0 60.2 1.2 0.0
1 923.0 2.0 56.6 66.6 2.4 0.0
0 206.0 2.0 60.0 66.8 5.2 0.0
0 480.0 2.0 65.0 64.6 9.6 0.0
1 502.444444444 1.0 67.6 71.0 8.0 0.0
3 764.0 0.0 66.0 66.0 5.0 0.0
3 557.333333333 0.0 57.4 53.0 6.2 0.0
2 546.5 2.0 60.8 58.6 3.2 0.0
1 492.5 2.0 65.2 72.2 3.2 0.002
2 1898.6 0.0 63.2 62.2 5.6 0.0
0 320.0 2.0 70.6 73.4 6.6 0.002
1 459.4 3.0 52.6 46.0 2.0 0.0
0 264.0 0.0 54.6 80.0 2.4 0.0
3 145.0 3.0 53.0 80.4 6.0 0.104
3 206.0 0.0 69.4 63.8 5.0 0.0
2 1997.0 2.0 63.8 75.4 8.2 0.0
3 3907.0 2.0 70.8 74.0 7.4 0.0
3 723.0 0.0 50.8 71.8 4.6 0.0
2 600.2 0.0 67.4 59.0 6.8 0.0
1 579.181818182 0.0 63.2 62.4 6.4 0.0
1 388.166666667 0.0 52.0 74.2 2.6 0.0
2 469.5 0.0 58.0 72.0 11.0 0.0
2 746.7 0.0 62.4 55.4 5.8 0.0
3 337.0 0.0 59.8 67.2 8.2 0.0
3 4655.0 1.0 65.6 72.4 6.8 0.0
0 470.0 2.0 69.2 53.0 4.8 0.0
0 349.0 1.0 69.0 73.0 6.8 0.0
3 512.0 2.0 68.2 75.2 5.8 0.0
0 323.333333333 0.0 60.2 65.0 8.6 0.0
0 440.0 2.0 55.6 64.6 6.4 0.002
0 436.25 1.0 66.8 72.4 7.2 0.0
2 400.875 0.0 61.0 64.0 17.0 0.0
1 1347.66666667 2.0 55.4 68.0 3.6 0.0
2 562.125 0.0 63.0 57.2 7.8 0.0
2 461.5 2.0 62.8 64.0 3.0 0.0
1 491.571428571 2.0 62.0 64.2 3.4 0.0
2 315.0 0.0 61.2 70.0 6.0 0.0
0 497.0 0.0 61.6 64.8 8.2 0.004
2 434.333333333 2.0 69.8 54.2 4.2 0.0
1 491.214285714 2.0 61.8 69.2 3.4 0.0
1 477.875 2.0 58.6 78.4 4.2 0.0
3 258.0 2.0 60.0 66.8 5.2 0.0
1 441.6 2.0 60.8 76.4 3.0 0.0
3 15666.3333333 2.0 64.2 43.4 3.2 0.0
2 466.666666667 0.0 53.0 54.6 1.4 0.0
1 600.1 3.0 58.8 83.0 2.8 0.0
2 506.923076923 3.0 57.0 89.0 3.0 0.0
3 222.0 1.0 64.2 70.6 8.0 0.0
1 517.3 0.0 67.0 49.6 6.0 0.0
2 447.0 0.0 55.2 73.8 2.0 0.0
3 648.0 2.0 58.4 78.2 3.8 0.0
2 567.666666667 0.0 53.2 55.0 1.8 0.0
2 2599.6 2.0 72.0 57.2 3.6 0.0
1 286.5 0.0 54.0 69.0 10.0 0.0
2 763.363636364 0.0 57.8 47.8 6.8 0.0
0 317.0 0.0 59.6 66.8 6.2 0.0
1 541.625 2.0 69.2 70.4 6.8 0.0
1 1385.83333333 1.0 72.4 64.6 6.6 0.0
1 524.875 0.0 75.0 43.0 6.0 0.0
1 1923.25 2.0 63.0 79.6 6.4 0.0
2 768.625 0.0 57.8 68.0 9.0 0.0
1 248.5 0.0 53.4 70.4 7.4 0.0
0 435.0 0.0 58.0 68.4 9.0 0.0
2 515.0 3.0 44.4 59.4 1.4 0.0
1 503.4 2.0 60.6 58.2 2.0 0.0
0 408.0 1.0 67.8 72.0 8.6 0.0
1 446.0 0.0 52.8 70.0 1.8 0.0
1 688.6 3.0 52.0 59.0 2.0 0.0
3 364.8 2.0 62.0 47.0 13.0 0.0
1 329.0 2.0 61.8 73.6 1.4 0.0
2 511.142857143 2.0 63.0 60.2 6.4 0.0
0 485.0 0.0 52.8 70.2 6.6 0.008
1 507.375 1.0 69.8 67.8 7.6 0.0
3 405.0 3.0 43.0 45.0 4.0 0.0
3 621.5 1.0 67.2 67.6 9.0 0.0
2 533.0 2.0 66.0 69.0 10.0 0.0
3 355.0 0.0 59.6 82.4 7.8 0.09
0 480.0 2.0 69.8 54.2 4.2 0.0
2 630.0 3.0 51.4 63.4 1.2 0.0
1 340.0 2.0 69.0 76.8 6.4 0.0
2 469.0 0.0 56.0 53.4 8.0 0.0
2 798.8 0.0 57.6 65.4 6.0 0.0
1 633.0 2.0 71.6 43.0 3.6 0.0
3 207.0 1.0 68.0 69.8 7.2 0.0
3 612.0 0.0 58.8 61.6 12.2 0.016
3 506.0 2.0 63.0 30.0 14.0 0.0
0 389.5 2.0 70.2 64.4 4.2 0.0
1 526.714285714 0.0 64.8 46.8 8.4 0.0
1 455.0 0.0 67.8 42.8 4.8 0.0
1 1442.0 0.0 60.8 56.6 8.4 0.0
2 404.25 0.0 62.2 60.0 5.8 0.0
3 594.0 0.0 52.6 66.8 2.6 0.0
3 1036.0 0.0 51.4 77.6 9.6 0.268
0 465.0 0.0 69.4 63.8 5.0 0.0
1 479.0 0.0 57.4 57.6 8.6 0.0
0 320.0 3.0 52.0 64.0 2.0 0.0
0 504.0 2.0 55.4 66.0 6.0 0.0
1 402.111111111 1.0 69.4 72.2 6.4 0.0
1 324.666666667 2.0 55.0 56.0 9.0 0.0
1 483.6 2.0 68.6 64.0 5.8 0.0
0 283.5 0.0 51.8 77.6 1.6 0.0
1 3706.0 1.0 65.6 71.4 9.4 0.0
1 607.571428571 0.0 62.2 68.4 5.6 0.0
1 444.0 2.0 63.2 68.8 8.8 0.0
1 222.5 1.0 65.0 66.4 6.6 0.0
3 618.5 0.0 56.0 84.6 5.2 0.0
1 417.571428571 1.0 69.8 70.8 6.6 0.0
0 322.0 0.0 61.4 55.0 10.0 0.0
2 537.625 0.0 61.4 55.0 10.0 0.0
2 488.727272727 2.0 69.0 32.0 6.6 0.0
0 756.0 2.0 57.8 77.2 3.4 0.0
3 103.0 1.0 68.0 70.8 7.4 0.0
2 454.666666667 0.0 60.2 60.6 9.2 0.0
2 559.0 2.0 70.0 66.8 4.6 0.0
1 588.333333333 0.0 55.8 62.0 6.6 0.002
2 442.166666667 2.0 58.2 70.0 4.0 0.0
3 278.0 0.0 58.8 70.0 6.8 0.0
1 860.0 0.0 58.8 75.6 6.4 0.004
0 767.0 3.0 61.6 80.6 4.6 0.006
3 525.5 1.0 65.6 57.4 6.6 0.0
2 857.25 1.0 73.4 60.8 5.4 0.0
0 611.0 0.0 55.2 76.8 8.4 0.22
2 360.571428571 0.0 56.8 69.0 8.6 0.0
3 391.5 2.0 60.6 68.2 3.8 0.0
3 282.0 0.0 57.4 68.2 7.0 0.0
0 487.0 0.0 56.6 71.0 8.2 0.01
1 602.375 0.0 60.2 70.0 6.6 0.0
1 238.0 1.0 69.0 72.2 6.8 0.0
0 419.0 0.0 60.6 85.0 4.2 0.004
2 721.5 0.0 56.4 45.6 2.4 0.0
1 920.75 0.0 62.4 85.8 6.6 0.086
0 325.0 0.0 56.2 47.0 1.8 0.0
2 530.166666667 2.0 59.2 62.4 4.2 0.0
1 489.2 0.0 70.0 48.0 5.2 0.0
1 629.6 0.0 63.0 63.6 7.6 0.0
2 403.2 2.0 64.8 71.0 7.6 0.0
0 330.5 2.0 69.2 70.4 6.8 0.0
0 457.0 0.0 56.8 47.4 11.6 0.0
2 2847.66666667 2.0 65.6 75.0 8.0 0.0
1 564.0 0.0 65.2 58.0 5.2 0.0
3 203.0 0.0 58.2 57.0 3.0 0.0
2 478.0 0.0 52.0 74.2 2.6 0.0
3 205.5 0.0 58.8 65.8 6.2 0.006
2 389.5 0.0 46.4 51.4 13.6 0.0
1 531.0 1.0 66.6 73.2 7.4 0.0
3 691.0 0.0 57.0 59.8 6.2 0.0
2 442.545454545 0.0 60.2 76.8 6.4 0.0
3 563.0 0.0 58.8 75.6 6.4 0.004
2 4430.0 0.0 41.8 64.6 2.0 0.0
2 978.3 1.0 66.8 68.8 7.4 0.0
2 547.75 1.0 66.2 62.2 7.6 0.0
3 360.5 0.0 60.2 65.0 8.6 0.0
0 461.0 3.0 51.4 61.8 1.2 0.0
1 514.714285714 0.0 51.0 65.0 3.0 0.0
1 577.0 1.0 77.2 53.0 6.0 0.0
1 483.0 1.0 68.0 70.4 8.0 0.0
1 4271.55555556 0.0 62.4 66.2 5.8 0.0
3 637.5 2.0 66.4 71.8 6.0 0.0
2 477.272727273 0.0 50.0 60.8 1.2 0.0
2 506.666666667 0.0 45.8 74.0 2.4 0.0
0 284.5 0.0 53.4 52.6 2.2 0.0
2 494.666666667 0.0 59.2 60.6 9.4 0.0
1 1083.0 0.0 52.8 65.8 4.4 0.0
3 819.0 2.0 53.0 72.2 2.0 0.0
2 657.111111111 0.0 58.8 61.6 12.2 0.016
2 593.0 1.0 75.2 63.0 6.4 0.0
3 165.5 0.0 64.8 68.8 7.6 0.0
0 341.0 2.0 67.0 58.0 10.0 0.0
1 578.571428571 2.0 59.6 78.8 3.6 0.004
1 403.25 3.0 54.6 69.6 2.0 0.0
3 1051.0 2.0 56.0 80.2 3.0 0.002
3 626.0 2.0 58.0 66.0 7.0 0.0
2 651.0 1.0 65.6 71.4 9.4 0.0
2 1543.0 3.0 48.0 71.2 2.2 0.0
0 595.5 3.0 54.0 80.0 14.0 0.0
1 477.181818182 3.0 50.0 66.6 8.4 0.0
3 1258.5 2.0 63.4 76.6 6.2 0.35
3 540.0 2.0 63.0 60.2 6.4 0.0
2 821.166666667 3.0 59.8 81.2 3.0 0.028
1 724.571428571 2.0 76.2 52.8 4.2 0.0
2 702.0 3.0 43.6 65.4 5.4 0.122
0 475.0 1.0 68.0 66.8 7.8 0.0
1 624.5 0.0 61.4 73.0 8.2 0.0
3 719.0 0.0 59.2 62.2 6.2 0.0
2 427.416666667 3.0 49.0 70.0 10.0 0.0
2 490.0 2.0 55.2 52.2 3.6 0.0
1 545.0 3.0 59.8 81.2 3.0 0.028
2 743.75 2.0 57.6 66.8 2.0 0.0
0 345.0 1.0 67.6 72.0 7.6 0.0
3 380.0 0.0 61.0 66.0 5.0 0.0
0 549.0 2.0 62.0 64.2 3.4 0.0
3 339.5 1.0 73.0 68.8 5.6 0.0
2 620.0 0.0 43.0 66.0 2.0 0.0
3 447.5 2.0 69.6 68.4 7.0 0.0
1 426.0 1.0 64.0 53.4 7.2 0.0
2 468.666666667 3.0 44.8 62.4 2.4 0.0
1 611.125 0.0 56.0 61.0 4.4 0.0
0 338.0 1.0 68.2 68.8 8.0 0.0
1 401.25 0.0 53.4 85.8 3.0 0.0
2 431.444444444 1.0 67.6 71.8 6.0 0.0
3 223.0 1.0 63.6 62.8 9.0 0.0
1 788.0 3.0 61.6 80.6 4.6 0.006
3 425.5 0.0 75.4 45.6 4.4 0.0
0 444.0 0.0 56.0 84.6 5.2 0.0
0 419.0 3.0 50.0 66.6 8.4 0.0
1 537.916666667 0.0 60.8 67.4 6.6 0.0
0 498.0 0.0 51.2 61.6 0.8 0.0
2 320.0 0.0 57.4 68.2 7.0 0.0
1 502.272727273 2.0 60.8 58.6 3.2 0.0
2 420.666666667 2.0 70.6 73.4 6.6 0.002
1 777.666666667 0.0 61.4 71.8 6.4 0.012
1 801.0 2.0 66.2 73.6 6.2 0.0
3 1653.5 0.0 65.4 31.2 10.6 0.0
1 489.666666667 2.0 56.6 69.0 5.2 0.0
2 692.125 1.0 65.0 70.0 5.8 0.0
1 469.8 0.0 56.2 47.0 1.8 0.0
1 658.75 0.0 51.4 71.6 3.0 0.0
3 348.0 0.0 59.8 57.8 6.2 0.0
3 593.0 1.0 70.6 60.2 6.2 0.0
2 1026.5 0.0 60.0 66.4 7.4 0.0
3 318.0 3.0 52.2 66.4 1.2 0.0
1 571.307692308 0.0 56.8 47.4 11.6 0.0
2 491.333333333 2.0 60.2 70.2 6.8 0.042
0 437.5 0.0 75.4 35.6 5.2 0.0
2 483.5 2.0 57.0 75.2 5.8 0.01
1 550.1 0.0 57.6 55.8 14.2 0.0
1 553.909090909 0.0 49.6 73.2 3.0 0.0
2 939.2 2.0 60.6 63.0 4.2 0.0
0 410.333333333 0.0 57.6 55.8 14.2 0.0
1 382.666666667 0.0 41.8 64.6 2.0 0.0
0 488.5 0.0 52.6 66.8 2.6 0.0
0 461.666666667 1.0 62.6 66.8 8.0 0.0
2 1131.0 2.0 68.6 68.8 5.8 0.0
3 502.0 1.0 74.2 60.2 6.0 0.0
2 575.5 2.0 67.2 40.2 2.8 0.002
2 492.4 2.0 68.6 67.2 7.8 0.0
1 446.25 0.0 58.4 63.4 8.4 0.0
2 967.142857143 0.0 57.0 77.0 15.0 0.14
0 293.5 2.0 65.4 76.0 6.2 0.32
1 640.2 1.0 67.2 67.6 9.0 0.0
2 492.444444444 0.0 60.8 68.2 6.8 0.0
3 682.5 0.0 57.2 73.6 2.8 0.0
2 381.666666667 2.0 63.0 74.0 6.0 0.0
3 303.333333333 1.0 67.2 69.8 9.4 0.004
1 442.777777778 2.0 65.0 74.0 7.0 0.0
0 524.0 0.0 59.4 47.4 4.0 0.0
1 518.571428571 2.0 64.0 49.0 5.0 0.0
2 451.7 2.0 56.0 64.8 3.4 0.0
3 878.0 2.0 69.6 68.8 4.8 0.0
0 469.0 0.0 60.2 60.0 5.4 0.0
0 484.0 1.0 64.2 69.0 7.8 0.0
2 435.8 0.0 54.4 66.8 4.8 0.0
1 552.714285714 0.0 60.8 74.8 3.2 0.0
1 2754.42857143 2.0 53.8 54.2 2.2 0.0
1 730.666666667 0.0 56.8 69.0 8.6 0.0
3 638.0 0.0 55.4 89.2 2.6 0.0
1 727.285714286 0.0 58.0 65.8 7.8 0.0
0 431.0 0.0 60.4 78.8 7.2 0.0
2 1908.28571429 3.0 48.0 62.0 1.0 0.0
3 240.0 2.0 55.2 52.2 3.6 0.0
1 564.818181818 2.0 56.2 82.2 4.8 0.0
0 818.5 2.0 61.4 61.0 3.6 0.0
3 368.5 0.0 62.0 65.0 16.0 0.0
1 611.1 0.0 53.6 70.2 3.0 0.0
2 747.857142857 0.0 55.8 81.4 3.4 0.006
1 486.15 2.0 60.0 73.6 3.2 0.0
2 1535.8 1.0 70.6 60.2 6.2 0.0
0 319.0 0.0 75.4 45.6 4.4 0.0
0 496.0 3.0 40.6 50.8 2.2 0.0
0 444.0 2.0 57.8 61.4 2.4 0.0
1 2022.33333333 0.0 54.0 68.6 5.8 0.0
3 686.666666667 0.0 56.2 47.0 1.8 0.0
0 461.0 0.0 61.8 48.6 4.6 0.0
1 404.4 0.0 65.4 31.2 10.6 0.0
2 168.5 3.0 58.2 86.0 7.0 0.94
0 455.0 0.0 60.6 58.2 6.8 0.0
2 501.8 2.0 68.6 73.6 6.2 0.0
2 457.071428571 2.0 71.4 67.6 4.6 0.0
3 518.0 0.0 48.8 70.8 5.8 0.0
0 298.0 2.0 59.2 73.8 4.2 0.0
3 422.0 2.0 65.0 64.6 9.6 0.0
1 527.0 1.0 65.6 57.4 6.6 0.0
3 569.0 2.0 72.2 70.0 7.6 0.0
1 627.461538462 2.0 67.4 64.2 5.6 0.0
3 281.0 2.0 56.0 64.8 3.4 0.0
2 2737.83333333 0.0 52.4 62.2 7.0 0.002
1 424.166666667 0.0 66.0 61.0 8.0 0.0
2 545.6 2.0 68.6 64.0 5.8 0.0
3 407.0 1.0 67.2 69.0 6.2 0.0
1 368.4 1.0 67.6 66.8 6.2 0.0
1 326.0 2.0 68.6 67.2 7.8 0.0
0 347.333333333 2.0 59.0 50.6 1.2 0.0
2 560.0 3.0 43.2 51.0 3.4 0.0
1 1500.2 0.0 59.6 71.2 8.4 0.0
3 365.0 2.0 62.6 71.4 6.2 0.002
2 685.857142857 0.0 62.8 67.0 3.4 0.0
2 681.272727273 3.0 40.2 49.2 4.2 0.0
2 543.111111111 2.0 56.0 80.2 3.0 0.002
3 485.5 0.0 50.0 60.8 1.2 0.0
2 261.333333333 0.0 63.0 68.0 4.8 0.0
2 267.2 0.0 48.8 60.2 4.6 0.0
0 522.0 2.0 68.6 71.2 7.2 0.0
2 418.090909091 2.0 71.6 65.2 6.4 0.0
1 480.0 3.0 58.0 83.0 2.2 0.004
1 516.636363636 0.0 59.2 68.6 8.2 0.02
2 548.0625 2.0 64.2 43.4 3.2 0.0
2 505.0 0.0 57.8 67.0 3.6 0.0
0 463.0 0.0 72.8 36.6 5.0 0.0
1 457.111111111 1.0 64.2 69.0 7.8 0.0
1 570.909090909 0.0 53.0 76.6 5.0 0.004
2 558.090909091 1.0 69.8 67.8 7.6 0.0
0 331.0 2.0 65.6 74.6 4.4 0.0
1 1408.75 0.0 57.4 68.2 7.0 0.0
1 645.125 0.0 60.0 69.2 13.0 0.0
2 684.090909091 0.0 53.8 57.0 3.0 0.0
2 693.75 1.0 73.0 68.8 5.6 0.0
3 319.0 1.0 66.8 72.4 7.2 0.0
1 464.75 0.0 60.8 68.2 6.8 0.0
1 333.0 2.0 55.2 75.8 7.8 0.002
1 284.0 0.0 57.4 75.6 7.0 0.014
2 495.333333333 0.0 47.0 70.0 4.2 0.0
3 875.0 3.0 50.2 54.2 8.2 0.0
1 598.75 0.0 58.4 81.6 3.2 0.0
2 509.727272727 2.0 54.8 63.2 2.4 0.0
3 561.0 0.0 61.0 40.0 11.0 0.0
2 927.666666667 0.0 54.6 60.6 3.4 0.0
2 2005.0 2.0 68.2 75.2 5.8 0.0
3 662.0 0.0 53.0 58.0 1.0 0.0
0 378.0 0.0 63.2 62.4 6.4 0.0
1 893.2 1.0 72.6 66.6 7.4 0.0
2 532.6 0.0 55.4 72.6 2.8 0.0
2 492.125 0.0 51.0 60.8 1.8 0.0
2 5347.0 0.0 56.4 67.4 4.2 0.0
2 434.5 3.0 58.0 76.2 2.8 0.004
1 509.833333333 0.0 54.0 72.0 4.4 0.0
3 197.0 0.0 59.4 69.8 10.0 0.054
1 570.0 1.0 61.0 70.0 14.0 0.0
3 613.333333333 3.0 59.6 79.4 7.4 0.002
2 261.0 3.0 52.6 46.0 2.0 0.0
0 267.5 0.0 58.4 63.4 8.4 0.0
3 229.0 1.0 69.4 72.8 7.6 0.0
3 582.25 1.0 69.0 71.0 8.0 0.0
2 517.8 0.0 62.4 85.8 6.6 0.086
0 302.5 0.0 64.6 67.0 8.2 0.0
1 427.3 2.0 55.2 78.6 4.0 0.0
2 467.75 0.0 55.2 76.8 8.4 0.22
2 2465.66666667 2.0 53.8 54.2 2.2 0.0
0 545.5 0.0 62.2 68.4 5.6 0.0
2 514.8 0.0 55.2 68.0 6.0 0.048
2 539.083333333 2.0 67.6 72.2 7.0 0.0
2 6008.83333333 0.0 61.6 42.8 10.6 0.0
2 441.714285714 0.0 62.2 64.0 11.6 0.0
0 558.0 0.0 61.0 56.4 6.0 0.0
1 409.538461538 0.0 47.4 70.4 4.6 0.022
3 1785.14285714 0.0 60.2 72.8 2.4 0.0
3 617.0 0.0 58.0 78.2 4.4 0.0
0 556.0 1.0 67.2 69.8 9.4 0.004
0 399.0 1.0 67.6 71.8 6.0 0.0
3 533.5 3.0 54.6 69.6 2.0 0.0
1 452.625 3.0 46.0 46.0 5.0 0.0
1 522.1 0.0 58.8 65.8 6.2 0.006
3 574.0 3.0 48.0 71.2 2.2 0.0
2 511.3 2.0 62.0 64.2 3.4 0.0
2 1429.0 3.0 51.6 56.8 10.4 0.0
1 502.142857143 2.0 74.0 41.4 3.6 0.0
3 549.0 1.0 65.0 68.0 10.0 0.0
3 1120.75 0.0 55.2 74.6 3.6 0.002
2 488.4 2.0 62.0 61.6 2.2 0.0
2 5290.75 1.0 70.0 73.2 9.0 0.0
0 322.5 2.0 65.2 72.6 5.0 0.0
3 703.0 2.0 62.0 60.2 11.8 0.0
0 304.0 3.0 58.8 83.0 2.8 0.0
1 1917.0 0.0 59.4 60.4 3.6 0.0
1 432.0 0.0 56.6 73.2 3.4 0.0
1 426.166666667 2.0 53.0 69.2 1.0 0.0
2 754.153846154 0.0 62.4 66.2 5.8 0.0
2 483.5 0.0 52.8 71.0 4.4 0.0
1 455.833333333 1.0 68.6 70.2 8.2 0.0
1 500.428571429 0.0 53.2 55.0 1.8 0.0
1 481.333333333 3.0 55.0 78.2 7.2 0.024
2 450.333333333 0.0 55.6 81.2 3.2 0.0
2 296.0 0.0 61.4 71.8 6.4 0.012
0 470.0 0.0 57.8 78.6 3.6 0.0
2 1868.25 0.0 60.8 56.6 8.4 0.0
0 424.5 2.0 62.8 50.8 6.4 0.0
0 478.0 2.0 67.2 73.2 5.6 0.0
0 109.0 3.0 62.8 79.4 5.0 0.094
2 521.0 0.0 57.0 60.6 3.8 0.0
0 507.0 2.0 60.4 62.6 4.4 0.0
3 697.0 2.0 65.8 66.2 4.6 0.0
2 336.0 0.0 61.4 72.8 6.2 0.0
2 406.0 2.0 62.6 74.2 6.0 0.006
2 485.666666667 0.0 56.0 86.0 5.0 0.0
1 597.6 0.0 57.0 57.0 13.0 0.0
3 1358.0 0.0 54.6 60.6 3.4 0.0
1 754.875 0.0 54.6 60.6 3.4 0.0
2 661.733333333 2.0 62.6 64.8 4.4 0.0
2 509.666666667 0.0 64.8 68.8 7.6 0.0
2 644.333333333 0.0 53.4 85.8 3.0 0.0
1 940.428571429 0.0 59.4 77.0 4.6 0.0
0 293.0 0.0 59.6 70.2 7.8 0.004
3 2129.0 0.0 59.6 66.8 6.2 0.0
0 478.0 3.0 51.4 60.0 1.0 0.0
1 610.714285714 2.0 62.8 50.8 6.4 0.0
1 539.0 0.0 58.8 70.0 6.8 0.0
0 311.666666667 0.0 62.2 60.0 5.8 0.0
3 1158.5 2.0 62.0 61.6 2.2 0.0
1 592.75 0.0 59.4 64.2 8.6 0.0
3 276.0 0.0 62.4 66.2 5.8 0.0
2 510.125 1.0 71.4 69.4 5.8 0.0
0 429.0 0.0 60.2 72.0 11.0 0.092
3 445.0 0.0 50.8 80.8 2.8 0.0
3 289.0 2.0 59.8 85.6 5.8 0.194
0 342.0 2.0 67.4 74.0 6.8 0.0
3 381.0 0.0 53.2 55.0 1.8 0.0
3 763.25 2.0 67.0 43.6 4.4 0.0
2 568.0 0.0 57.6 67.8 5.2 0.0
3 297.0 1.0 65.0 66.4 6.6 0.0
1 847.5 3.0 53.2 63.8 1.6 0.0
1 578.6 2.0 65.2 72.6 5.0 0.0
1 388.5 2.0 57.8 36.0 6.0 0.0
1 600.333333333 2.0 66.0 64.0 9.6 0.0
3 386.0 1.0 68.8 70.2 7.2 0.0
2 326.8 0.0 52.0 68.2 4.6 0.02
3 365.333333333 0.0 60.6 85.0 4.2 0.004
3 513.0 0.0 54.6 80.0 2.4 0.0
1 492.444444444 0.0 62.2 64.0 11.6 0.0
1 413.0 0.0 57.4 67.2 5.6 0.0
1 811.333333333 0.0 59.0 71.8 8.2 0.0
0 543.0 0.0 53.6 82.6 3.0 0.0
3 807.5 0.0 53.0 76.6 5.0 0.004
3 1184.0 0.0 62.0 65.4 9.4 0.0
1 506.6 2.0 56.8 88.4 5.4 0.348
2 571.0625 2.0 69.6 68.4 7.0 0.0
0 494.5 1.0 71.0 69.0 7.6 0.0
2 498.5 1.0 66.0 69.4 7.6 0.0
3 572.5 2.0 69.0 32.0 6.6 0.0
1 1159.5 0.0 62.4 62.2 5.4 0.0
0 353.0 2.0 54.8 63.2 2.4 0.0
1 423.333333333 0.0 50.6 85.6 7.2 0.458
2 469.5 0.0 59.0 73.0 6.0 0.0
3 749.333333333 2.0 60.6 58.2 2.0 0.0
1 514.833333333 3.0 53.0 52.0 12.0 0.0
3 2477.5 2.0 67.2 71.2 7.2 0.0
2 577.25 2.0 65.6 70.6 4.8 0.0
0 461.0 0.0 62.2 64.0 11.6 0.0
3 174.0 0.0 62.8 67.0 3.4 0.0
2 4301.25 2.0 54.6 66.8 1.6 0.0
3 1568.0 1.0 66.2 71.4 8.4 0.0
0 323.0 1.0 69.4 72.8 7.6 0.0
2 410.857142857 0.0 50.6 85.6 7.2 0.458
2 480.666666667 0.0 58.2 73.4 1.8 0.0
2 430.6 3.0 56.0 85.0 12.0 0.25
1 497.8 2.0 53.4 63.6 3.2 0.0
3 643.0 0.0 56.6 46.2 3.6 0.0
3 615.0 0.0 61.4 69.6 5.2 0.0
3 522.0 2.0 68.6 56.8 5.0 0.0
3 468.0 0.0 55.0 73.0 11.0 0.0
0 184.0 0.0 60.0 69.2 13.0 0.0
2 1052.75 0.0 58.2 57.0 3.0 0.0
2 1119.0 2.0 67.2 71.2 7.2 0.0
1 617.5 0.0 58.2 73.4 1.8 0.0
1 591.714285714 0.0 50.8 80.8 2.8 0.0
3 430.333333333 2.0 71.4 67.6 4.6 0.0
2 452.625 0.0 47.6 69.0 2.0 0.0
0 572.0 0.0 67.8 42.8 4.8 0.0
2 490.0 2.0 72.2 70.0 7.6 0.0
1 498.0 1.0 65.8 72.0 9.0 0.0
2 630.0 0.0 63.0 69.0 5.0 0.0
1 499.142857143 0.0 60.2 65.0 8.6 0.0
3 658.0 2.0 57.6 71.6 5.6 0.0
2 374.5 3.0 53.2 82.6 12.2 0.564
1 840.5 1.0 70.6 60.2 6.2 0.0
1 413.5 2.0 68.8 66.6 6.8 0.0
3 511.0 0.0 51.4 71.6 3.0 0.0
1 605.6 2.0 58.6 73.2 3.4 0.0
0 248.5 0.0 57.0 74.4 5.6 0.0
0 515.0 1.0 69.8 71.2 6.6 0.0
2 399.5 3.0 60.6 76.8 3.6 0.002
0 441.0 3.0 60.4 82.8 6.4 0.028
2 533.066666667 2.0 60.4 62.6 4.4 0.0
3 350.5 2.0 60.6 63.0 4.2 0.0
1 386.75 0.0 60.2 76.8 6.4 0.0
1 249.0 0.0 59.0 76.6 7.0 0.0
2 526.888888889 0.0 60.4 60.0 12.8 0.0
2 629.5 2.0 62.8 61.0 6.2 0.0
1 605.0 3.0 39.2 60.2 4.6 0.0
2 403.666666667 3.0 52.8 78.2 5.0 0.0
1 629.857142857 0.0 58.2 57.0 3.0 0.0
1 554.833333333 0.0 62.0 62.4 11.0 0.0
2 683.333333333 2.0 72.2 63.6 5.0 0.0
3 168.0 0.0 64.0 61.2 11.6 0.0
1 439.166666667 0.0 56.8 54.4 1.8 0.0
3 680.5 2.0 66.0 64.0 9.6 0.0
2 591.866666667 0.0 59.0 84.0 4.0 0.0
0 278.0 0.0 51.4 71.6 3.0 0.0
3 553.0 3.0 48.8 71.8 3.8 0.0
3 640.0 3.0 55.0 78.2 7.2 0.024
3 395.0 2.0 57.0 76.0 4.4 0.0
3 551.75 0.0 58.4 71.0 2.2 0.0
1 619.461538462 0.0 53.4 81.8 4.6 0.004
1 558.4 0.0 58.0 68.4 9.0 0.0
2 502.125 2.0 60.6 68.2 3.8 0.0
0 415.0 0.0 60.8 67.4 6.6 0.0
2 1228.0 0.0 58.4 68.8 5.0 0.0
3 266.0 0.0 57.6 55.8 14.2 0.0
3 609.0 1.0 69.6 66.0 7.0 0.0
1 143.0 0.0 55.4 89.2 2.6 0.0
1 468.5 0.0 52.4 62.2 7.0 0.002
1 409.5 3.0 43.8 63.8 8.6 0.064
1 442.875 0.0 59.0 89.0 8.0 0.0
1 464.6 2.0 67.2 35.6 2.4 0.0
1 524.818181818 1.0 67.2 69.8 9.4 0.004
2 735.333333333 0.0 54.0 68.6 5.8 0.0
0 250.0 2.0 63.4 76.6 6.2 0.35
2 621.0 3.0 55.0 78.2 7.2 0.024
2 450.555555556 1.0 67.6 66.8 6.2 0.0
0 414.75 2.0 63.0 60.2 6.4 0.0
1 580.833333333 2.0 56.0 80.2 3.0 0.002
0 599.0 0.0 55.2 68.0 6.0 0.048
2 822.692307692 0.0 56.6 46.2 3.6 0.0
0 370.5 2.0 68.6 64.0 5.8 0.0
0 452.0 0.0 52.8 67.2 3.2 0.0
2 645.666666667 2.0 54.0 60.0 4.0 0.0
1 519.888888889 0.0 61.8 48.6 4.6 0.0
3 745.5 0.0 52.8 71.0 4.4 0.0
3 223.0 2.0 56.2 82.2 4.8 0.0
0 390.5 1.0 66.2 73.2 7.8 0.0
0 273.0 2.0 60.4 64.8 5.6 0.0
2 341.0 0.0 57.2 74.2 7.8 0.19
3 681.5 2.0 51.6 69.0 1.4 0.0
3 426.0 1.0 66.2 62.2 7.6 0.0
0 505.0 2.0 68.8 66.6 6.8 0.0
2 794.0 2.0 69.0 76.8 6.4 0.0
1 748.857142857 1.0 70.6 65.4 8.0 0.002
2 917.6 1.0 65.0 72.0 9.0 0.0
2 375.7 2.0 53.4 63.6 3.2 0.0
0 337.333333333 0.0 60.8 68.2 6.8 0.0
2 582.1 1.0 67.2 67.6 9.0 0.0
2 647.2 0.0 59.2 77.0 6.4 0.008
1 326.0 0.0 56.8 79.6 10.8 0.544
3 265.0 0.0 60.2 72.0 11.0 0.092
3 545.8 2.0 58.2 70.0 4.0 0.0
3 497.666666667 2.0 62.8 61.0 6.2 0.0
1 669.0 0.0 51.8 84.6 2.0 0.004
1 538.444444444 2.0 58.2 70.0 4.0 0.0
0 268.0 2.0 62.0 61.6 2.2 0.0
2 532.75 3.0 60.8 84.2 10.8 0.93
3 406.0 0.0 60.8 72.8 5.4 0.0
2 397.416666667 0.0 57.4 57.6 8.6 0.0
1 330.333333333 1.0 65.6 72.4 6.8 0.0
1 764.5 2.0 72.2 63.6 5.0 0.0
1 478.692307692 2.0 67.0 43.6 4.4 0.0
3 714.0 0.0 52.8 65.8 4.4 0.0
2 1198.61111111 0.0 56.8 47.4 11.6 0.0
1 857.666666667 1.0 69.4 72.8 7.6 0.0
2 594.333333333 2.0 52.2 67.0 2.0 0.0
0 405.0 1.0 70.6 65.4 8.0 0.002
1 594.785714286 0.0 60.4 60.0 12.8 0.0
0 355.0 1.0 68.0 71.2 8.4 0.0
1 493.777777778 2.0 60.4 64.8 5.6 0.0
0 410.0 3.0 52.0 64.0 1.2 0.0
2 449.25 0.0 51.8 84.6 2.0 0.004
2 1467.4 0.0 62.0 62.2 5.6 0.0
3 448.666666667 1.0 69.0 73.0 6.8 0.0
1 668.25 1.0 67.0 71.0 10.0 0.0
1 689.875 0.0 59.6 66.8 6.2 0.0
1 484.25 2.0 65.0 64.6 9.6 0.0
3 798.0 0.0 58.4 68.8 5.0 0.0
2 362.4 2.0 60.4 64.8 5.6 0.0
1 770.571428571 2.0 55.2 57.6 3.0 0.0
2 463.428571429 0.0 72.8 36.6 5.0 0.0
2 868.0 2.0 68.0 65.8 9.0 0.0
1 450.666666667 3.0 52.6 82.2 3.0 0.172
3 366.0 3.0 47.8 64.8 1.0 0.0
2 953.7 0.0 58.2 62.0 6.8 0.0
3 388.666666667 0.0 57.2 74.2 7.8 0.19
2 430.0 0.0 59.0 76.6 7.0 0.0
2 500.357142857 1.0 70.0 70.0 7.0 0.0
3 879.0 0.0 60.6 58.2 6.8 0.0
1 896.545454545 2.0 58.0 74.0 2.6 0.0
2 556.1 2.0 59.0 50.6 1.2 0.0
3 321.0 0.0 57.0 75.0 9.0 0.0
3 283.0 0.0 62.4 85.8 6.6 0.086
1 886.181818182 2.0 60.4 62.6 4.4 0.0
2 488.888888889 0.0 65.4 31.2 10.6 0.0
2 498.3 1.0 74.2 60.2 6.0 0.0
1 510.2 3.0 50.4 66.2 1.4 0.0
3 270.0 0.0 63.8 72.2 7.8 0.0
2 555.363636364 3.0 56.0 74.6 6.2 0.0
2 468.0 1.0 68.0 68.0 13.0 0.0
1 614.2 2.0 62.6 74.2 6.0 0.006
2 503.555555556 1.0 66.4 74.8 8.0 0.0
0 629.75 0.0 52.8 71.0 4.4 0.0
2 597.2 2.0 71.8 53.2 3.8 0.0
3 722.0 2.0 53.4 63.6 3.2 0.0
0 540.0 3.0 50.6 72.8 4.2 0.0
1 585.636363636 0.0 60.0 68.0 7.0 0.0
3 625.0 2.0 60.8 58.6 3.2 0.0
2 623.428571429 1.0 70.4 48.2 6.0 0.0
2 622.727272727 2.0 61.8 59.2 5.2 0.0
0 322.0 1.0 64.0 53.4 7.2 0.0
2 460.75 1.0 68.0 66.0 7.4 0.0
0 348.0 1.0 75.2 63.0 6.4 0.0
1 534.5 2.0 54.8 63.2 2.4 0.0
0 317.0 0.0 63.0 68.0 4.8 0.0
3 672.0 2.0 56.0 69.6 4.0 0.0
2 485.0 0.0 60.6 58.2 6.8 0.0
1 628.5 0.0 67.8 60.8 6.6 0.0
2 375.666666667 0.0 60.2 72.0 11.0 0.092
2 644.333333333 2.0 55.2 76.6 2.6 0.0
1 570.714285714 0.0 50.4 78.8 2.6 0.0
3 213.0 2.0 64.0 73.6 6.2 0.0
2 400.5 0.0 59.4 77.0 4.6 0.0
2 369.888888889 1.0 64.6 71.4 6.4 0.0
3 642.0 2.0 69.8 54.2 4.2 0.0
2 465.333333333 0.0 52.4 81.0 2.6 0.0
3 448.0 0.0 59.4 67.6 8.2 0.0
2 459.875 2.0 71.4 65.6 5.8 0.0
2 646.909090909 2.0 65.2 42.4 2.4 0.0
0 415.333333333 2.0 56.2 82.2 4.8 0.0
0 287.0 0.0 58.4 71.0 2.2 0.0
3 180.0 0.0 50.0 75.2 4.8 0.0
2 299.0 0.0 67.8 42.8 4.8 0.0
0 549.0 1.0 64.8 74.6 8.4 0.0
3 656.0 0.0 57.0 70.0 13.0 0.0
1 361.4 0.0 59.4 47.4 4.0 0.0
2 462.555555556 0.0 58.8 65.8 6.2 0.006
0 428.0 0.0 53.2 55.0 1.8 0.0
1 644.0 0.0 52.8 62.6 2.4 0.0
0 294.0 2.0 65.2 72.2 3.2 0.002
2 502.5625 1.0 69.6 73.6 6.0 0.0
1 396.5 0.0 61.8 67.6 10.8 0.0
3 443.0 2.0 70.6 65.6 4.4 0.0
3 425.0 0.0 51.8 77.6 1.6 0.0
2 508.666666667 1.0 67.2 69.0 6.2 0.0
1 509.6 0.0 50.8 69.2 1.4 0.0
3 707.75 0.0 66.4 57.6 5.6 0.0
2 420.0 0.0 60.2 60.0 5.4 0.0
1 746.666666667 0.0 53.8 57.8 9.0 0.0
1 510.916666667 1.0 65.0 70.0 5.8 0.0
2 487.125 3.0 48.0 43.6 2.4 0.0
1 566.75 1.0 67.8 68.8 6.8 0.0
1 651.4 0.0 58.6 66.0 5.2 0.0
0 433.0 0.0 61.0 73.2 6.0 0.04
1 1043.125 0.0 52.6 66.8 2.6 0.0
1 640.571428571 0.0 58.2 65.2 4.4 0.0
2 435.857142857 0.0 59.6 66.8 6.2 0.0
2 573.4 0.0 56.6 73.2 3.4 0.0
2 589.8 3.0 52.0 64.0 1.2 0.0
3 659.0 3.0 62.8 79.4 5.0 0.094
1 587.0 0.0 63.0 60.4 4.2 0.0
2 609.625 0.0 53.6 46.8 4.2 0.0
3 482.0 2.0 71.0 55.0 5.0 0.0
1 273.666666667 0.0 57.8 75.4 10.6 0.762
2 664.5 3.0 60.0 83.4 4.4 0.018
2 893.2 0.0 58.6 71.0 8.6 0.0
3 351.5 2.0 57.4 72.2 3.0 0.0
1 792.444444444 0.0 58.4 65.8 3.2 0.0
2 486.181818182 2.0 61.4 68.4 4.2 0.0
0 511.0 0.0 54.6 71.4 10.2 0.23
2 459.933333333 2.0 63.6 79.6 5.0 0.0
0 646.5 2.0 63.6 79.6 5.0 0.0
0 458.0 0.0 59.8 57.8 6.2 0.0
2 422.0 2.0 60.0 66.8 5.2 0.0
2 687.0 2.0 72.4 50.0 3.8 0.0
2 667.444444444 0.0 74.8 35.2 4.2 0.0
2 361.272727273 2.0 64.8 78.0 6.2 0.0
3 730.5 1.0 67.8 73.0 7.2 0.0
2 416.416666667 1.0 67.4 68.4 8.6 0.0
2 535.2 1.0 69.8 70.8 6.6 0.0
1 1268.85714286 1.0 69.6 66.0 7.0 0.0
0 219.0 0.0 58.0 78.2 4.4 0.0
2 1239.14285714 0.0 59.6 71.6 7.0 0.0
1 425.857142857 0.0 61.0 65.2 7.0 0.002
0 282.0 0.0 57.2 74.2 7.8 0.19
3 1168.5 0.0 52.2 52.8 1.8 0.0
0 845.0 0.0 58.2 57.0 3.0 0.0
0 322.0 2.0 64.8 78.0 6.2 0.0
3 320.5 1.0 68.6 70.2 8.2 0.0
0 347.0 1.0 69.8 70.8 6.6 0.0
2 1466.0 0.0 58.4 63.4 8.4 0.0
3 740.0 0.0 59.4 64.2 8.6 0.0
1 561.8 2.0 68.8 64.2 7.2 0.342
1 512.166666667 0.0 75.0 42.0 4.0 0.0
0 298.0 2.0 61.4 68.4 4.2 0.0
0 281.666666667 0.0 55.2 74.6 3.6 0.002
2 485.666666667 2.0 64.6 79.4 5.4 0.0
2 306.0 1.0 72.4 64.6 6.6 0.0
0 536.0 0.0 56.0 73.0 7.0 0.036
1 424.25 0.0 59.0 70.0 12.0 0.0
2 479.454545455 0.0 52.8 67.2 3.2 0.0
0 446.333333333 0.0 54.6 60.6 3.4 0.0
3 605.0 0.0 55.4 72.2 8.0 0.132
0 337.0 1.0 64.6 71.4 6.4 0.0
1 546.714285714 1.0 68.0 66.8 7.8 0.0
0 647.0 2.0 76.2 52.8 4.2 0.0
1 429.444444444 0.0 59.0 84.0 4.0 0.0
2 485.0 0.0 47.8 69.0 1.0 0.0
3 363.666666667 0.0 57.6 83.4 3.0 0.0
0 440.5 0.0 51.0 60.8 1.8 0.0
1 578.727272727 2.0 68.2 75.2 5.8 0.0
3 228.0 2.0 58.6 73.2 3.4 0.0
2 1224.9 0.0 66.4 57.6 5.6 0.0
1 402.0 3.0 40.2 49.2 4.2 0.0
2 762.428571429 3.0 50.4 63.0 1.8 0.0
2 728.5 2.0 66.0 73.0 8.0 0.0
1 570.0 3.0 62.8 79.4 5.0 0.094
2 885.222222222 2.0 67.4 64.2 5.6 0.0
1 487.181818182 0.0 64.0 68.6 5.0 0.0
2 739.333333333 1.0 64.8 65.8 7.2 0.0
3 324.0 3.0 56.0 74.6 6.2 0.0
3 495.0 0.0 60.4 78.8 7.2 0.0
2 567.75 2.0 66.8 70.6 6.2 0.0
2 563.625 0.0 62.0 62.4 11.0 0.0
1 458.2 2.0 56.0 69.6 4.0 0.0
1 949.5 0.0 62.0 63.4 4.6 0.0
2 490.333333333 0.0 62.0 65.4 9.4 0.0
1 472.571428571 2.0 68.6 73.6 6.2 0.0
3 726.0 0.0 60.4 60.0 12.8 0.0
2 421.714285714 0.0 57.8 75.4 10.6 0.762
3 539.0 0.0 61.0 56.4 6.0 0.0
2 531.846153846 1.0 75.0 53.0 8.0 0.0
2 418.111111111 0.0 61.4 73.0 8.2 0.0
3 326.666666667 0.0 56.0 53.0 1.0 0.0
2 488.25 0.0 62.4 62.8 4.4 0.0
2 757.1 1.0 68.0 66.8 7.8 0.0
2 682.714285714 2.0 64.0 48.6 3.4 0.0
2 428.1 0.0 64.8 46.8 8.4 0.0
1 477.777777778 2.0 64.2 43.4 3.2 0.0
1 391.333333333 1.0 60.0 73.0 11.0 0.0
0 296.0 2.0 64.0 73.6 6.2 0.0
3 715.0 0.0 60.0 68.0 7.0 0.0
2 967.25 3.0 59.6 79.4 7.4 0.002
2 632.666666667 0.0 60.4 55.0 10.6 0.0
2 516.461538462 0.0 60.6 85.0 4.2 0.004
2 430.25 0.0 57.4 75.6 7.0 0.014
2 523.5 1.0 61.4 66.2 8.8 0.0
0 425.333333333 2.0 58.8 46.6 3.0 0.0
1 650.25 0.0 63.6 70.6 8.0 0.0
1 554.0 3.0 55.8 80.6 9.4 0.114
2 529.090909091 3.0 60.4 82.8 6.4 0.028
3 448.0 1.0 77.2 53.0 6.0 0.0
3 573.0 1.0 68.0 69.0 9.0 0.0
2 469.666666667 2.0 55.8 67.0 1.8 0.0
2 973.181818182 1.0 69.4 72.2 6.4 0.0
1 445.125 0.0 54.4 61.8 10.2 0.0
3 862.0 0.0 53.0 83.0 2.6 0.0
3 811.5 3.0 52.8 78.2 5.0 0.0
3 442.5 2.0 70.0 51.0 6.0 0.0
1 491.5 2.0 70.6 73.4 6.6 0.002
1 463.857142857 0.0 62.2 60.0 5.8 0.0
3 289.5 0.0 59.8 69.0 6.0 0.214
1 1012.18181818 2.0 69.0 32.0 6.6 0.0
0 500.0 0.0 57.4 57.6 8.6 0.0
2 666.0 0.0 59.6 82.4 7.8 0.09
0 355.0 1.0 72.6 70.4 7.2 0.0
2 394.875 0.0 55.2 74.6 3.6 0.002
1 300.666666667 1.0 66.2 71.4 8.4 0.0
2 3466.07692308 0.0 75.4 35.6 5.2 0.0
1 422.142857143 0.0 55.2 68.0 6.0 0.048
2 805.333333333 1.0 61.0 78.0 11.0 0.0
0 229.0 0.0 58.2 73.4 1.8 0.0
1 505.714285714 2.0 57.6 65.8 9.6 0.0
2 623.777777778 0.0 57.0 59.8 6.2 0.0
2 522.0 0.0 52.4 60.8 2.2 0.0
1 527.428571429 1.0 62.6 66.8 8.0 0.0
2 1724.0 3.0 50.4 82.2 1.8 0.004
1 446.0 0.0 50.8 48.6 1.8 0.0
2 194.5 0.0 59.4 67.6 8.2 0.0
3 385.6 1.0 69.8 71.2 6.6 0.0
2 222.0 0.0 47.4 70.4 4.6 0.022
1 435.0 0.0 64.0 61.2 11.6 0.0
3 532.0 0.0 57.0 57.0 13.0 0.0
1 241.333333333 0.0 61.2 70.0 6.0 0.0
1 438.4 2.0 67.2 40.2 2.8 0.002
1 508.714285714 2.0 69.8 54.2 4.2 0.0
1 461.571428571 1.0 67.4 68.4 8.6 0.0
2 469.0 0.0 60.2 70.0 6.6 0.0
1 697.0 0.0 56.0 61.0 8.0 0.0
1 368.375 0.0 66.4 59.8 4.0 0.0
3 588.0 0.0 58.4 81.4 4.2 0.0
1 609.625 2.0 64.0 73.6 6.2 0.0
2 596.0 0.0 64.2 44.2 9.0 0.0
0 1562.0 0.0 54.6 34.4 9.4 0.0
3 354.5 1.0 61.4 66.2 8.8 0.0
1 438.0 2.0 60.6 66.4 6.6 0.0
3 427.0 2.0 69.8 67.6 6.6 0.0
0 264.5 0.0 50.8 69.2 1.4 0.0
2 492.625 3.0 51.4 60.0 1.0 0.0
0 476.25 2.0 55.4 68.6 3.6 0.0
2 534.6 3.0 58.8 83.0 2.8 0.0
2 487.181818182 0.0 58.0 72.0 12.0 0.0
0 1956.33333333 0.0 62.8 67.0 6.4 0.0
2 706.25 0.0 60.8 67.4 6.6 0.0
0 239.0 0.0 53.6 70.2 3.0 0.0
1 509.125 2.0 62.0 68.0 9.0 0.0
1 1333.85714286 2.0 65.4 76.0 6.2 0.32
1 845.0 0.0 55.8 81.4 3.4 0.006
2 476.833333333 0.0 53.6 82.6 3.0 0.0
3 628.0 3.0 43.8 63.8 8.6 0.064
2 615.714285714 0.0 75.4 45.6 4.4 0.0
3 2212.0 0.0 61.4 65.8 4.2 0.0
1 450.625 1.0 68.6 70.4 7.0 0.0
3 672.0 0.0 61.0 65.2 7.0 0.002
0 346.25 1.0 65.0 70.0 5.8 0.0
0 386.25 0.0 53.4 81.8 4.6 0.004
2 2426.0 2.0 54.0 69.2 6.0 0.0
1 655.625 1.0 71.2 70.2 9.0 0.0
2 625.0 3.0 50.6 72.8 4.2 0.0
1 788.0 0.0 57.6 82.4 11.0 0.104
3 901.0 0.0 53.0 64.2 7.4 0.028
0 417.0 1.0 72.4 64.6 6.6 0.0
1 504.0 2.0 65.4 46.8 3.6 0.0
2 403.0 2.0 52.2 73.6 3.2 0.0
0 488.0 0.0 58.8 75.6 6.4 0.004
3 433.0 0.0 65.6 60.0 4.0 0.0
3 302.0 2.0 56.6 69.0 5.2 0.0
0 479.0 0.0 60.4 70.4 2.0 0.0
1 428.6 0.0 52.4 64.0 2.2 0.0
3 627.0 2.0 55.2 78.6 4.0 0.0
0 359.5 2.0 60.0 73.6 3.2 0.0
3 527.0 0.0 57.0 60.0 2.0 0.0
1 557.0 0.0 54.4 66.8 4.8 0.0
1 448.166666667 1.0 70.4 48.2 6.0 0.0
0 588.0 0.0 59.4 77.0 4.6 0.0
3 590.25 1.0 66.4 74.8 8.0 0.0
3 765.5 3.0 50.4 82.2 1.8 0.004
1 1073.66666667 0.0 47.0 70.0 4.2 0.0
1 585.928571429 0.0 57.4 53.0 6.2 0.0
2 633.818181818 0.0 55.4 72.2 8.0 0.132
2 2544.44444444 0.0 66.4 59.8 4.0 0.0
1 357.333333333 0.0 55.6 80.4 5.4 0.082
1 538.0 2.0 58.4 70.0 2.8 0.0
0 629.0 0.0 60.0 68.0 7.0 0.0
2 519.0 1.0 62.0 56.0 7.0 0.0
1 620.666666667 1.0 67.6 75.4 7.2 0.0
2 729.2 2.0 53.2 73.8 3.0 0.0
1 1643.0 0.0 65.4 49.4 6.4 0.0
3 433.0 0.0 67.2 36.4 7.4 0.0
3 294.0 0.0 54.2 54.4 3.0 0.0
3 421.5 0.0 60.4 62.0 10.8 0.0
2 567.75 2.0 68.6 56.8 5.0 0.0
1 1042.85714286 0.0 53.0 48.0 1.0 0.0
0 275.5 3.0 50.4 66.2 1.4 0.0
1 556.466666667 3.0 50.6 72.8 4.2 0.0
0 465.5 2.0 62.8 61.0 6.2 0.0
2 208.0 0.0 64.0 61.2 11.6 0.0
0 445.5 1.0 66.4 65.0 9.0 0.0
1 1003.0 0.0 58.6 75.4 4.8 0.0
2 715.5 0.0 58.2 65.2 4.4 0.0
1 615.428571429 3.0 50.0 61.0 2.0 0.0
3 3427.8 2.0 65.0 70.0 10.0 0.0
2 454.357142857 0.0 56.0 73.0 7.0 0.036
3 190.333333333 0.0 59.4 47.4 4.0 0.0
2 678.0 1.0 67.4 63.8 8.4 0.0
1 492.0 2.0 72.0 57.2 3.6 0.0
0 338.0 3.0 59.6 79.4 7.4 0.002
3 951.5 2.0 54.0 69.2 6.0 0.0
1 551.5 3.0 44.8 62.4 2.4 0.0
1 2324.33333333 2.0 60.2 78.4 3.2 0.004
2 575.6 2.0 57.4 81.8 4.0 0.0
3 523.0 0.0 52.4 62.2 7.0 0.002
1 547.230769231 0.0 56.6 71.0 8.2 0.01
1 7222.0 0.0 62.8 67.0 6.4 0.0
3 449.0 0.0 55.0 50.0 3.0 0.0
3 346.0 0.0 61.0 77.0 22.0 0.91
1 664.428571429 2.0 65.8 66.2 4.6 0.0
0 104.0 1.0 68.0 69.8 7.2 0.0
3 786.0 2.0 72.0 57.2 3.6 0.0
0 325.0 0.0 60.2 70.0 6.6 0.0
1 502.307692308 2.0 55.0 83.0 9.0 0.0
1 595.0 0.0 59.6 70.2 7.8 0.004
3 557.0 3.0 46.2 70.8 2.2 0.0
1 257.0 3.0 60.0 83.4 4.4 0.018
1 421.555555556 1.0 74.2 60.2 6.0 0.0
2 552.153846154 0.0 63.8 72.2 7.8 0.0
3 373.0 0.0 58.6 75.4 4.8 0.0
1 1212.33333333 2.0 70.0 66.8 7.2 0.0
3 811.0 2.0 55.2 57.6 3.0 0.0
2 345.333333333 1.0 65.0 63.2 6.2 0.0
2 419.125 0.0 59.8 67.2 8.2 0.0
3 627.0 1.0 67.6 72.0 7.6 0.0
1 915.0 2.0 64.6 79.4 5.4 0.0
2 740.142857143 0.0 55.8 76.6 2.2 0.0
1 281.0 0.0 67.8 57.8 6.6 0.0
2 757.5 1.0 68.0 71.2 8.4 0.0
2 782.0 0.0 59.0 66.8 7.6 0.0
3 464.5 1.0 62.2 65.6 6.4 0.0
1 478.875 0.0 54.2 54.4 3.0 0.0
1 618.428571429 0.0 51.8 77.6 1.6 0.0
1 690.0 3.0 57.6 81.4 2.0 0.014
0 317.0 0.0 58.8 65.8 6.2 0.006
0 321.0 2.0 67.8 68.6 4.0 0.0
1 453.923076923 2.0 66.4 71.8 6.0 0.0
2 579.666666667 2.0 67.0 43.6 4.4 0.0
1 1651.33333333 2.0 67.2 73.2 5.6 0.0
1 498.0 1.0 66.2 62.2 7.6 0.0
2 548.111111111 1.0 64.8 74.6 8.4 0.0
2 527.545454545 0.0 63.2 62.4 6.4 0.0
2 464.916666667 0.0 58.0 65.8 7.8 0.0
1 611.0 2.0 67.0 69.0 8.0 0.0
3 399.0 2.0 63.0 77.0 8.0 0.0
3 413.0 3.0 43.2 51.0 3.4 0.0
2 1919.14285714 2.0 76.2 52.8 4.2 0.0
0 486.0 1.0 69.4 72.2 6.4 0.0
0 405.5 0.0 47.0 70.0 4.2 0.0
1 358.777777778 3.0 48.0 60.0 3.0 0.0
1 727.75 0.0 54.2 59.2 7.8 0.0
1 555.0 3.0 45.0 65.0 9.0 0.29
1 485.25 1.0 64.4 66.2 7.8 0.0
2 984.0 1.0 68.0 70.8 7.4 0.0
2 456.1 1.0 68.6 68.4 7.0 0.0
2 274.0 1.0 66.4 65.0 9.0 0.0
3 748.0 2.0 57.4 81.8 4.0 0.0
2 755.9 1.0 65.2 65.6 9.8 0.0
1 577.285714286 3.0 57.8 82.0 3.2 0.0
1 392.142857143 2.0 57.6 66.8 2.0 0.0
3 1150.0 3.0 48.0 43.6 2.4 0.0
1 378.0 2.0 68.4 73.0 8.4 0.0
3 544.5 2.0 69.2 53.0 4.8 0.0
2 923.583333333 0.0 69.4 63.8 5.0 0.0
2 416.5 0.0 58.4 81.6 3.2 0.0
2 1507.0 2.0 71.6 43.0 3.6 0.0
0 401.0 0.0 58.4 81.6 3.2 0.0
3 379.0 2.0 58.6 81.0 6.6 0.226
1 530.0 0.0 55.6 81.2 3.2 0.0
2 458.714285714 0.0 54.0 84.4 3.6 0.0
1 635.285714286 1.0 69.6 73.6 6.0 0.0
3 764.5 3.0 59.0 83.0 2.0 0.0
1 5297.16666667 3.0 53.0 80.4 6.0 0.104
1 2887.66666667 1.0 70.4 73.2 7.4 0.0
0 547.25 2.0 65.4 46.8 3.6 0.0
3 450.25 2.0 67.6 59.4 5.4 0.0
2 408.0 2.0 60.0 73.6 3.2 0.0
2 562.785714286 1.0 67.6 72.0 7.6 0.0
1 615.6 0.0 59.8 69.0 6.0 0.214
2 615.615384615 2.0 57.8 61.4 2.4 0.0
1 368.666666667 2.0 69.2 70.4 5.0 0.0
2 447.615384615 1.0 68.6 70.2 8.2 0.0
2 814.0 0.0 62.8 67.0 6.4 0.0
2 682.7 0.0 57.6 83.4 3.0 0.0
1 842.8 1.0 67.2 69.0 6.2 0.0
1 620.0 0.0 57.0 60.6 3.8 0.0
3 564.0 0.0 74.8 35.2 4.2 0.0
3 996.0 2.0 54.6 66.8 1.6 0.0
2 646.3 2.0 67.2 73.2 5.6 0.0
2 786.666666667 2.0 64.6 73.0 4.4 0.0
3 254.0 0.0 59.0 84.0 4.0 0.0
0 494.0 0.0 64.0 68.6 5.0 0.0
1 641.0 1.0 68.4 65.0 6.0 0.0
0 317.0 2.0 56.6 69.0 5.2 0.0
2 599.2 1.0 64.2 69.0 7.8 0.0
1 663.4 2.0 58.0 72.0 5.0 0.0
1 603.666666667 0.0 57.8 73.4 11.2 0.178
1 525.857142857 1.0 68.4 75.0 6.2 0.0
1 412.111111111 2.0 65.4 70.0 6.8 0.0
2 597.0 2.0 53.0 72.2 2.0 0.0
1 1013.0 3.0 51.6 56.8 10.4 0.0
3 484.666666667 0.0 55.8 81.4 3.4 0.006
1 1624.08333333 2.0 65.0 70.0 10.0 0.0
2 505.333333333 0.0 51.4 77.6 9.6 0.268
2 482.7 2.0 53.8 70.8 1.2 0.0
2 556.444444444 2.0 63.4 62.4 4.0 0.0
1 780.75 2.0 56.0 64.0 11.0 0.0
3 395.666666667 2.0 58.6 78.4 4.2 0.0
2 635.0 2.0 65.8 55.4 5.0 0.0
1 332.0 2.0 72.4 50.0 3.8 0.0
1 5434.25 2.0 56.8 83.0 4.4 0.272
0 521.666666667 2.0 52.2 73.6 3.2 0.0
3 546.666666667 0.0 56.0 53.4 8.0 0.0
0 429.333333333 0.0 58.0 65.8 7.8 0.0
3 655.0 2.0 61.4 68.4 4.2 0.0
1 726.333333333 1.0 67.4 63.8 8.4 0.0
2 629.25 0.0 58.0 68.0 11.0 0.0
3 640.0 1.0 68.0 70.0 7.8 0.0
3 136.0 1.0 67.0 71.0 9.0 0.0
1 501.7 2.0 62.0 46.6 8.4 0.0
0 490.0 3.0 46.2 70.8 2.2 0.0
0 244.0 1.0 65.0 66.4 6.6 0.0
1 445.0 0.0 47.8 69.0 1.0 0.0
1 892.666666667 0.0 60.8 72.8 5.4 0.0
1 456.8 0.0 63.8 72.2 7.8 0.0
0 596.0 2.0 66.4 71.8 6.0 0.0
3 538.0 0.0 58.0 72.0 12.0 0.0
1 680.285714286 0.0 66.6 64.0 3.6 0.0
1 605.625 1.0 65.2 65.6 9.8 0.0
2 577.727272727 2.0 54.8 53.8 4.8 0.0
2 591.0 1.0 61.0 70.0 9.0 0.0
0 418.0 3.0 58.0 76.2 2.8 0.004
1 512.0 0.0 59.4 66.8 7.6 0.0
2 551.0 0.0 63.0 68.0 11.0 0.0
1 716.125 1.0 67.0 70.0 9.0 0.0
3 240.0 1.0 67.6 71.8 6.0 0.0
2 512.071428571 0.0 60.2 65.0 8.6 0.0
2 4547.55555556 0.0 56.8 54.4 1.8 0.0
1 429.777777778 0.0 69.4 63.8 5.0 0.0
2 526.5 3.0 50.4 66.2 1.4 0.0
1 287.333333333 2.0 57.0 76.0 4.4 0.0
3 343.0 0.0 60.2 60.0 5.4 0.0
1 379.571428571 0.0 53.8 57.0 3.0 0.0
1 525.733333333 2.0 63.0 60.2 6.4 0.0
2 596.0 0.0 61.4 65.8 4.2 0.0
0 819.0 0.0 57.8 73.4 11.2 0.178
1 572.6 1.0 71.0 69.0 7.6 0.0
1 646.272727273 2.0 63.6 79.6 5.0 0.0
3 559.25 2.0 60.0 60.0 8.0 0.0
0 406.0 2.0 64.0 48.6 3.4 0.0
1 600.0 0.0 57.0 55.4 3.2 0.0
1 532.5 0.0 60.0 45.0 7.8 0.0
2 1352.8 0.0 60.0 68.0 7.0 0.0
3 629.0 2.0 60.8 76.4 3.0 0.0
3 467.0 2.0 60.0 73.6 3.2 0.0
2 562.125 0.0 50.4 78.8 2.6 0.0
1 434.25 3.0 44.4 63.8 1.4 0.0
2 551.125 2.0 58.6 78.4 4.2 0.0
1 424.714285714 0.0 75.4 45.6 4.4 0.0
2 568.461538462 0.0 54.0 73.0 6.0 0.0
2 749.6875 2.0 58.6 73.2 3.4 0.0
1 480.166666667 0.0 60.0 74.0 9.6 0.0
1 758.0 0.0 61.0 73.2 6.0 0.04
3 424.0 0.0 64.0 68.6 5.0 0.0
3 509.5 2.0 67.4 64.2 5.6 0.0
3 521.666666667 0.0 60.8 68.2 6.8 0.0
0 451.5 0.0 66.0 61.0 8.0 0.0
2 436.6 0.0 51.2 61.6 0.8 0.0
3 668.333333333 0.0 60.2 60.6 9.2 0.0
2 338.6 0.0 63.0 63.6 7.6 0.0
2 419.8 2.0 65.4 73.2 5.2 0.0
0 505.0 2.0 69.2 70.4 5.0 0.0
2 730.25 1.0 72.8 64.2 7.4 0.0
3 502.0 0.0 56.0 76.0 6.0 0.0
1 447.555555556 0.0 69.4 45.4 3.8 0.0
3 515.5 1.0 67.0 75.0 7.0 0.0
3 480.0 2.0 65.4 73.2 5.2 0.0
2 605.0 0.0 52.4 64.0 2.2 0.0
2 601.3 1.0 71.2 70.2 9.0 0.0
0 336.0 3.0 56.0 74.6 6.2 0.0
1 673.8 2.0 61.0 80.0 8.0 0.32
2 681.928571429 0.0 67.8 60.8 6.6 0.0
1 1366.57142857 2.0 70.8 74.0 7.4 0.0
2 412.8 0.0 59.6 70.2 7.8 0.004
2 615.714285714 0.0 58.6 66.0 5.2 0.0
0 301.0 0.0 51.2 68.6 5.8 0.0
1 455.555555556 0.0 53.0 92.0 9.0 0.0
2 562.0 2.0 69.2 53.0 4.8 0.0
3 486.0 0.0 59.2 60.6 9.4 0.0
3 542.0 2.0 68.6 68.8 5.8 0.0
0 380.0 3.0 43.6 65.4 5.4 0.122
2 536.1 2.0 64.8 64.6 2.4 0.0
0 266.0 2.0 60.6 68.2 3.8 0.0
0 284.0 0.0 51.0 65.0 3.0 0.0
0 341.0 0.0 52.4 64.0 2.2 0.0
3 653.333333333 0.0 54.0 75.0 8.0 0.15
1 543.888888889 0.0 55.6 61.4 3.8 0.0
1 873.5 3.0 52.2 66.4 1.2 0.0
2 515.5 3.0 62.8 79.4 5.0 0.094
1 613.0 3.0 60.4 82.8 6.4 0.028
2 1941.14285714 1.0 70.8 58.2 8.2 0.0
3 657.0 2.0 56.2 61.6 3.8 0.002
0 415.5 0.0 54.4 66.8 4.8 0.0
3 559.0 1.0 65.6 71.4 9.4 0.0
3 425.0 3.0 61.6 80.6 4.6 0.006
0 450.333333333 0.0 63.0 57.2 7.8 0.0
2 9343.0 2.0 60.8 76.4 3.0 0.0
2 522.666666667 0.0 54.6 52.0 3.4 0.0
3 430.0 0.0 47.6 69.0 2.0 0.0
1 675.0 3.0 56.0 74.6 6.2 0.0
1 430.727272727 0.0 61.4 55.0 10.0 0.0
3 823.666666667 2.0 68.8 64.2 7.2 0.342
1 519.25 0.0 55.6 85.8 5.0 0.006
3 398.0 0.0 59.8 69.0 9.0 0.0
3 609.75 0.0 58.4 65.8 3.2 0.0
1 395.5 0.0 53.4 52.6 2.2 0.0
1 437.0 2.0 59.8 80.6 8.6 0.056
0 320.0 0.0 74.8 35.2 4.2 0.0
1 10248.2 0.0 57.6 65.4 6.0 0.0
3 440.5 1.0 65.0 74.0 9.0 0.0
2 549.333333333 2.0 61.4 61.0 3.6 0.0
1 377.333333333 0.0 57.4 60.6 4.4 0.0
0 309.0 2.0 72.2 70.0 7.6 0.0
1 1882.22222222 2.0 65.8 55.4 5.0 0.0
3 265.0 2.0 61.2 59.0 3.6 0.032
2 639.3 1.0 63.2 65.0 7.2 0.0
3 699.833333333 3.0 60.6 76.8 3.6 0.002
3 564.333333333 0.0 61.4 73.0 8.2 0.0
0 356.5 2.0 67.6 59.4 5.4 0.0
0 338.0 0.0 62.4 71.8 6.0 0.056
3 364.0 3.0 57.8 82.0 3.2 0.0
1 438.1 0.0 61.6 69.6 5.8 0.0
2 674.428571429 2.0 68.8 64.2 7.2 0.342
2 454.25 0.0 56.8 79.6 10.8 0.544
1 498.833333333 0.0 59.0 73.0 9.0 0.0
2 844.714285714 2.0 70.0 66.8 7.2 0.0
0 450.5 2.0 69.6 68.4 7.0 0.0
0 329.0 1.0 68.4 75.0 6.2 0.0
3 509.0 0.0 52.8 70.0 1.8 0.0
0 461.333333333 2.0 59.2 62.4 4.2 0.0
2 394.5 0.0 61.8 67.6 10.8 0.0
3 795.5 2.0 60.6 66.4 6.6 0.0
2 405.5 0.0 58.0 78.2 4.4 0.0
3 219.0 0.0 54.0 68.6 5.8 0.0
2 642.866666667 2.0 59.0 69.0 9.0 0.0
0 278.0 2.0 62.6 64.8 4.4 0.0
0 301.0 0.0 52.4 69.2 1.2 0.0
3 641.5 2.0 56.0 72.0 9.0 0.0
2 599.428571429 0.0 63.0 63.0 9.0 0.01
3 412.75 1.0 67.6 66.8 6.2 0.0
1 710.666666667 3.0 48.8 71.8 3.8 0.0
3 356.0 2.0 66.8 70.0 6.8 0.0
3 969.0 3.0 51.4 61.8 1.2 0.0
3 386.0 0.0 55.8 62.0 6.6 0.002
1 611.857142857 2.0 74.6 41.8 3.4 0.0
0 476.0 0.0 56.8 79.6 10.8 0.544
1 444.0 2.0 58.8 46.6 3.0 0.0
0 473.0 1.0 68.6 68.4 7.0 0.0
3 422.0 0.0 49.0 75.8 8.0 0.22
0 524.0 1.0 73.4 60.8 5.4 0.0
2 509.333333333 2.0 56.4 79.2 4.6 0.208
1 501.285714286 3.0 50.0 50.0 5.0 0.0
2 1986.0 2.0 57.0 76.0 4.4 0.0
1 515.333333333 3.0 53.2 82.6 12.2 0.564
0 15014.0 1.0 72.6 66.6 7.4 0.0
1 549.6 0.0 58.4 81.4 4.2 0.0
0 321.666666667 0.0 62.4 62.8 4.4 0.0
2 722.333333333 1.0 69.0 71.2 7.6 0.0
1 112.0 0.0 53.0 54.6 1.4 0.0
2 611.75 2.0 69.8 67.6 6.6 0.0
0 464.0 2.0 58.4 78.2 3.8 0.0
2 322.333333333 0.0 53.0 83.0 2.6 0.0
3 348.2 1.0 65.0 70.0 5.8 0.0
1 986.833333333 2.0 68.6 68.8 5.8 0.0
1 404.9 1.0 64.8 65.8 7.2 0.0
1 492.5 1.0 72.8 64.2 7.4 0.0
0 222.0 0.0 61.4 73.0 8.2 0.0
3 321.0 2.0 65.2 72.6 5.0 0.0
3 625.0 2.0 71.8 53.2 3.8 0.0
2 522.75 0.0 60.0 64.8 7.4 0.0
0 287.0 0.0 58.4 81.4 4.2 0.0
1 440.0 0.0 60.4 62.0 10.8 0.0
3 227.0 0.0 55.2 76.8 8.4 0.22
3 321.0 3.0 50.6 72.8 4.2 0.0
1 579.2 1.0 64.8 74.6 8.4 0.0
1 692.0 2.0 66.0 69.0 9.0 0.0
0 442.0 2.0 53.0 69.2 1.0 0.0
1 430.4 1.0 72.6 70.4 7.2 0.0
1 418.5 1.0 70.0 73.2 9.0 0.0
3 880.0 2.0 57.8 77.2 3.4 0.0
2 564.0 3.0 39.2 60.2 4.6 0.0
0 504.0 0.0 55.6 61.4 3.8 0.0
3 415.0 2.0 58.8 46.6 3.0 0.0
2 431.0 0.0 59.8 69.0 6.0 0.214
1 518.2 2.0 56.0 64.8 3.4 0.0
1 447.5 2.0 68.6 71.2 7.2 0.0
2 462.416666667 2.0 67.4 74.0 6.8 0.0
2 412.0 0.0 55.4 89.2 2.6 0.0
2 754.666666667 0.0 64.0 68.6 5.0 0.0
3 526.0 0.0 52.4 81.0 2.6 0.0
1 385.333333333 2.0 57.0 73.0 4.4 0.0
1 493.0 3.0 60.0 80.0 4.0 0.0
1 697.0 0.0 61.4 70.4 3.8 0.0
3 539.0 1.0 64.6 71.4 6.4 0.0
1 473.888888889 1.0 66.4 74.8 8.0 0.0
2 572.0 2.0 54.6 59.4 5.2 0.0
0 431.333333333 0.0 59.6 71.2 8.4 0.0
0 343.0 0.0 73.0 42.8 5.2 0.0
2 508.933333333 2.0 65.2 72.6 5.0 0.0
1 570.166666667 2.0 53.2 73.8 3.0 0.0
2 579.75 1.0 67.0 71.0 10.0 0.0
2 427.0 3.0 58.0 83.0 2.2 0.004
1 611.111111111 0.0 58.4 71.0 2.2 0.0
0 367.0 1.0 68.8 70.2 7.2 0.0
3 516.0 3.0 53.2 63.8 1.6 0.0
2 493.222222222 2.0 61.0 80.0 8.0 0.32
2 532.0 2.0 58.4 78.2 3.8 0.0
2 1067.8 3.0 53.2 73.2 4.8 0.078
0 317.0 0.0 69.4 45.4 3.8 0.0
1 1980.875 0.0 66.4 57.6 5.6 0.0
1 308.0 2.0 57.0 75.2 5.8 0.01
2 445.4 1.0 67.8 73.0 7.2 0.0
1 284.0 3.0 58.2 86.0 7.0 0.94
2 583.0 0.0 58.6 57.6 3.4 0.0
2 598.5 0.0 67.0 49.6 6.0 0.0
1 427.666666667 0.0 56.0 73.0 7.0 0.036
1 719.153846154 2.0 66.0 67.0 7.0 0.0
0 356.5 2.0 68.6 73.6 6.2 0.0
3 857.0 0.0 54.4 66.8 4.8 0.0
3 570.0 2.0 62.8 64.0 3.0 0.0
1 537.428571429 0.0 60.6 58.2 6.8 0.0
1 645.833333333 0.0 48.2 76.0 1.6 0.0
0 449.0 0.0 60.0 64.8 7.4 0.0
3 569.0 0.0 50.8 69.2 1.4 0.0
3 862.0 0.0 54.0 72.0 4.4 0.0
2 417.0 0.0 65.4 49.4 6.4 0.0
1 414.272727273 2.0 63.0 56.0 2.0 0.0
2 4895.85714286 3.0 40.6 50.8 2.2 0.0
3 507.0 0.0 59.6 70.2 7.8 0.004
2 514.125 1.0 70.6 65.4 8.0 0.002
2 401.571428571 2.0 69.2 70.4 6.8 0.0
0 3583.33333333 2.0 67.2 40.2 2.8 0.002
3 468.0 1.0 64.8 74.6 8.4 0.0
2 508.0 0.0 50.8 71.8 4.6 0.0
1 379.166666667 1.0 70.6 67.2 7.0 0.0
2 1255.66666667 0.0 54.6 71.4 10.2 0.23
0 325.0 1.0 64.4 66.2 7.8 0.0
2 291.333333333 1.0 66.2 71.4 8.4 0.0
0 611.0 2.0 67.2 71.2 7.2 0.0
1 413.222222222 2.0 67.6 72.2 7.0 0.0
1 740.571428571 0.0 59.8 67.2 8.2 0.0
0 525.0 2.0 67.0 43.6 4.4 0.0
1 550.666666667 0.0 59.4 69.8 10.0 0.054
0 317.0 0.0 53.6 46.8 4.2 0.0
2 472.625 0.0 50.0 75.2 4.8 0.0
2 431.0 1.0 71.0 68.0 6.2 0.0
1 477.75 1.0 66.0 73.0 3.0 0.0
1 455.0 2.0 71.6 65.2 6.4 0.0
2 578.5 0.0 50.0 70.0 4.0 0.0
1 434.666666667 0.0 60.2 60.6 9.2 0.0
1 597.4 0.0 52.0 68.2 4.6 0.02
2 533.0 0.0 55.0 86.0 5.0 0.0
1 487.875 1.0 66.0 70.0 9.0 0.0
1 671.125 1.0 69.0 68.6 8.0 0.0
1 1032.8 2.0 70.0 66.8 4.6 0.0
2 575.0 2.0 51.6 69.0 1.4 0.0
1 433.5 2.0 63.0 77.0 8.0 0.0
2 571.0 0.0 60.6 79.8 5.0 0.0
2 531.230769231 1.0 70.6 67.2 7.0 0.0
3 429.25 0.0 51.2 68.6 5.8 0.0
0 161.0 0.0 59.4 64.2 8.6 0.0
3 726.0 0.0 41.8 64.6 2.0 0.0
0 384.5 0.0 54.2 54.4 3.0 0.0
2 678.0 0.0 59.4 64.2 8.6 0.0
2 422.25 1.0 70.2 73.6 8.4 0.0
0 541.0 2.0 57.4 72.2 3.0 0.0
2 533.222222222 2.0 63.2 68.8 8.8 0.0
3 306.5 0.0 64.8 46.8 8.4 0.0
1 393.25 3.0 46.2 70.8 2.2 0.0
2 733.133333333 2.0 64.0 71.0 9.0 0.0
2 453.333333333 0.0 60.8 74.8 3.2 0.0
2 575.583333333 0.0 63.0 60.4 4.2 0.0
2 370.4 3.0 48.8 71.8 3.8 0.0
0 305.0 0.0 56.0 65.6 5.8 0.014
2 8415.25 1.0 68.0 69.8 7.2 0.0
1 459.625 2.0 59.2 62.4 4.2 0.0
2 484.714285714 2.0 55.0 80.0 9.0 0.0
3 168.0 1.0 75.2 63.0 6.4 0.0
2 471.5 0.0 53.0 86.0 8.0 0.096
1 502.769230769 0.0 72.8 36.6 5.0 0.0
3 159.0 2.0 57.6 65.8 9.6 0.0
3 593.0 2.0 57.0 77.0 11.0 0.0
2 517.266666667 0.0 54.0 70.0 4.0 0.0
3 546.0 2.0 61.4 61.0 3.6 0.0
0 358.0 2.0 56.4 79.2 4.6 0.208
0 232.0 0.0 57.6 83.4 3.0 0.0
3 719.0 2.0 61.0 84.6 6.6 0.088
3 426.5 3.0 41.0 60.2 1.2 0.0
2 573.666666667 0.0 61.0 73.2 6.0 0.04
2 609.6 2.0 74.6 41.8 3.4 0.0
1 499.090909091 2.0 59.0 50.6 1.2 0.0
1 325.75 0.0 53.0 86.0 8.0 0.096
2 565.8125 1.0 69.8 71.2 6.6 0.0
1 583.0 0.0 51.0 73.0 6.0 0.0
0 512.0 0.0 58.2 65.2 4.4 0.0
2 546.0 2.0 61.0 79.0 2.0 0.0
1 603.666666667 2.0 57.6 71.6 5.6 0.0
1 647.375 0.0 57.0 74.4 5.6 0.0
3 484.0 0.0 58.4 81.6 3.2 0.0
0 338.0 2.0 70.6 65.6 4.4 0.0
3 660.0 3.0 54.0 72.0 6.0 0.19
1 583.142857143 3.0 41.0 60.2 1.2 0.0
0 344.0 0.0 59.0 73.0 8.0 0.0
3 467.0 0.0 59.2 77.0 6.4 0.008
2 449.333333333 0.0 53.8 84.8 3.0 0.0
2 634.777777778 2.0 61.8 69.2 3.4 0.0
2 1263.66666667 2.0 56.6 66.6 2.4 0.0
1 409.0 0.0 65.0 47.0 8.0 0.0
3 364.0 3.0 58.0 83.0 2.2 0.004
2 407.625 0.0 60.0 70.0 7.0 0.0
1 481.909090909 1.0 68.2 68.8 8.0 0.0
0 407.0 2.0 60.6 58.2 2.0 0.0
3 1730.0 2.0 65.6 75.0 8.0 0.0
1 394.0 3.0 58.0 76.2 2.8 0.004
0 312.0 0.0 59.0 63.0 4.0 0.0
2 393.0 1.0 72.6 66.6 7.4 0.0
3 795.0 3.0 58.0 76.2 2.8 0.004
3 434.0 0.0 55.6 85.8 5.0 0.006
2 628.0 0.0 67.8 57.8 6.6 0.0
1 371.666666667 2.0 59.2 73.8 4.2 0.0
0 405.5 0.0 50.0 60.8 1.2 0.0
2 503.625 0.0 50.8 69.2 1.4 0.0
0 433.0 3.0 40.2 49.2 4.2 0.0
1 563.133333333 2.0 57.8 61.4 2.4 0.0
1 464.0 0.0 58.4 58.2 8.2 0.0
1 3782.88888889 0.0 57.6 67.8 5.2 0.0
1 403.0 0.0 55.4 68.6 7.4 0.008
2 1721.5 3.0 43.8 63.8 8.6 0.064
2 562.714285714 2.0 65.4 70.0 6.8 0.0
1 471.444444444 0.0 63.0 57.2 7.8 0.0
2 533.666666667 0.0 54.4 61.8 10.2 0.0
3 454.0 2.0 62.0 80.0 9.0 0.0
3 603.0 2.0 64.8 64.6 2.4 0.0
3 263.0 2.0 58.4 70.0 2.8 0.0
3 512.0 2.0 56.8 88.4 5.4 0.348
1 503.571428571 0.0 58.8 61.6 12.2 0.016
2 456.666666667 0.0 52.8 70.0 1.8 0.0
1 472.2 1.0 68.0 66.0 7.4 0.0
2 711.25 0.0 61.6 64.8 8.2 0.004
3 288.0 0.0 56.0 78.0 9.0 0.0
3 513.0 2.0 55.2 69.8 1.6 0.0
0 501.0 3.0 44.4 59.4 1.4 0.0
1 517.5 0.0 62.8 65.8 9.0 0.0
3 635.0 1.0 65.2 63.8 10.2 0.0
1 404.833333333 3.0 52.8 78.2 5.0 0.0
0 1082.0 1.0 72.8 64.2 7.4 0.0
1 460.0 0.0 59.8 57.8 6.2 0.0
0 384.0 2.0 62.8 51.0 3.2 0.0
1 305.0 0.0 65.6 60.0 4.0 0.0
2 459.142857143 0.0 51.0 69.0 2.0 0.0
3 541.0 0.0 58.0 75.0 9.0 0.0
1 401.0 0.0 49.0 75.8 8.0 0.22
1 421.142857143 0.0 60.2 60.0 5.4 0.0
3 474.0 0.0 69.4 45.4 3.8 0.0
1 470.333333333 1.0 69.6 56.8 6.8 0.0
2 817.272727273 1.0 70.4 73.2 7.4 0.0
3 348.0 2.0 69.2 70.4 5.0 0.0
3 290.0 2.0 63.2 68.8 8.8 0.0
2 247.0 2.0 59.8 80.6 8.6 0.056
1 490.416666667 0.0 61.4 72.8 6.2 0.0
2 12645.75 0.0 59.4 60.4 3.6 0.0
0 371.5 0.0 60.2 60.6 9.2 0.0
3 419.0 0.0 70.0 48.0 5.2 0.0
3 627.0 2.0 53.0 69.2 1.0 0.0
1 563.0 2.0 71.4 67.6 4.6 0.0
2 498.875 0.0 55.6 61.4 3.8 0.0
1 403.0 3.0 50.0 64.0 2.0 0.0
2 540.333333333 0.0 53.0 64.2 7.4 0.028
3 432.333333333 0.0 57.6 67.8 5.2 0.0
3 10571.25 2.0 59.0 50.6 1.2 0.0
1 973.333333333 2.0 60.6 63.0 4.2 0.0
1 393.5 0.0 53.2 52.8 2.0 0.0
1 3458.0 0.0 61.4 69.6 5.2 0.0
1 2036.66666667 1.0 66.0 69.6 6.8 0.0
2 3175.75 2.0 62.6 71.4 6.2 0.002
2 551.0 2.0 60.6 58.2 2.0 0.0
1 532.375 2.0 67.8 68.6 4.0 0.0
1 515.285714286 0.0 56.6 46.2 3.6 0.0
0 404.5 0.0 55.4 72.6 2.8 0.0
1 534.923076923 0.0 64.8 68.8 7.6 0.0
1 484.0 0.0 51.0 92.0 6.0 0.0
0 310.0 1.0 67.6 71.0 8.0 0.0
1 395.333333333 0.0 60.0 66.4 7.4 0.0
0 506.5 0.0 57.2 59.0 3.4 0.0
0 265.0 0.0 59.6 71.6 7.0 0.0
3 752.0 0.0 55.4 74.8 4.8 0.0
1 382.0 0.0 53.0 58.0 1.0 0.0
2 525.133333333 2.0 60.2 78.4 3.2 0.004
2 215.0 3.0 56.0 76.6 8.6 0.306
0 306.0 1.0 61.4 66.2 8.8 0.0
1 473.833333333 3.0 52.0 64.0 1.2 0.0
1 527.5 0.0 56.0 65.6 5.8 0.014
0 490.0 0.0 58.8 72.6 8.6 0.0
3 362.0 0.0 61.8 48.6 4.6 0.0
1 582.285714286 2.0 55.0 80.0 9.0 0.0
1 439.916666667 2.0 62.0 61.6 2.2 0.0
2 502.857142857 0.0 59.4 66.8 7.6 0.0
2 220.0 0.0 61.0 77.0 22.0 0.91
0 395.0 2.0 68.2 75.2 5.8 0.0
2 485.0 3.0 50.6 61.4 7.4 0.0
0 342.0 2.0 66.0 64.0 9.6 0.0
1 389.8 2.0 67.6 59.4 5.4 0.0
2 706.857142857 2.0 63.4 76.6 6.2 0.35
3 837.333333333 0.0 49.6 73.2 3.0 0.0
1 496.3 0.0 74.0 43.0 5.0 0.0
3 430.0 1.0 62.0 68.4 8.0 0.0
1 366.0 3.0 47.4 65.4 1.0 0.0
0 484.0 0.0 49.6 73.2 3.0 0.0
1 528.5 2.0 61.2 59.0 3.6 0.032
2 807.0 0.0 51.2 68.6 5.8 0.0
1 784.625 2.0 63.8 75.4 8.2 0.0
1 534.666666667 1.0 67.6 72.0 7.6 0.0
1 503.0 2.0 53.6 72.4 4.6 0.0
2 597.0 2.0 56.2 82.2 4.8 0.0
2 333.25 2.0 68.8 66.6 6.8 0.0
0 483.0 0.0 52.4 62.2 7.0 0.002
0 422.0 0.0 55.6 81.2 3.2 0.0
2 481.8 0.0 55.4 74.8 4.8 0.0
1 439.666666667 2.0 69.6 68.4 7.0 0.0
2 582.25 2.0 67.6 59.4 5.4 0.0
2 553.2 0.0 57.0 55.4 3.2 0.0
2 2236.75 2.0 59.8 70.0 3.0 0.0
1 472.6 2.0 67.2 71.2 7.2 0.0
1 620.25 3.0 51.4 60.0 1.0 0.0
0 400.0 1.0 70.8 58.2 8.2 0.0
0 360.0 1.0 70.4 48.2 6.0 0.0
3 393.333333333 0.0 57.0 72.0 14.0 0.0
2 413.8 0.0 59.8 69.0 9.0 0.0
2 1232.75 0.0 59.6 63.6 2.0 0.0
2 386.0 1.0 69.2 68.4 6.2 0.0
0 400.2 1.0 67.8 73.0 7.2 0.0
0 459.0 2.0 56.2 69.6 4.2 0.0
1 503.5 0.0 59.2 62.2 6.2 0.0
3 354.75 0.0 57.0 82.0 6.0 0.0
1 551.5 1.0 68.6 58.8 7.0 0.0
0 453.5 2.0 65.8 68.8 5.6 0.0
0 422.0 1.0 77.2 53.0 6.0 0.0
3 420.857142857 0.0 57.0 72.0 13.0 0.0
2 516.555555556 3.0 61.6 80.6 4.6 0.006
1 408.25 2.0 54.0 69.2 6.0 0.0
0 308.0 1.0 68.6 70.2 8.2 0.0
1 729.0 0.0 56.0 80.0 6.0 0.0
0 807.0 2.0 62.6 74.2 6.0 0.006
3 207.0 3.0 51.4 60.0 1.0 0.0
2 454.8 2.0 61.0 84.6 6.6 0.088
2 471.625 0.0 53.2 52.8 2.0 0.0
0 293.0 2.0 58.4 70.0 2.8 0.0
1 452.4 0.0 61.6 64.8 8.2 0.004
3 815.0 0.0 71.0 45.0 6.0 0.0
2 1052.07142857 0.0 51.8 77.6 1.6 0.0
1 2139.25 1.0 66.0 69.4 7.6 0.0
2 511.666666667 2.0 66.8 70.0 6.8 0.0
1 546.266666667 1.0 68.8 70.2 7.2 0.0
1 605.0 0.0 54.6 80.0 2.4 0.0
0 271.0 2.0 55.2 57.6 3.0 0.0
2 540.0 2.0 55.6 64.6 6.4 0.002
0 255.0 2.0 61.8 69.2 3.4 0.0
2 742.833333333 1.0 65.2 63.8 10.2 0.0
1 1729.0 0.0 60.2 72.8 2.4 0.0
2 417.0 3.0 53.2 63.8 1.6 0.0
2 106.0 0.0 57.6 82.4 11.0 0.104
0 1163.0 0.0 65.4 31.2 10.6 0.0
1 688.2 2.0 60.2 70.2 6.8 0.042
2 597.857142857 0.0 61.8 48.6 4.6 0.0
3 383.6 2.0 61.8 59.2 5.2 0.0
2 4706.64285714 0.0 59.4 69.8 10.0 0.054
2 558.0 0.0 52.8 62.6 2.4 0.0
1 665.555555556 0.0 54.6 34.4 9.4 0.0
3 352.0 0.0 55.6 80.4 5.4 0.082
3 448.666666667 0.0 49.0 73.0 7.0 0.09
2 624.3125 1.0 68.0 67.0 11.0 0.0
1 268.0 0.0 58.4 68.8 5.0 0.0
2 6005.8 0.0 66.6 64.0 3.6 0.0
2 408.5 0.0 58.0 61.0 7.0 0.0
3 434.5 1.0 64.2 69.0 7.8 0.0
1 807.0 1.0 65.6 69.8 8.6 0.0
0 457.0 2.0 68.0 65.8 9.0 0.0
1 764.666666667 0.0 55.8 76.6 2.2 0.0
2 430.0 0.0 62.4 62.2 5.4 0.0
1 389.857142857 2.0 58.4 78.2 3.8 0.0
0 314.5 0.0 60.4 60.0 12.8 0.0
1 437.5 1.0 70.8 58.2 8.2 0.0
3 495.0 1.0 67.0 71.0 10.0 0.0
3 421.666666667 0.0 56.0 66.6 5.4 0.022
0 268.0 0.0 59.4 67.6 8.2 0.0
3 2309.75 1.0 71.2 70.2 9.0 0.0
2 370.0 1.0 65.8 72.0 9.0 0.0
3 1338.0 0.0 52.0 74.2 2.6 0.0
1 595.0 0.0 60.2 72.0 11.0 0.092
0 457.0 3.0 48.0 43.6 2.4 0.0
1 943.125 2.0 65.6 70.6 4.8 0.0
1 536.222222222 0.0 59.2 77.0 6.4 0.008
3 236.0 1.0 72.4 64.6 6.6 0.0
2 622.5 1.0 66.0 69.6 6.8 0.0
2 564.666666667 3.0 46.2 70.8 2.2 0.0
0 314.0 2.0 54.8 53.8 4.8 0.0
3 545.0 0.0 61.0 73.2 6.0 0.04
1 486.375 2.0 68.6 56.8 5.0 0.0
2 493.1 2.0 58.8 46.6 3.0 0.0
2 568.5 0.0 52.2 52.8 1.8 0.0
0 454.0 2.0 62.0 46.6 8.4 0.0
1 503.0 0.0 51.2 78.0 9.0 0.302
2 343.0 0.0 57.8 78.6 3.6 0.0
2 712.25 2.0 68.6 71.2 7.2 0.0
2 332.0 0.0 56.6 57.2 7.0 0.0
1 477.444444444 0.0 58.0 78.2 4.4 0.0
1 441.0 2.0 67.2 67.8 5.6 0.0
3 589.5 0.0 60.0 69.2 13.0 0.0
1 345.0 2.0 70.2 64.4 4.2 0.0
3 704.25 0.0 59.2 68.6 8.2 0.02
0 523.0 0.0 62.8 67.0 3.4 0.0
1 470.727272727 2.0 53.0 70.0 2.0 0.0
2 612.176470588 3.0 44.4 63.8 1.4 0.0
3 733.666666667 0.0 52.4 60.8 2.2 0.0
2 15283.0 0.0 57.2 70.6 8.0 0.0
1 5441.0 2.0 64.6 73.0 4.4 0.0
2 519.0 3.0 53.0 80.4 6.0 0.104
2 563.333333333 3.0 41.0 60.2 1.2 0.0
2 1254.9 0.0 62.2 68.4 5.6 0.0
1 744.9 1.0 64.6 71.4 6.4 0.0
1 547.333333333 2.0 65.6 75.0 8.0 0.0
3 671.0 1.0 61.2 63.2 9.4 0.0
0 318.0 0.0 60.0 66.4 7.4 0.0
1 265.0 0.0 67.4 59.0 6.8 0.0
1 545.0 2.0 69.8 67.6 6.6 0.0
1 510.666666667 3.0 59.6 79.4 7.4 0.002
2 381.5 0.0 54.4 85.4 3.6 0.002
2 496.666666667 2.0 69.2 72.8 5.2 0.0
0 310.0 1.0 65.2 63.8 10.2 0.0
3 365.0 1.0 68.0 67.0 11.0 0.0
2 556.125 1.0 67.6 71.0 8.0 0.0
2 632.0 2.0 57.0 82.0 5.0 0.0
0 488.0 3.0 43.2 51.0 3.4 0.0
2 502.625 1.0 69.6 66.0 7.0 0.0
2 794.666666667 1.0 62.4 67.4 8.0 0.0
0 569.666666667 2.0 57.6 71.6 5.6 0.0
1 394.6 2.0 67.4 74.0 6.8 0.0
0 515.0 1.0 67.8 68.8 6.8 0.0
2 409.5 0.0 69.4 45.4 3.8 0.0
2 351.5 0.0 55.6 80.4 5.4 0.082
1 406.857142857 0.0 53.0 83.0 2.6 0.0
3 464.0 0.0 62.2 60.0 5.8 0.0
0 271.0 0.0 70.0 48.0 5.2 0.0
2 362.25 0.0 59.6 71.2 8.4 0.0
2 1270.2 0.0 52.8 65.8 4.4 0.0
1 402.352941176 0.0 56.4 45.6 2.4 0.0
2 430.5 0.0 56.2 47.0 1.8 0.0
2 598.375 0.0 56.0 61.0 4.4 0.0
3 514.333333333 2.0 53.8 70.8 1.2 0.0
1 472.25 0.0 64.2 44.2 9.0 0.0
3 552.0 1.0 69.8 67.8 7.6 0.0
2 645.6 0.0 59.8 65.2 3.4 0.0
2 8133.85714286 3.0 54.6 69.6 2.0 0.0
3 707.0 0.0 60.6 79.8 5.0 0.0
2 525.5 1.0 63.6 62.8 9.0 0.0
1 331.875 0.0 60.6 79.8 5.0 0.0
3 502.0 0.0 53.8 57.0 3.0 0.0
3 356.666666667 0.0 58.4 50.0 4.4 0.0
1 426.0 0.0 57.2 59.0 3.4 0.0
3 891.0 0.0 70.0 47.0 6.0 0.0
3 627.0 2.0 67.6 72.2 7.0 0.0
1 821.666666667 1.0 63.6 62.8 9.0 0.0
3 612.0 1.0 69.2 67.4 8.4 0.0
2 419.636363636 0.0 52.8 70.2 6.6 0.008
2 618.666666667 0.0 58.8 70.0 6.8 0.0
1 659.5 0.0 61.4 65.8 4.2 0.0
1 567.666666667 0.0 60.4 78.8 7.2 0.0
3 802.333333333 2.0 55.8 67.0 1.8 0.0
3 288.0 3.0 56.0 76.6 8.6 0.306
1 812.692307692 2.0 65.2 42.4 2.4 0.0
0 373.0 1.0 69.6 66.0 7.0 0.0
0 568.0 2.0 63.0 79.6 6.4 0.0
0 337.0 3.0 47.4 65.4 1.0 0.0
3 761.0 1.0 64.4 66.2 7.8 0.0
2 703.666666667 0.0 58.4 50.0 4.4 0.0
2 303.166666667 0.0 54.6 34.4 9.4 0.0
1 452.5 1.0 68.0 70.0 7.8 0.0
2 467.461538462 1.0 69.0 73.0 6.8 0.0
2 605.4 0.0 58.4 65.8 3.2 0.0
2 476.083333333 0.0 48.8 70.8 5.8 0.0
1 1209.5 0.0 52.6 72.0 5.2 0.032
2 607.75 2.0 55.4 66.0 6.0 0.0
1 1112.57142857 0.0 60.4 55.0 10.6 0.0
1 579.166666667 0.0 52.4 81.0 2.6 0.0
1 1755.75 0.0 57.8 67.0 3.6 0.0
1 674.666666667 1.0 67.6 71.8 6.0 0.0
3 543.666666667 0.0 67.8 60.8 6.6 0.0
3 444.0 0.0 56.0 77.0 9.0 0.0
1 529.166666667 2.0 56.0 85.8 3.4 0.184
0 499.0 2.0 69.6 68.8 4.8 0.0
0 452.0 0.0 47.4 70.4 4.6 0.022
2 668.571428571 0.0 66.0 61.0 8.0 0.0
1 529.333333333 2.0 55.0 69.0 1.0 0.0
0 575.0 0.0 53.2 52.8 2.0 0.0
1 564.3 2.0 64.0 48.6 3.4 0.0
0 507.0 0.0 66.4 59.8 4.0 0.0
0 461.0 0.0 52.4 60.8 2.2 0.0
1 438.2 1.0 71.0 68.0 6.2 0.0
2 790.5 2.0 64.8 74.6 9.0 0.106
1 682.666666667 0.0 61.6 77.2 18.0 0.696
2 713.888888889 0.0 56.0 66.6 5.4 0.022
2 399.0 2.0 67.2 35.6 2.4 0.0
2 673.8 0.0 58.4 58.2 8.2 0.0
2 532.1 2.0 70.2 64.4 4.2 0.0
2 502.0 1.0 69.0 68.6 8.0 0.0
1 635.714285714 2.0 62.8 64.0 3.0 0.0
1 232.0 0.0 58.6 57.6 3.4 0.0
3 275.0 2.0 55.2 76.6 2.6 0.0
0 507.0 2.0 62.0 60.2 11.8 0.0
2 610.0 2.0 68.4 73.0 8.4 0.0
2 536.3 0.0 57.6 55.8 14.2 0.0
2 452.5 1.0 72.6 70.4 7.2 0.0
3 1476.2 0.0 57.4 67.2 5.6 0.0
0 453.5 3.0 48.2 69.2 1.0 0.0
2 839.5 2.0 67.2 67.8 5.6 0.0
2 555.375 0.0 56.0 65.6 5.8 0.014
1 244.5 2.0 58.6 81.0 6.6 0.226
0 368.0 1.0 69.0 68.6 8.0 0.0
1 873.333333333 0.0 59.4 67.6 8.2 0.0
1 556.25 1.0 66.4 65.0 9.0 0.0
3 627.5 0.0 63.0 68.0 4.8 0.0
3 111.0 0.0 66.0 61.0 8.0 0.0
2 427.75 2.0 58.0 74.0 2.6 0.0
1 588.461538462 0.0 53.6 46.8 4.2 0.0
0 783.0 0.0 59.4 69.8 10.0 0.054
1 431.25 0.0 48.8 70.8 5.8 0.0
2 559.133333333 0.0 54.2 54.4 3.0 0.0
2 731.285714286 2.0 57.0 73.0 4.4 0.0
1 540.0 0.0 50.2 91.2 2.2 0.0
2 569.0 0.0 50.8 48.6 1.8 0.0
0 246.0 0.0 57.0 57.0 13.0 0.0
0 526.0 1.0 68.0 66.0 7.4 0.0
0 449.0 0.0 60.6 79.8 5.0 0.0
0 538.5 1.0 70.2 73.6 8.4 0.0
0 575.0 0.0 59.2 68.6 8.2 0.02
3 498.0 3.0 57.6 81.4 2.0 0.014
3 529.5 0.0 53.2 52.8 2.0 0.0
3 258.0 0.0 64.6 67.0 8.2 0.0
3 837.333333333 1.0 68.0 66.8 7.8 0.0
2 532.909090909 2.0 65.4 76.0 6.2 0.32
3 741.5 0.0 52.0 69.0 5.0 0.0
1 1134.83333333 0.0 60.4 70.4 2.0 0.0
2 1837.77777778 1.0 68.6 58.8 7.0 0.0
2 347.0 0.0 44.6 45.4 3.8 0.0
3 320.666666667 3.0 50.0 66.6 8.4 0.0
2 915.6 2.0 70.8 74.0 7.4 0.0
3 454.333333333 0.0 47.0 70.0 4.2 0.0
2 452.0 2.0 65.8 70.4 7.4 0.0
1 447.111111111 2.0 61.8 59.2 5.2 0.0
3 373.0 2.0 71.6 65.2 6.4 0.0
1 376.666666667 0.0 59.0 66.8 7.6 0.0
3 716.333333333 0.0 62.2 64.0 11.6 0.0
3 628.0 1.0 70.6 67.2 7.0 0.0
1 400.727272727 0.0 52.8 70.2 6.6 0.008
3 577.0 1.0 66.2 73.2 7.8 0.0
3 1032.5 0.0 58.4 63.4 8.4 0.0
3 406.0 0.0 60.0 45.0 7.8 0.0
0 485.0 1.0 68.6 70.4 7.0 0.0
2 469.090909091 0.0 60.4 70.4 2.0 0.0
3 461.0 2.0 71.4 65.6 5.8 0.0
1 476.727272727 3.0 51.4 61.8 1.2 0.0
0 532.0 0.0 55.4 74.8 4.8 0.0
1 1412.33333333 2.0 55.2 69.8 1.6 0.0
2 722.75 2.0 66.2 73.6 6.2 0.0
1 545.666666667 1.0 67.8 72.0 8.6 0.0
3 269.0 1.0 68.4 75.0 6.2 0.0
3 650.0 0.0 51.2 78.0 9.0 0.302
3 832.0 0.0 55.4 72.6 2.8 0.0
2 406.857142857 0.0 59.8 57.8 6.2 0.0
3 543.0 2.0 70.2 64.4 4.2 0.0
1 814.2 0.0 62.0 65.4 9.4 0.0
1 567.5 1.0 70.0 70.0 7.0 0.0
1 652.142857143 0.0 58.6 71.0 8.6 0.0
3 3567.66666667 0.0 57.6 65.4 6.0 0.0
0 618.0 0.0 62.4 55.4 5.8 0.0
3 265.0 0.0 60.2 70.0 6.6 0.0
2 680.8 0.0 59.2 68.6 8.2 0.02
2 406.230769231 0.0 53.4 81.8 4.6 0.004
2 443.785714286 2.0 69.6 68.8 4.8 0.0
3 580.0 1.0 70.4 48.2 6.0 0.0
0 599.0 2.0 58.0 74.0 2.6 0.0
3 167.0 0.0 49.2 58.0 1.6 0.0
1 458.8 0.0 64.6 67.0 8.2 0.0
3 276.0 1.0 68.6 58.8 7.0 0.0
2 548.4 0.0 57.4 53.0 6.2 0.0
0 405.0 3.0 60.6 76.8 3.6 0.002
1 355.714285714 3.0 40.6 50.8 2.2 0.0
1 532.5 0.0 48.0 41.0 7.0 0.0
1 594.0 2.0 65.8 70.4 7.4 0.0
2 781.125 1.0 62.6 66.8 8.0 0.0
3 441.0 1.0 66.8 68.8 7.4 0.0
3 284.0 0.0 61.4 70.4 3.8 0.0
2 610.5 0.0 49.6 73.2 3.0 0.0
3 516.25 2.0 68.8 66.6 6.8 0.0
0 368.5 1.0 61.2 63.2 9.4 0.0
2 503.625 1.0 67.8 68.8 6.8 0.0
1 539.666666667 1.0 67.8 73.0 7.2 0.0
1 824.25 2.0 54.0 79.0 4.0 0.0
1 861.166666667 0.0 62.8 67.0 3.4 0.0
0 204.0 0.0 53.0 83.0 2.6 0.0
2 576.5 2.0 56.8 88.4 5.4 0.348
1 351.75 0.0 51.4 77.6 9.6 0.268
0 523.5 0.0 59.8 69.0 9.0 0.0
3 609.0 1.0 66.4 65.0 9.0 0.0
3 1675.0 1.0 64.8 65.8 7.2 0.0
1 477.625 2.0 57.4 72.2 3.0 0.0
0 471.0 2.0 55.2 78.6 4.0 0.0
1 1424.5 0.0 50.8 71.8 4.6 0.0
3 282.666666667 0.0 50.0 84.0 4.0 0.0
2 500.888888889 1.0 69.4 72.8 7.6 0.0
1 439.714285714 1.0 70.2 73.6 8.4 0.0
2 438.166666667 0.0 54.0 83.0 3.0 0.0
3 307.333333333 1.0 65.0 73.0 10.0 0.0
1 551.166666667 0.0 55.4 72.6 2.8 0.0
1 582.666666667 2.0 55.4 66.0 6.0 0.0
2 479.285714286 0.0 61.6 69.6 5.8 0.0
1 284.0 1.0 73.4 60.8 5.4 0.0
2 607.384615385 1.0 67.0 71.0 9.0 0.0
0 401.0 2.0 74.6 41.8 3.4 0.0
0 667.0 1.0 68.6 66.4 7.4 0.0
3 456.0 0.0 51.0 60.8 1.8 0.0
1 34867.3333333 0.0 51.0 60.8 1.8 0.0
2 304.0 0.0 57.4 60.6 4.4 0.0
1 162.0 3.0 50.4 82.2 1.8 0.004
1 495.111111111 2.0 71.4 65.6 5.8 0.0
2 394.272727273 2.0 55.2 78.6 4.0 0.0
1 680.0 1.0 61.4 66.2 8.8 0.0
0 505.0 0.0 53.0 76.6 5.0 0.004
1 468.4 0.0 55.2 74.6 3.6 0.002
1 582.142857143 2.0 64.8 64.6 2.4 0.0
1 449.5 0.0 58.2 71.2 8.6 0.0
1 599.777777778 0.0 60.0 64.8 7.4 0.0
1 520.333333333 2.0 56.2 69.6 4.2 0.0
0 332.5 0.0 64.8 68.8 7.6 0.0
1 526.666666667 0.0 54.6 71.4 10.2 0.23
3 1074.4 1.0 67.8 72.0 8.6 0.0
2 554.25 0.0 55.6 85.8 5.0 0.006
1 437.583333333 2.0 56.4 79.2 4.6 0.208
3 646.428571429 2.0 60.4 62.6 4.4 0.0
1 501.2 2.0 53.0 69.0 5.0 0.0
0 516.0 2.0 57.4 81.8 4.0 0.0
0 488.0 3.0 48.8 71.8 3.8 0.0
0 221.0 2.0 56.0 85.8 3.4 0.184
2 388.428571429 2.0 62.0 46.6 8.4 0.0
2 804.666666667 0.0 65.2 58.0 5.2 0.0
1 736.5 0.0 53.8 84.8 3.0 0.0
0 226.0 2.0 53.8 70.8 1.2 0.0
2 450.875 2.0 62.8 51.0 3.2 0.0
2 440.785714286 0.0 73.0 42.8 5.2 0.0
3 551.0 0.0 66.6 64.0 3.6 0.0
3 551.0 0.0 59.6 71.2 8.4 0.0
1 1801.0 0.0 59.6 63.6 2.0 0.0
2 518.5 0.0 58.4 71.0 2.2 0.0
2 387.125 0.0 49.2 58.0 1.6 0.0
1 595.833333333 0.0 62.4 55.4 5.8 0.0
2 432.571428571 0.0 60.0 72.0 5.0 0.0
1 349.25 2.0 55.8 67.0 1.8 0.0
2 385.0 2.0 57.6 65.8 9.6 0.0
2 1133.16666667 0.0 70.0 48.0 5.2 0.0
1 491.1 2.0 62.8 61.0 6.2 0.0
0 411.333333333 2.0 71.4 65.6 5.8 0.0
0 205.0 0.0 56.0 61.0 4.4 0.0
3 352.0 3.0 46.0 67.0 4.0 0.0
1 571.0 0.0 46.4 51.4 13.6 0.0
1 392.090909091 2.0 60.6 68.2 3.8 0.0
2 520.375 0.0 51.4 71.6 3.0 0.0
3 697.5 1.0 70.2 73.6 8.4 0.0
3 1911.66666667 2.0 65.4 76.0 6.2 0.32
1 388.142857143 2.0 63.4 62.4 4.0 0.0
2 524.5 2.0 56.0 71.0 13.0 0.0
2 635.0 1.0 67.6 75.4 7.2 0.0
3 469.0 2.0 60.0 81.0 4.0 0.01
2 621.071428571 1.0 68.8 70.2 7.2 0.0
0 357.0 2.0 54.6 59.4 5.2 0.0
1 655.0 1.0 64.2 70.6 8.0 0.0
3 153.0 0.0 56.6 73.2 3.4 0.0
2 715.0 3.0 57.0 89.0 4.0 0.0
0 564.0 0.0 59.0 84.0 4.0 0.0
3 679.0 3.0 60.0 87.0 8.0 0.1
1 462.0 0.0 45.8 74.0 2.4 0.0
3 1198.0 0.0 59.4 66.8 7.6 0.0
2 375.3 2.0 59.6 78.8 3.6 0.004
1 416.571428571 0.0 55.4 74.8 4.8 0.0
1 634.0 1.0 68.6 66.4 7.4 0.0
0 313.0 2.0 61.8 59.2 5.2 0.0
2 17756.3333333 0.0 65.6 60.0 4.0 0.0
2 553.8 1.0 64.2 70.6 8.0 0.0
3 522.0 1.0 68.6 68.4 7.0 0.0
2 1059.0 2.0 59.2 73.8 4.2 0.0
0 391.0 0.0 56.4 45.6 2.4 0.0
2 501.875 0.0 57.4 67.2 5.6 0.0
0 501.5 1.0 64.2 70.6 8.0 0.0
2 5390.4 0.0 54.2 59.2 7.8 0.0
3 428.0 2.0 68.6 67.2 7.8 0.0
0 524.0 2.0 56.6 66.6 2.4 0.0
0 443.666666667 0.0 57.2 70.6 8.0 0.0
3 311.5 0.0 57.8 78.6 3.6 0.0
2 604.0 0.0 57.0 57.0 13.0 0.0
1 1305.6 0.0 66.0 66.0 5.0 0.0
2 450.6 1.0 68.6 70.4 7.0 0.0
1 371.25 0.0 63.0 68.0 4.8 0.0
3 330.0 0.0 63.2 62.4 6.4 0.0
3 518.0 0.0 52.8 67.2 3.2 0.0
1 669.3 0.0 62.4 62.8 4.4 0.0
2 587.875 0.0 60.4 78.8 7.2 0.0
1 710.090909091 0.0 56.0 53.4 8.0 0.0
0 505.666666667 1.0 66.2 62.2 7.6 0.0
1 329.333333333 0.0 48.8 60.2 4.6 0.0
0 393.5 1.0 67.4 68.4 8.6 0.0
2 803.5 2.0 66.0 64.0 9.6 0.0
1 810.0 0.0 58.0 68.0 11.0 0.0
3 337.0 0.0 53.4 81.8 4.6 0.004
2 993.25 3.0 48.2 69.2 1.0 0.0
2 623.8 1.0 67.2 69.8 9.4 0.004
1 472.428571429 0.0 50.0 60.8 1.2 0.0
0 407.75 2.0 65.4 73.2 5.2 0.0
0 462.0 0.0 52.0 74.2 2.6 0.0
2 552.375 2.0 55.4 68.6 3.6 0.0
1 465.333333333 2.0 62.6 64.8 4.4 0.0
3 352.0 0.0 60.8 67.4 6.6 0.0
2 418.357142857 2.0 56.2 69.6 4.2 0.0
1 485.444444444 1.0 63.2 65.0 7.2 0.0
1 407.0 1.0 68.0 30.0 8.0 0.0
2 619.066666667 2.0 65.2 72.2 3.2 0.002
0 451.5 0.0 61.6 42.8 10.6 0.0
1 478.5 0.0 52.4 69.2 1.2 0.0
3 328.333333333 2.0 68.0 56.0 7.0 0.0
1 598.272727273 0.0 57.8 47.8 6.8 0.0
0 249.0 2.0 53.4 63.6 3.2 0.0
3 651.0 1.0 69.6 56.8 6.8 0.0
1 520.333333333 1.0 66.8 72.4 7.2 0.0
2 634.416666667 0.0 53.4 52.6 2.2 0.0
1 548.4 0.0 57.6 83.4 3.0 0.0
3 735.0 0.0 67.4 59.0 6.8 0.0
0 306.0 3.0 49.6 70.2 3.2 0.0
1 611.142857143 0.0 57.8 68.0 9.0 0.0
3 282.0 0.0 56.0 73.0 7.0 0.036
3 478.666666667 2.0 62.0 53.0 11.0 0.0
2 534.083333333 2.0 67.8 68.6 4.0 0.0
2 424.0 3.0 49.6 70.2 3.2 0.0
3 352.0 0.0 50.6 85.6 7.2 0.458
1 518.076923077 2.0 55.4 68.6 3.6 0.0
3 2387.33333333 2.0 66.8 70.6 6.2 0.0
0 369.0 2.0 71.6 65.2 6.4 0.0
2 390.0 2.0 55.2 75.8 7.8 0.002
0 491.0 2.0 51.6 69.0 1.4 0.0
3 2262.5 0.0 56.0 61.0 4.4 0.0
0 320.0 0.0 50.0 75.2 4.8 0.0
1 312.571428571 3.0 49.6 70.2 3.2 0.0
3 707.5 0.0 55.6 81.2 3.2 0.0
1 961.130434783 2.0 62.0 60.2 11.8 0.0
0 572.0 0.0 54.0 72.0 4.4 0.0
1 521.0 2.0 61.4 68.4 4.2 0.0
1 329.0 0.0 63.2 62.2 5.6 0.0
1 5121.4 2.0 54.6 66.8 1.6 0.0
1 624.25 0.0 52.8 67.2 3.2 0.0
0 485.0 0.0 62.0 62.4 11.0 0.0
1 1484.77777778 2.0 69.2 53.0 4.8 0.0
1 460.0 1.0 65.0 63.2 6.2 0.0
3 558.0 0.0 61.4 55.0 10.0 0.0
3 597.0 2.0 61.0 68.0 6.0 0.0
1 518.272727273 0.0 58.2 62.0 6.8 0.0
0 542.666666667 0.0 51.4 77.6 9.6 0.268
2 633.0 1.0 67.8 72.0 8.6 0.0
2 656.8 0.0 67.2 36.4 7.4 0.0
1 614.333333333 2.0 64.8 74.6 9.0 0.106
2 555.625 1.0 63.0 73.0 10.0 0.0
0 415.0 0.0 63.8 72.2 7.8 0.0
2 455.666666667 0.0 57.4 71.2 5.6 0.0
0 290.0 0.0 56.2 80.4 3.6 0.0
1 513.0 3.0 57.0 76.6 12.4 1.982
1 487.0 0.0 55.4 72.2 8.0 0.132
1 348.0 1.0 68.0 69.8 7.2 0.0
2 931.0 1.0 62.0 71.0 9.0 0.0
3 844.4 2.0 70.6 73.4 6.6 0.002
3 539.5 0.0 57.8 47.8 6.8 0.0
3 722.5 0.0 54.6 71.4 10.2 0.23
0 562.0 0.0 54.0 68.6 5.8 0.0
0 482.333333333 0.0 55.2 73.8 2.0 0.0
3 440.5 0.0 56.6 71.0 8.2 0.01
3 3012.0 0.0 57.2 59.0 3.4 0.0
2 2140.11764706 1.0 68.4 65.0 6.0 0.0
1 389.857142857 2.0 61.0 84.6 6.6 0.088
0 432.5 0.0 64.8 46.8 8.4 0.0
3 522.0 2.0 66.0 67.0 7.0 0.0
3 593.0 0.0 58.0 70.0 8.0 0.0
2 2628.5 0.0 55.0 65.0 8.0 0.01
2 819.307692308 2.0 63.0 79.6 6.4 0.0
2 1806.5 0.0 60.2 72.8 2.4 0.0
1 414.666666667 2.0 63.4 76.6 6.2 0.35
2 305.0 0.0 53.4 70.4 7.4 0.0
0 549.0 2.0 59.8 85.6 5.8 0.194
0 412.5 2.0 55.8 67.0 1.8 0.0
1 462.888888889 0.0 61.0 56.4 6.0 0.0
1 303.5 1.0 62.2 65.6 6.4 0.0
2 383.454545455 3.0 51.4 61.8 1.2 0.0
1 588.857142857 1.0 75.2 63.0 6.4 0.0
3 554.0 0.0 56.8 47.4 11.6 0.0
2 494.909090909 2.0 70.6 65.6 4.4 0.0
1 554.142857143 0.0 56.0 63.0 7.0 0.0
1 453.142857143 2.0 55.2 52.2 3.6 0.0
1 532.333333333 0.0 57.8 78.6 3.6 0.0
1 895.0 0.0 57.4 81.4 8.6 0.296
2 395.8 2.0 54.0 55.0 5.0 0.0
2 477.166666667 0.0 58.0 68.4 9.0 0.0
0 512.5 0.0 59.8 67.2 8.2 0.0
3 672.0 0.0 53.8 76.8 3.4 0.0
1 508.0 2.0 70.6 65.6 4.4 0.0
3 655.0 2.0 55.4 66.0 6.0 0.0
2 530.625 0.0 56.6 71.0 8.2 0.01
3 536.0 0.0 58.2 65.2 4.4 0.0
1 390.75 2.0 66.8 70.0 6.8 0.0
2 446.5 1.0 62.0 68.4 8.0 0.0
2 627.444444444 0.0 59.4 47.4 4.0 0.0
0 514.0 0.0 66.4 57.6 5.6 0.0
1 408.909090909 0.0 54.6 52.0 3.4 0.0
3 446.75 1.0 70.8 58.2 8.2 0.0
1 1983.375 3.0 48.0 71.2 2.2 0.0
3 415.0 0.0 46.4 51.4 13.6 0.0
0 525.0 0.0 57.0 59.8 6.2 0.0
1 472.133333333 1.0 63.2 70.4 9.6 0.0
3 760.0 2.0 74.6 41.8 3.4 0.0
2 2425.5 1.0 65.6 69.8 8.6 0.0
0 462.0 3.0 52.6 82.2 3.0 0.172
1 392.666666667 0.0 55.2 76.8 8.4 0.22
0 523.0 0.0 52.0 68.2 4.6 0.02
2 372.0 0.0 59.0 71.8 8.2 0.0
2 462.25 2.0 58.0 68.0 4.0 0.0
2 576.75 0.0 54.6 80.0 2.4 0.0
0 346.5 2.0 69.0 32.0 6.6 0.0
3 257.333333333 1.0 68.6 70.4 7.0 0.0
1 428.8 2.0 68.4 65.0 4.8 0.0
2 503.888888889 2.0 65.4 46.8 3.6 0.0
2 276.8 0.0 60.0 69.2 13.0 0.0
1 759.571428571 0.0 57.4 71.2 5.6 0.0
2 817.777777778 2.0 65.0 64.6 9.6 0.0
2 1851.5 1.0 68.0 70.0 7.8 0.0
3 1473.5 2.0 52.2 73.6 3.2 0.0
2 785.6 2.0 62.0 60.2 11.8 0.0
2 573.769230769 2.0 66.0 67.0 7.0 0.0
3 688.0 2.0 54.8 63.2 2.4 0.0
2 585.4 0.0 55.0 80.0 8.0 0.0
0 63374.0 2.0 65.8 66.2 4.6 0.0
0 446.0 2.0 63.2 68.8 8.8 0.0
2 433.0 0.0 51.2 78.0 9.0 0.302
3 760.0 2.0 64.0 48.6 3.4 0.0
3 1052.0 0.0 75.4 35.6 5.2 0.0
2 525.285714286 0.0 58.8 75.6 6.4 0.004
1 416.5 0.0 56.0 66.6 5.4 0.022
1 594.5 0.0 57.2 74.2 7.8 0.19
1 374.5 2.0 66.0 74.0 21.0 0.0
0 383.666666667 0.0 58.4 50.0 4.4 0.0
1 537.0 2.0 65.6 74.6 4.4 0.0
1 495.0 2.0 69.2 72.8 5.2 0.0
3 505.4 0.0 54.0 84.4 3.6 0.0
1 424.857142857 1.0 66.2 73.2 7.8 0.0
2 592.4 1.0 66.6 73.2 7.4 0.0
1 486.666666667 0.0 47.6 69.0 2.0 0.0
